martin 0.024500907441016333 0.5686362358410126 0.013932103781948585
scorsese 0.03720508166969147 1.6989700043360187 0.06321031776567765
movie 0.009074410163339382 1.899629454882437 0.017238016831964038
family 0.0009074410163339383 0.11918640771920867 0.00010815463495390987
age 0.003629764065335753 0.11350927482751813 0.0004120118868512455
biography 0.009074410163339383 0.04575749056067514 0.0004152222373926964
skip 0.0009074410163339383 0.04575749056067514 4.152222373926964e-05
main 0.0009074410163339383 0.04575749056067514 4.152222373926964e-05
content 0.0009074410163339383 0.04575749056067514 4.152222373926964e-05
people 0.004537205081669692 0.04575749056067514 0.0002076111186963482
nostalgia 0.0027223230490018148 0.04575749056067514 0.00012456667121780893
celebrity 0.0027223230490018148 0.04575749056067514 0.00012456667121780893
history 0.004537205081669692 0.04575749056067514 0.0002076111186963482
culture 0.0027223230490018148 0.04575749056067514 0.00012456667121780893
crime 0.0027223230490018148 0.04575749056067514 0.00012456667121780893
scandal 0.0027223230490018148 0.04575749056067514 0.00012456667121780893
video 0.0027223230490018148 0.04575749056067514 0.00012456667121780893
contact 0.0027223230490018148 0.04575749056067514 0.00012456667121780893
u 0.0027223230490018148 0.04575749056067514 0.00012456667121780893
advertise 0.0018148820326678765 0.04575749056067514 8.304444747853928e-05
privacy 0.0027223230490018148 0.04575749056067514 0.00012456667121780893
notice 0.0018148820326678765 0.04575749056067514 8.304444747853928e-05
term 0.0018148820326678765 0.04575749056067514 8.304444747853928e-05
use 0.0027223230490018148 0.04575749056067514 0.00012456667121780893
copyright 0.0018148820326678765 0.04575749056067514 8.304444747853928e-05
policy 0.0018148820326678765 0.04575749056067514 8.304444747853928e-05
ad 0.0027223230490018148 0.04575749056067514 0.00012456667121780893
choice 0.0018148820326678765 0.04575749056067514 8.304444747853928e-05
accessibility 0.0018148820326678765 0.04575749056067514 8.304444747853928e-05
support 0.0018148820326678765 0.04575749056067514 8.304444747853928e-05
setting 0.0009074410163339383 0.04575749056067514 4.152222373926964e-05
february 0.0018148820326678765 0.04575749056067514 8.304444747853928e-05
subscribe 0.0018148820326678765 0.04575749056067514 8.304444747853928e-05
newsletter 0.0027223230490018148 0.04575749056067514 0.00012456667121780893
photo 0.0009074410163339383 0.12493873660829993 0.00011337453412731391
jon 0.0009074410163339383 1.3979400086720377 0.0012685481022432284
kopaloff 0.0009074410163339383 2.0 0.0018148820326678765
filmmagic 0.0009074410163339383 1.3010299956639813 0.0011806079815462624
quick 0.0009074410163339383 0.07058107428570728 6.404816178376341e-05
fact 0.0018148820326678765 0.14116214857141457 0.00025619264713505364
name 0.0027223230490018148 0.05551732784983141 0.00015113610122458642
birth 0.0018148820326678765 0.07058107428570728 0.00012809632356752682
date 0.003629764065335753 0.07058107428570728 0.00025619264713505364
november 0.0018148820326678765 0.24412514432750856 0.00044305833816244745
education 0.0009074410163339383 0.19382002601611284 0.00017588024139393178
new 0.0054446460980036296 0.14266750356873154 0.000776774066617413
york 0.004537205081669692 0.3467874862246563 0.0015734459447579688
university 0.0027223230490018148 0.2596373105057561 0.0007068166347706609
place 0.0009074410163339383 0.07572071393811834 6.871208161353752e-05
flushing 0.0018148820326678765 2.0 0.003629764065335753
full 0.0009074410163339383 0.3010299956639812 0.0002731669652123241
charles 0.0027223230490018148 0.8860566476931633 0.0024121324347363793
zodiac 0.0009074410163339383 0.3010299956639812 0.0002731669652123241
sign 0.0018148820326678765 0.05551732784983141 0.00010075740081639094
scorpio 0.0009074410163339383 1.0969100130080565 0.0009953811370309042
early 0.0018148820326678765 0.07572071393811834 0.00013742416322707504
life 0.004537205081669691 0.13679614097137055 0.0006206721459681058
music 0.004537205081669692 0.4559319556497244 0.00206865678606953
documentary 0.0054446460980036296 2.5228787452803374 0.013736181916226883
cite 0.0009074410163339383 0.07058107428570728 6.404816178376341e-05
page 0.0009074410163339383 0.07058107428570728 6.404816178376341e-05
publish 0.0009074410163339383 0.07058107428570728 6.404816178376341e-05
feb 0.0009074410163339383 1.0969100130080565 0.0009953811370309042
comment 0.0018148820326678765 0.07058107428570728 0.00012809632356752682
director 0.006352087114337568 2.0915149811213505 0.013285485361024913
produced 0.0018148820326678765 0.7958800173440752 0.00144442834363716
memorable 0.0009074410163339383 1.3010299956639813 0.0011806079815462624
film 0.021778584392014518 1.3233063903751334 0.028819739899276952
cinema 0.0027223230490018148 1.6989700043360187 0.004625145202366657
including 0.0009074410163339383 0.2365720064370627 0.00021467514195740715
taxi 0.003629764065335753 1.5228787452803376 0.005527690545482169
driver 0.004537205081669692 1.3979400086720377 0.006342740511216143
academy 0.0027223230490018148 0.6020599913279624 0.0016390017912739448
award 0.003629764065335753 1.216096420727265 0.004414143087939256
winning 0.0018148820326678765 0.4202164033831899 0.000762643200332468
departed 0.003629764065335753 1.5228787452803376 0.005527690545482169
known 0.0027223230490018148 0.06048074738138145 0.00016464813261719087
gritty 0.0018148820326678765 1.6989700043360187 0.0030834301349111047
meticulous 0.0009074410163339383 2.0 0.0018148820326678765
filmmaking 0.004537205081669692 1.6989700043360187 0.007708575337277763
style 0.0009074410163339383 0.8239087409443188 0.000747648585248928
widely 0.003629764065335753 1.1549019599857433 0.004192021633342081
considered 0.0018148820326678765 0.721246399047171 0.001308977130757116
one 0.009074410163339382 1.3819519032879073 0.012540398396441988
important 0.0018148820326678765 0.8860566476931633 0.0016080882898242526
time 0.0054446460980036296 0.1023729087095586 0.00055738425794678
passion 0.0018148820326678765 3.221848749616356 0.005847275407652189
started 0.0009074410163339383 0.6020599913279624 0.0005463339304246482
young 0.0009074410163339383 0.3010299956639812 0.0002731669652123241
year 0.007259528130671506 0.24995468798823245 0.0018145530888437926
old 0.003629764065335753 0.28399665636520083 0.0010308408579499122
pint 0.0009074410163339383 2.0 0.0018148820326678765
sized 0.0009074410163339383 1.6989700043360187 0.0015417150674555524
filmmaker 0.0009074410163339383 1.6989700043360187 0.0015417150674555524
completed 0.0027223230490018148 1.1549019599857433 0.0031440162250065606
first 0.0054446460980036296 0.0655015487564323 0.00035663275184990363
feature 0.0054446460980036296 1.6989700043360187 0.009250290404733314
length 0.0018148820326678765 1.2218487496163564 0.002217511342316436
knocking 0.003629764065335753 2.0 0.007259528130671506
door 0.004537205081669692 1.2218487496163564 0.005543778355791091
released 0.0018148820326678765 0.3010299956639812 0.0005463339304246482
nearly 0.0009074410163339383 0.721246399047171 0.000654488565378558
later 0.004537205081669692 0.09151498112135023 0.0004152222373926962
skyrocketed 0.0009074410163339383 1.6989700043360187 0.0015417150674555524
fame 0.0018148820326678765 0.48148606012211254 0.000873840399495667
raw 0.0009074410163339383 1.6989700043360187 0.0015417150674555524
formula 0.0009074410163339383 1.6989700043360187 0.0015417150674555524
storytelling 0.0009074410163339383 1.3979400086720377 0.0012685481022432284
proved 0.0009074410163339383 0.8860566476931633 0.0008040441449121263
fluke 0.0009074410163339383 2.0 0.0018148820326678765
lengthy 0.0009074410163339383 1.045757490560675 0.0009489632400732078
string 0.0009074410163339383 1.1549019599857433 0.0010480054083355202
success 0.0027223230490018148 1.9546770212133426 0.005321262308203292
included 0.0027223230490018148 0.48148606012211254 0.0013107605992435005
xa 0.008166969147005444 0.17392519729917358 0.0014204417202291853
raging 0.003629764065335753 1.6989700043360187 0.006166860269822209
bull 0.003629764065335753 1.6989700043360187 0.006166860269822209
goodfellas 0.0027223230490018148 2.0 0.0054446460980036296
hugo 0.0027223230490018148 2.0 0.0054446460980036296
irishman 0.0027223230490018148 2.0 0.0054446460980036296
born 0.0027223230490018148 0.09151498112135023 0.0002491333424356177
raised 0.0018148820326678765 0.585026652029182 0.0010617543593996043
italian 0.0027223230490018148 1.3010299956639813 0.0035418239446387873
american 0.004537205081669691 0.6552148773673394 0.002972844271176676
parent 0.0027223230490018148 0.4559319556497244 0.0012411940716417179
little 0.0018148820326678765 0.6989700043360189 0.0012685481022432284
italy 0.0009074410163339383 1.3010299956639813 0.0011806079815462624
district 0.0009074410163339383 0.721246399047171 0.000654488565378558
manhattan 0.0009074410163339383 1.1549019599857433 0.0010480054083355202
remembered 0.0009074410163339383 1.0 0.0009074410163339383
neighborhood 0.0009074410163339383 0.7958800173440752 0.00072221417181858
like 0.0027223230490018148 0.2365720064370627 0.0006440254258722215
village 0.0009074410163339383 1.6989700043360187 0.0015417150674555524
sicily 0.0009074410163339383 1.5228787452803376 0.0013819226363705423
catherine 0.0009074410163339383 1.2218487496163564 0.001108755671158218
worked 0.0027223230490018148 0.3098039199714864 0.000843386352009491
part 0.003629764065335753 0.3372421683184259 0.001224109503878134
actor 0.0054446460980036296 1.9913998282380825 0.010842467304381573
helping 0.0009074410163339383 0.958607314841775 0.0008698795960451678
set 0.0018148820326678765 0.494850021680094 0.0008980944132125117
stage 0.0009074410163339383 0.721246399047171 0.000654488565378558
son 0.0009074410163339383 0.28399665636520083 0.00025771021448747804
love 0.0018148820326678765 0.5086383061657272 0.0009231185229868008
afflicted 0.0009074410163339383 2.0 0.0018148820326678765
severe 0.0009074410163339383 1.045757490560675 0.0009489632400732078
asthma 0.0009074410163339383 1.6989700043360187 0.0015417150674555524
childhood 0.0009074410163339383 0.6020599913279624 0.0005463339304246482
activity 0.0009074410163339383 1.0969100130080565 0.0009953811370309042
limited 0.0009074410163339383 0.9208187539523752 0.000835588705945894
rather 0.0009074410163339383 1.2218487496163564 0.001108755671158218
play 0.0009074410163339383 0.7958800173440752 0.00072221417181858
sport 0.0009074410163339383 1.0 0.0009074410163339383
spent 0.0009074410163339383 0.48148606012211254 0.0004369201997478335
much 0.0009074410163339383 0.37675070960209955 0.00034187904682586167
front 0.0009074410163339383 1.0969100130080565 0.0009953811370309042
television 0.0027223230490018148 0.04575749056067514 0.00012456667121780893
theater 0.0009074410163339383 1.045757490560675 0.0009489632400732078
fell 0.0009074410163339383 0.8860566476931633 0.0008040441449121263
especially 0.0009074410163339383 1.0 0.0009074410163339383
story 0.003629764065335753 0.05551732784983141 0.00020151480163278188
experience 0.0009074410163339383 0.619788758288394 0.0005624217407335699
michael 0.0009074410163339383 0.494850021680094 0.00044904720660625587
powell 0.0009074410163339383 1.5228787452803376 0.0013819226363705423
already 0.0009074410163339383 1.0 0.0009074410163339383
drawing 0.0009074410163339383 1.0969100130080565 0.0009953811370309042
storyboards 0.0009074410163339383 2.0 0.0018148820326678765
often 0.0009074410163339383 0.5376020021010439 0.0004878421071697313
complete 0.0009074410163339383 0.9208187539523752 0.000835588705945894
line 0.0009074410163339383 0.853871964321762 0.000774838443123196
directed 0.003629764065335753 1.0969100130080565 0.003981524548123617
devout 0.0009074410163339383 1.5228787452803376 0.0013819226363705423
catholic 0.0009074410163339383 1.2218487496163564 0.001108755671158218
even 0.0018148820326678765 0.3665315444204135 0.0006652115143746162
entertained 0.0009074410163339383 1.6989700043360187 0.0015417150674555524
idea 0.0009074410163339383 0.8239087409443188 0.000747648585248928
entering 0.0009074410163339383 1.045757490560675 0.0009489632400732078
priesthood 0.0009074410163339383 2.0 0.0018148820326678765
deciding 0.0009074410163339383 2.0 0.0018148820326678765
pursue 0.0009074410163339383 0.8860566476931633 0.0008040441449121263
instead 0.0009074410163339383 0.7447274948966939 0.0006757962748608837
although 0.004537205081669692 0.431798275933005 0.001959157331819442
get 0.0009074410163339383 0.44369749923271273 0.0004026293096485596
mania 0.0009074410163339383 2.0 0.0018148820326678765
felt 0.0009074410163339383 0.6020599913279624 0.0005463339304246482
headed 0.0018148820326678765 0.958607314841775 0.0017397591920903356
right 0.0018148820326678765 0.07058107428570728 0.00012809632356752682
direction 0.0027223230490018148 1.1549019599857433 0.0031440162250065606
minute 0.0009074410163339383 1.0 0.0009074410163339383
comedy 0.0009074410163339383 1.045757490560675 0.0009489632400732078
short 0.0009074410163339383 0.8239087409443188 0.000747648585248928
earned 0.0009074410163339383 0.40893539297350084 0.00037108474861479205
scholarship 0.0009074410163339383 1.2218487496163564 0.001108755671158218
completing 0.0009074410163339383 1.3979400086720377 0.0012685481022432284
mfa 0.0009074410163339383 2.0 0.0018148820326678765
directing 0.0027223230490018148 1.5228787452803376 0.004145767909111627
nyu 0.0009074410163339383 2.0 0.0018148820326678765
briefly 0.0009074410163339383 1.0 0.0009074410163339383
instructor 0.0009074410163339383 2.0 0.0018148820326678765
student 0.0009074410163339383 0.853871964321762 0.000774838443123196
jonathan 0.0009074410163339383 1.2218487496163564 0.001108755671158218
kaplan 0.0009074410163339383 2.0 0.0018148820326678765
oliver 0.0027223230490018148 1.3979400086720377 0.003805644306729685
stone 0.003629764065335753 2.795880017344075 0.010148384817945826
working 0.0009074410163339383 0.35654732351381263 0.0003235456656205196
project 0.0027223230490018148 2.09151498112135 0.005693779440439247
met 0.0009074410163339383 0.44369749923271273 0.0004026293096485596
harvey 0.0009074410163339383 1.3979400086720377 0.0012685481022432284
keitel 0.0018148820326678765 2.0 0.003629764065335753
would 0.0018148820326678765 0.2291479883578558 0.00041587656689266023
go 0.0018148820326678765 0.494850021680094 0.0008980944132125117
cast 0.0009074410163339383 1.045757490560675 0.0009489632400732078
many 0.0027223230490018148 0.28399665636520083 0.0007731306434624342
future 0.0009074410163339383 0.721246399047171 0.000654488565378558
well 0.0009074410163339383 0.20065945054641826 0.0001820866157408514
thelma 0.0009074410163339383 2.0 0.0018148820326678765
schoonmaker 0.0009074410163339383 2.0 0.0018148820326678765
editor 0.0027223230490018148 1.1481303992702336 0.0031255818491930133
collaborate 0.0009074410163339383 2.0 0.0018148820326678765
mean 0.0027223230490018148 1.2218487496163564 0.003326267013474654
street 0.004537205081669691 2.1249387366083 0.009641282833975952
acknowledged 0.0009074410163339383 1.2218487496163564 0.001108755671158218
masterpiece 0.0018148820326678765 1.6989700043360187 0.0030834301349111047
revisiting 0.0009074410163339383 2.0 0.0018148820326678765
character 0.0018148820326678765 1.3979400086720377 0.002537096204486457
showcased 0.0009074410163339383 1.3979400086720377 0.0012685481022432284
element 0.0009074410163339383 1.3010299956639813 0.0011806079815462624
since 0.0018148820326678765 0.3372421683184259 0.000612054751939067
become 0.0027223230490018148 0.3372421683184259 0.0009180821279086005
trademark 0.0018148820326678765 0.04575749056067514 8.304444747853928e-05
dark 0.0009074410163339383 1.3979400086720377 0.0012685481022432284
theme 0.0009074410163339383 1.1549019599857433 0.0010480054083355202
unsympathetic 0.0009074410163339383 2.0 0.0018148820326678765
lead 0.0027223230490018148 0.5228787452803376 0.001423444860109812
religion 0.0009074410163339383 1.045757490560675 0.0009489632400732078
mafia 0.0018148820326678765 2.0 0.003629764065335753
unusual 0.0009074410163339383 1.3979400086720377 0.0012685481022432284
camera 0.0009074410163339383 1.6989700043360187 0.0015417150674555524
technique 0.0009074410163339383 1.2218487496163564 0.001108755671158218
contemporary 0.0009074410163339383 0.7958800173440752 0.00072221417181858
also 0.003629764065335753 0.0861861476162833 0.0003128353815473078
introduced 0.0009074410163339383 0.9208187539523752 0.000835588705945894
robert 0.0009074410163339383 0.5528419686577808 0.0005016714779108719
de 0.0054446460980036296 0.958607314841775 0.005219277576271007
niro 0.004537205081669692 1.6989700043360187 0.007708575337277763
sparking 0.0027223230490018148 1.1549019599857433 0.0031440162250065606
dynamic 0.0018148820326678765 1.6989700043360187 0.0030834301349111047
partnership 0.0018148820326678765 3.154901959985743 0.0057257748820067934
hollywood 0.0009074410163339383 0.7958800173440752 0.00072221417181858
course 0.0009074410163339383 0.853871964321762 0.000774838443123196
hard 0.0009074410163339383 0.638272163982407 0.0005791943411818575
hitting 0.0009074410163339383 1.3979400086720377 0.0012685481022432284
helped 0.0018148820326678765 0.3372421683184259 0.000612054751939067
define 0.0009074410163339383 1.5228787452803376 0.0013819226363705423
generation 0.0009074410163339383 1.0 0.0009074410163339383
palme 0.0009074410163339383 2.0 0.0018148820326678765
cannes 0.0009074410163339383 2.0 0.0018148820326678765
festival 0.0009074410163339383 1.045757490560675 0.0009489632400732078
fixed 0.0009074410163339383 2.0 0.0018148820326678765
status 0.0009074410163339383 0.8860566476931633 0.0008040441449121263
legend 0.0009074410163339383 0.5686362358410126 0.0005160038437758735
apparently 0.0009074410163339383 1.6989700043360187 0.0015417150674555524
inspired 0.0009074410163339383 0.6989700043360189 0.0006342740511216142
unstable 0.0009074410163339383 2.0 0.0018148820326678765
john 0.0009074410163339383 0.37675070960209955 0.00034187904682586167
hinckley 0.0009074410163339383 2.0 0.0018148820326678765
attempt 0.0009074410163339383 0.7447274948966939 0.0006757962748608837
assassinate 0.0009074410163339383 1.6989700043360187 0.0015417150674555524
president 0.0018148820326678765 0.16749108729376372 0.00030397656496145866
ronald 0.0009074410163339383 1.0 0.0009074410163339383
reagan 0.0009074410163339383 1.045757490560675 0.0009489632400732078
five 0.0009074410163339383 0.48148606012211254 0.0004369201997478335
never 0.0009074410163339383 0.431798275933005 0.0003918314663638884
thought 0.0018148820326678765 1.9507819773298185 0.0035404391603082006
million 0.0018148820326678765 0.5228787452803376 0.000948963240073208
connection 0.0009074410163339383 1.5228787452803376 0.0013819226363705423
recalled 0.0009074410163339383 1.3010299956639813 0.0011806079815462624
turned 0.0009074410163339383 0.638272163982407 0.0005791943411818575
limo 0.0009074410163339383 2.0 0.0018148820326678765
fbi 0.0009074410163339383 1.0 0.0009074410163339383
struck 0.0009074410163339383 0.9208187539523752 0.000835588705945894
gold 0.0009074410163339383 0.853871964321762 0.000774838443123196
together 0.0009074410163339383 0.431798275933005 0.0003918314663638884
picture 0.0018148820326678765 0.9208187539523752 0.001671177411891788
based 0.0027223230490018148 0.619788758288394 0.0016872652222007095
troubled 0.0009074410163339383 1.1549019599857433 0.0010480054083355202
boxer 0.0009074410163339383 1.1549019599857433 0.0010480054083355202
jake 0.0009074410163339383 1.6989700043360187 0.0015417150674555524
lamotta 0.0009074410163339383 2.0 0.0018148820326678765
expecting 0.0009074410163339383 1.5228787452803376 0.0013819226363705423
last 0.004537205081669692 0.0655015487564323 0.0002971939598749197
decided 0.0009074410163339383 0.494850021680094 0.00044904720660625587
pull 0.0009074410163339383 1.3979400086720377 0.0012685481022432284
stop 0.0009074410163339383 1.5228787452803376 0.0013819226363705423
find 0.0009074410163339383 0.7958800173440752 0.00072221417181858
career 0.0009074410163339383 0.17392519729917358 0.00015782685780324282
initial 0.0009074410163339383 0.8239087409443188 0.000747648585248928
reaction 0.0009074410163339383 2.0 0.0018148820326678765
mixed 0.0009074410163339383 1.0969100130080565 0.0009953811370309042
due 0.0018148820326678765 0.6777807052660807 0.0012300920240763714
violent 0.0009074410163339383 0.958607314841775 0.0008698795960451678
nature 0.0009074410163339383 1.3010299956639813 0.0011806079815462624
greatest 0.0018148820326678765 0.6777807052660807 0.0012300920240763714
read 0.0009074410163339383 0.0655015487564323 5.9438791974983935e-05
next 0.0009074410163339383 0.07058107428570728 6.404816178376341e-05
bella 0.0009074410163339383 0.0655015487564323 5.9438791974983935e-05
hadid 0.0009074410163339383 0.0655015487564323 5.9438791974983935e-05
sadie 0.0009074410163339383 0.06048074738138145 5.488271087239696e-05
alexander 0.0009074410163339383 0.05551732784983141 5.037870040819547e-05
adrienne 0.0009074410163339383 0.0655015487564323 5.9438791974983935e-05
kennedy 0.0009074410163339383 0.06048074738138145 5.488271087239696e-05
abandoning 0.0009074410163339383 2.0 0.0018148820326678765
leaving 0.0009074410163339383 0.5686362358410126 0.0005160038437758735
industry 0.0018148820326678765 0.7958800173440752 0.00144442834363716
continued 0.0009074410163339383 0.3372421683184259 0.0003060273759695335
make 0.0027223230490018148 0.3872161432802645 0.0010541274317974532
huge 0.0018148820326678765 1.2218487496163564 0.002217511342316436
box 0.0027223230490018148 1.1549019599857433 0.0031440162250065606
office 0.0018148820326678765 0.31875876262441283 0.0005785095510424915
color 0.0009074410163339383 1.0969100130080565 0.0009953811370309042
money 0.0009074410163339383 0.6575773191777938 0.0005967126308328438
casino 0.0018148820326678765 2.0 0.003629764065335753
saw 0.0009074410163339383 0.6989700043360189 0.0006342740511216142
release 0.0009074410163339383 0.5686362358410126 0.0005160038437758735
two 0.003629764065335753 0.11918640771920867 0.00043261853981563947
former 0.0009074410163339383 0.27572413039921095 0.0002502033851172513
gangster 0.0018148820326678765 4.0 0.007259528130671506
henry 0.0009074410163339383 1.0969100130080565 0.0009953811370309042
hill 0.0009074410163339383 0.8860566476931633 0.0008040441449121263
rise 0.0009074410163339383 1.0 0.0009074410163339383
fall 0.0009074410163339383 0.7695510786217261 0.0006983222129053776
gambling 0.0009074410163339383 2.0 0.0018148820326678765
underworld 0.0009074410163339383 2.0 0.0018148820326678765
joked 0.0009074410163339383 1.2218487496163564 0.001108755671158218
another 0.0027223230490018148 0.40893539297350084 0.001113254245844376
said 0.0018148820326678765 0.2518119729937996 0.0004570090253970954
belief 0.0009074410163339383 1.3979400086720377 0.0012685481022432284
thing 0.0009074410163339383 0.7447274948966939 0.0006757962748608837
pointless 0.0009074410163339383 2.0 0.0018148820326678765
violence 0.0009074410163339383 0.8239087409443188 0.000747648585248928
screen 0.003629764065335753 1.0969100130080565 0.003981524548123617
deep 0.0009074410163339383 0.8860566476931633 0.0008040441449121263
want 0.0009074410163339383 0.585026652029182 0.0005308771796998022
think 0.0009074410163339383 0.585026652029182 0.0005308771796998022
really 0.0009074410163339383 0.721246399047171 0.000654488565378558
good 0.0009074410163339383 0.585026652029182 0.0005308771796998022
reality 0.0009074410163339383 1.0 0.0009074410163339383
outweighs 0.0009074410163339383 1.6989700043360187 0.0015417150674555524
waltz 0.0027223230490018148 2.0 0.0054446460980036296
express 0.0009074410163339383 1.3979400086720377 0.0012685481022432284
print 0.0009074410163339383 2.0 0.0018148820326678765
revealed 0.0009074410163339383 0.5086383061657272 0.0004615592614934004
wildest 0.0009074410163339383 1.5228787452803376 0.0013819226363705423
dream 0.0009074410163339383 0.8860566476931633 0.0008040441449121263
write 0.0009074410163339383 1.045757490560675 0.0009489632400732078
seems 0.0009074410163339383 1.6989700043360187 0.0015417150674555524
unlikely 0.0009074410163339383 1.6989700043360187 0.0015417150674555524
rock 0.0009074410163339383 0.721246399047171 0.000654488565378558
star 0.0009074410163339383 0.32790214206428253 0.00029755185305288794
conduct 0.0009074410163339383 1.0969100130080565 0.0009953811370309042
orchestra 0.0009074410163339383 2.0 0.0018148820326678765
talent 0.0009074410163339383 1.0 0.0009074410163339383
mark 0.0009074410163339383 0.958607314841775 0.0008698795960451678
made 0.0009074410163339383 0.1804560644581313 0.00016375323453550936
acclaimed 0.0018148820326678765 0.7958800173440752 0.00144442834363716
called 0.0027223230490018148 0.3010299956639812 0.0008195008956369724
showcasing 0.0009074410163339383 2.0 0.0018148820326678765
farewell 0.0009074410163339383 1.3979400086720377 0.0012685481022432284
performance 0.0018148820326678765 1.7721132953863266 0.0032161765796485053
band 0.0018148820326678765 0.9208187539523752 0.001671177411891788
guest 0.0009074410163339383 1.045757490560675 0.0009489632400732078
van 0.0027223230490018148 1.3010299956639813 0.0035418239446387873
morrison 0.0009074410163339383 1.1549019599857433 0.0010480054083355202
bob 0.0018148820326678765 1.045757490560675 0.0018979264801464155
dylan 0.0018148820326678765 2.0 0.003629764065335753
muddy 0.0009074410163339383 1.6989700043360187 0.0015417150674555524
water 0.0009074410163339383 1.6989700043360187 0.0015417150674555524
addition 0.0009074410163339383 0.6777807052660807 0.0006150460120381857
hailed 0.0009074410163339383 1.5228787452803376 0.0013819226363705423
concert 0.0018148820326678765 0.853871964321762 0.001549676886246392
spoofed 0.0009074410163339383 2.0 0.0018148820326678765
rob 0.0009074410163339383 1.6989700043360187 0.0015417150674555524
reiner 0.0009074410163339383 2.0 0.0018148820326678765
landmark 0.0009074410163339383 1.2218487496163564 0.001108755671158218
mockumentary 0.0009074410163339383 2.0 0.0018148820326678765
spinal 0.0009074410163339383 1.6989700043360187 0.0015417150674555524
tap 0.0009074410163339383 1.3979400086720377 0.0012685481022432284
blue 0.0018148820326678765 1.0 0.0018148820326678765
home 0.0018148820326678765 0.31875876262441283 0.0005785095510424915
shine 0.0018148820326678765 1.6989700043360187 0.0030834301349111047
light 0.0018148820326678765 0.9208187539523752 0.001671177411891788
turn 0.0009074410163339383 0.7958800173440752 0.00072221417181858
millennium 0.0009074410163339383 1.6989700043360187 0.0015417150674555524
renewed 0.0018148820326678765 1.3979400086720377 0.002537096204486457
exploration 0.0009074410163339383 1.5228787452803376 0.0013819226363705423
musical 0.0009074410163339383 0.48148606012211254 0.0004369201997478335
ambitious 0.0009074410163339383 1.1549019599857433 0.0010480054083355202
seven 0.0009074410163339383 0.619788758288394 0.0005624217407335699
series 0.0027223230490018148 0.37675070960209955 0.001025637140477585
accompanying 0.0009074410163339383 1.5228787452803376 0.0013819226363705423
grammys 0.0009074410163339383 1.3010299956639813 0.0011806079815462624
aired 0.0009074410163339383 1.2218487496163564 0.001108755671158218
pb 0.0009074410163339383 1.3979400086720377 0.0012685481022432284
master 0.0009074410163339383 1.6989700043360187 0.0015417150674555524
using 0.0009074410163339383 0.7958800173440752 0.00072221417181858
archive 0.0009074410163339383 1.0969100130080565 0.0009953811370309042
footage 0.0009074410163339383 1.5228787452803376 0.0013819226363705423
rolling 0.0009074410163339383 1.0969100130080565 0.0009953811370309042
leonardo 0.0018148820326678765 2.0 0.003629764065335753
dicaprio 0.003629764065335753 2.0 0.007259528130671506
aviator 0.0018148820326678765 2.0 0.003629764065335753
past 0.0009074410163339383 0.6989700043360189 0.0006342740511216142
decade 0.0009074410163339383 0.638272163982407 0.0005791943411818575
brought 0.0009074410163339383 0.619788758288394 0.0005624217407335699
vigor 0.0009074410163339383 2.0 0.0018148820326678765
offering 0.0009074410163339383 1.5228787452803376 0.0013819226363705423
became 0.0027223230490018148 0.07572071393811834 0.00020613624484061254
role 0.0009074410163339383 0.619788758288394 0.0005624217407335699
starring 0.0018148820326678765 0.8239087409443188 0.001495297170497856
gang 0.0009074410163339383 1.6989700043360187 0.0015417150674555524
best 0.0027223230490018148 0.13667713987954408 0.000372079328165728
oscar 0.0018148820326678765 0.9208187539523752 0.001671177411891788
shutter 0.0009074410163339383 1.6989700043360187 0.0015417150674555524
island 0.0009074410163339383 0.958607314841775 0.0008698795960451678
wolf 0.0018148820326678765 1.6989700043360187 0.0030834301349111047
wall 0.0018148820326678765 0.5528419686577808 0.0010033429558217438
drawn 0.0009074410163339383 1.1549019599857433 0.0010480054083355202
parallel 0.0009074410163339383 1.6989700043360187 0.0015417150674555524
pair 0.0009074410163339383 0.7958800173440752 0.00072221417181858
audience 0.0009074410163339383 1.1549019599857433 0.0010480054083355202
grateful 0.0009074410163339383 2.0 0.0018148820326678765
saved 0.0009074410163339383 1.5228787452803376 0.0013819226363705423
path 0.0009074410163339383 1.0 0.0009074410163339383
kind 0.0009074410163339383 0.7958800173440752 0.00072221417181858
wanted 0.0009074410163339383 0.5528419686577808 0.0005016714779108719
gained 0.0009074410163339383 0.853871964321762 0.000774838443123196
iconic 0.0009074410163339383 1.045757490560675 0.0009489632400732078
nomination 0.0018148820326678765 1.8096683018297086 0.003284334486079326
shot 0.0009074410163339383 0.958607314841775 0.0008698795960451678
fantasy 0.0018148820326678765 1.5228787452803376 0.0027638452727410845
adventure 0.0009074410163339383 1.6989700043360187 0.0015417150674555524
epic 0.0009074410163339383 1.6989700043360187 0.0015417150674555524
hit 0.003629764065335753 0.3665315444204135 0.0013304230287492324
beautifully 0.0009074410163339383 2.0 0.0018148820326678765
rendered 0.0009074410163339383 1.2218487496163564 0.001108755671158218
wowed 0.0009074410163339383 1.5228787452803376 0.0013819226363705423
critic 0.0009074410163339383 0.853871964321762 0.000774838443123196
garnering 0.0009074410163339383 1.5228787452803376 0.0013819226363705423
golden 0.0009074410163339383 1.2218487496163564 0.001108755671158218
globe 0.0009074410163339383 1.3979400086720377 0.0012685481022432284
followed 0.0009074410163339383 0.5528419686577808 0.0005016714779108719
historical 0.0009074410163339383 1.5228787452803376 0.0013819226363705423
drama 0.0009074410163339383 1.0 0.0009074410163339383
silence 0.0009074410163339383 1.3979400086720377 0.0012685481022432284
rekindled 0.0009074410163339383 2.0 0.0018148820326678765
along 0.0009074410163339383 0.4202164033831899 0.000381321600166234
collaborator 0.0009074410163339383 1.5228787452803376 0.0013819226363705423
joe 0.0009074410163339383 0.5228787452803376 0.000474481620036604
pesci 0.0009074410163339383 2.0 0.0018148820326678765
netflix 0.0018148820326678765 1.2218487496163564 0.002217511342316436
confession 0.0009074410163339383 1.6989700043360187 0.0015417150674555524
alleged 0.0009074410163339383 0.958607314841775 0.0008698795960451678
murder 0.0009074410163339383 0.853871964321762 0.000774838443123196
union 0.0009074410163339383 0.7447274948966939 0.0006757962748608837
bos 0.0009074410163339383 1.045757490560675 0.0009489632400732078
jimmy 0.0009074410163339383 1.045757490560675 0.0009489632400732078
hoffa 0.0009074410163339383 2.0 0.0018148820326678765
hitman 0.0009074410163339383 2.0 0.0018148820326678765
frank 0.0018148820326678765 0.853871964321762 0.001549676886246392
sheeran 0.0009074410163339383 1.6989700043360187 0.0015417150674555524
reportedly 0.0009074410163339383 0.721246399047171 0.000654488565378558
torpedoed 0.0009074410163339383 1.5228787452803376 0.0013819226363705423
budget 0.0009074410163339383 0.958607314841775 0.0008698795960451678
production 0.0009074410163339383 1.0 0.0009074410163339383
cost 0.0009074410163339383 1.1549019599857433 0.0010480054083355202
expensive 0.0009074410163339383 2.0 0.0018148820326678765
special 0.0009074410163339383 0.638272163982407 0.0005791943411818575
effect 0.0009074410163339383 1.3979400086720377 0.0012685481022432284
used 0.0009074410163339383 0.5086383061657272 0.0004615592614934004
final 0.0009074410163339383 0.6989700043360189 0.0006342740511216142
product 0.0009074410163339383 1.5228787452803376 0.0013819226363705423
praised 0.0009074410163339383 1.2218487496163564 0.001108755671158218
check 0.0009074410163339383 0.07058107428570728 6.404816178376341e-05
strive 0.0009074410163339383 0.07058107428570728 6.404816178376341e-05
accuracy 0.0009074410163339383 0.07058107428570728 6.404816178376341e-05
fairness 0.0009074410163339383 0.07058107428570728 6.404816178376341e-05
see 0.0018148820326678765 0.04575749056067514 8.304444747853928e-05
something 0.0009074410163339383 0.07058107428570728 6.404816178376341e-05
look 0.0009074410163339383 0.07058107428570728 6.404816178376341e-05
citation 0.0009074410163339383 0.07058107428570728 6.404816178376341e-05
information 0.0009074410163339383 0.07058107428570728 6.404816178376341e-05
article 0.0009074410163339383 0.07058107428570728 6.404816178376341e-05
title 0.0009074410163339383 0.07058107428570728 6.404816178376341e-05
author 0.0009074410163339383 0.06048074738138145 5.488271087239696e-05
com 0.0018148820326678765 0.06048074738138145 0.00010976542174479392
website 0.0018148820326678765 0.0655015487564323 0.00011887758394996787
url 0.0009074410163339383 0.07058107428570728 6.404816178376341e-05
access 0.0009074410163339383 0.07058107428570728 6.404816178376341e-05
publisher 0.0009074410163339383 0.07058107428570728 6.404816178376341e-05
e 0.0018148820326678765 0.04575749056067514 8.304444747853928e-05
network 0.0018148820326678765 0.04575749056067514 8.304444747853928e-05
updated 0.0009074410163339383 0.07058107428570728 6.404816178376341e-05
april 0.0018148820326678765 0.1549019599857432 0.00028112878400316367
original 0.0009074410163339383 0.0655015487564323 5.9438791974983935e-05
published 0.0009074410163339383 0.07058107428570728 6.404816178376341e-05
receive 0.0009074410163339383 0.05551732784983141 5.037870040819547e-05
shaped 0.0018148820326678765 0.05551732784983141 0.00010075740081639094
world 0.0009074410163339383 0.04575749056067514 4.152222373926964e-05
person 0.008166969147005444 0.05060999335508724 0.00041333025426114805
steve 0.0018148820326678765 1.0969100130080565 0.0019907622740618085
comedian 0.0009074410163339383 1.1549019599857433 0.0010480054083355202
writer 0.0018148820326678765 0.6989700043360189 0.0012685481022432284
found 0.0009074410163339383 0.3372421683184259 0.0003060273759695335
jerk 0.0009074410163339383 1.6989700043360187 0.0015417150674555524
shop 0.0009074410163339383 1.5228787452803376 0.0013819226363705423
horror 0.0009074410163339383 1.6989700043360187 0.0015417150674555524
father 0.0009074410163339383 0.14874165128092467 0.00013497427520955051
bride 0.0009074410163339383 1.5228787452803376 0.0013819226363705423
dean 0.0018148820326678765 0.958607314841775 0.0017397591920903356
singer 0.0018148820326678765 0.4202164033831899 0.000762643200332468
starred 0.0009074410163339383 0.7695510786217261 0.0006983222129053776
several 0.0009074410163339383 0.32790214206428253 0.00029755185305288794
jerry 0.0009074410163339383 1.1549019599857433 0.0010480054083355202
lewis 0.0009074410163339383 0.8860566476931633 0.0008040441449121263
belonged 0.0009074410163339383 1.3979400086720377 0.0012685481022432284
rat 0.0009074410163339383 1.3979400086720377 0.0012685481022432284
pack 0.0009074410163339383 1.1549019599857433 0.0010480054083355202
sinatra 0.0009074410163339383 1.3010299956639813 0.0011806079815462624
sammy 0.0009074410163339383 1.3010299956639813 0.0011806079815462624
davis 0.0009074410163339383 1.0969100130080565 0.0009953811370309042
jr 0.0009074410163339383 0.32790214206428253 0.00029755185305288794
luther 0.0018148820326678765 0.638272163982407 0.001158388682363715
german 0.0009074410163339383 1.045757490560675 0.0009489632400732078
monk 0.0009074410163339383 1.3979400086720377 0.0012685481022432284
forever 0.0009074410163339383 1.1549019599857433 0.0010480054083355202
changed 0.0009074410163339383 0.6989700043360189 0.0006342740511216142
christianity 0.0009074410163339383 1.5228787452803376 0.0013819226363705423
nailed 0.0009074410163339383 1.5228787452803376 0.0013819226363705423
thesis 0.0009074410163339383 1.5228787452803376 0.0013819226363705423
church 0.0009074410163339383 0.619788758288394 0.0005624217407335699
protestant 0.0009074410163339383 1.3010299956639813 0.0011806079815462624
reformation 0.0009074410163339383 1.5228787452803376 0.0013819226363705423
chris 0.0018148820326678765 1.045757490560675 0.0018979264801464155
guitarist 0.0009074410163339383 1.1549019599857433 0.0010480054083355202
pianist 0.0009074410163339383 1.0969100130080565 0.0009953811370309042
coldplay 0.0009074410163339383 1.6989700043360187 0.0015417150674555524
group 0.0009074410163339383 0.37675070960209955 0.00034187904682586167
multiple 0.0009074410163339383 0.721246399047171 0.000654488565378558
grammy 0.0009074410163339383 0.6575773191777938 0.0005967126308328438
song 0.0018148820326678765 1.337242168318426 0.0024269367846069434
paradise 0.0009074410163339383 1.3010299956639813 0.0011806079815462624
yellow 0.0009074410163339383 1.6989700043360187 0.0015417150674555524
viva 0.0009074410163339383 1.5228787452803376 0.0013819226363705423
la 0.0009074410163339383 1.0 0.0009074410163339383
vida 0.0009074410163339383 1.6989700043360187 0.0015417150674555524
buren 0.0018148820326678765 1.5228787452803376 0.0027638452727410845
eighth 0.0009074410163339383 1.2218487496163564 0.001108755671158218
united 0.0009074410163339383 0.18708664335714445 0.0001697700937905122
state 0.0009074410163339383 0.20065945054641826 0.0001820866157408514
shrewd 0.0009074410163339383 1.3979400086720377 0.0012685481022432284
dealing 0.0009074410163339383 1.2218487496163564 0.001108755671158218
laid 0.0009074410163339383 1.3979400086720377 0.0012685481022432284
foundation 0.0009074410163339383 1.3979400086720377 0.0012685481022432284
democratic 0.0009074410163339383 0.3872161432802645 0.0003513758105991511
party 0.0009074410163339383 0.3979400086720376 0.00036110708590929
modern 0.0009074410163339383 1.1549019599857433 0.0010480054083355202
political 0.0009074410163339383 0.3098039199714864 0.00028112878400316367
machine 0.0009074410163339383 1.3010299956639813 0.0011806079815462624
trayvon 0.0018148820326678765 1.3979400086720377 0.002537096204486457
unarmed 0.0009074410163339383 1.5228787452803376 0.0013819226363705423
killed 0.0009074410163339383 0.6989700043360189 0.0006342740511216142
george 0.0027223230490018148 0.4685210829577449 0.0012754657430791604
zimmerman 0.0009074410163339383 1.3979400086720377 0.0012685481022432284
national 0.0009074410163339383 0.3010299956639812 0.0002731669652123241
controversy 0.0009074410163339383 0.8239087409443188 0.000747648585248928
screenwriter 0.0009074410163339383 1.5228787452803376 0.0013819226363705423
platoon 0.0009074410163339383 2.0 0.0018148820326678765
scarface 0.0009074410163339383 1.6989700043360187 0.0015417150674555524
fourth 0.0009074410163339383 0.721246399047171 0.000654488565378558
july 0.0009074410163339383 0.37675070960209955 0.00034187904682586167
natural 0.0009074410163339383 1.1549019599857433 0.0010480054083355202
killer 0.0009074410163339383 1.5228787452803376 0.0013819226363705423
r 0.003629764065335753 0.5086383061657272 0.0018462370459736016
created 0.0009074410163339383 0.721246399047171 0.000654488565378558
ice 0.0009074410163339383 1.2218487496163564 0.001108755671158218
fire 0.0009074410163339383 0.958607314841775 0.0008698795960451678
basis 0.0009074410163339383 1.2218487496163564 0.001108755671158218
show 0.0009074410163339383 0.494850021680094 0.00044904720660625587
game 0.0009074410163339383 0.958607314841775 0.0008698795960451678
throne 0.0009074410163339383 1.6989700043360187 0.0015417150674555524
robison 0.0018148820326678765 1.5228787452803376 0.0027638452727410845
delany 0.0018148820326678765 1.5228787452803376 0.0027638452727410845
abolitionist 0.0009074410163339383 1.0969100130080565 0.0009953811370309042
physician 0.0009074410163339383 0.8239087409443188 0.000747648585248928
newspaper 0.0009074410163339383 1.0969100130080565 0.0009953811370309042
influential 0.0009074410163339383 0.6777807052660807 0.0006150460120381857
successful 0.0009074410163339383 0.4559319556497244 0.00041373135721390594
anti 0.0009074410163339383 0.721246399047171 0.000654488565378558
slavery 0.0009074410163339383 1.0 0.0009074410163339383
activist 0.0009074410163339383 1.0 0.0009074410163339383
th 0.0009074410163339383 0.2076083105017461 0.00018839229628107631
century 0.0009074410163339383 0.494850021680094 0.00044904720660625587
loading 0.0009074410163339383 0.04575749056067514 4.152222373926964e-05
logo 0.0009074410163339383 0.04575749056067514 4.152222373926964e-05
registered 0.0009074410163339383 0.04575749056067514 4.152222373926964e-05
llc 0.0009074410163339383 0.04575749056067514 4.152222373926964e-05
close 0.003629764065335753 0.04575749056067514 0.00016608889495707855
