elvis 0.0187207488299532 1.5228787452803376 0.028509430488867477
presley 0.044461778471138844 1.5228787452803376 0.06770989741106025
song 0.00546021840873635 1.337242168318426 0.007301634304390781
death 0.0093603744149766 0.2365720064370627 0.002214402556353161
daughter 0.0046801872074883 0.31875876262441283 0.0014918506831095766
biography 0.0078003120124804995 0.04575749056067514 0.0003569227032813974
skip 0.00078003120124805 0.04575749056067514 3.569227032813974e-05
main 0.00078003120124805 0.04575749056067514 3.569227032813974e-05
content 0.00078003120124805 0.04575749056067514 3.569227032813974e-05
people 0.0046801872074883 0.04575749056067514 0.00021415362196883843
nostalgia 0.00234009360374415 0.04575749056067514 0.00010707681098441922
celebrity 0.00546021840873635 0.04575749056067514 0.00024984589229697817
history 0.0031201248049922 0.04575749056067514 0.00014276908131255896
culture 0.0031201248049922 0.04575749056067514 0.00014276908131255896
crime 0.00234009360374415 0.04575749056067514 0.00010707681098441922
scandal 0.00234009360374415 0.04575749056067514 0.00010707681098441922
video 0.00234009360374415 0.04575749056067514 0.00010707681098441922
contact 0.00234009360374415 0.04575749056067514 0.00010707681098441922
u 0.0031201248049922 0.20065945054641832 0.0006260825290059854
advertise 0.0015600624024961 0.04575749056067514 7.138454065627948e-05
privacy 0.00234009360374415 0.04575749056067514 0.00010707681098441922
notice 0.00234009360374415 0.04575749056067514 0.00010707681098441922
term 0.0015600624024961 0.04575749056067514 7.138454065627948e-05
use 0.00234009360374415 0.04575749056067514 0.00010707681098441922
copyright 0.0015600624024961 0.04575749056067514 7.138454065627948e-05
policy 0.0015600624024961 0.04575749056067514 7.138454065627948e-05
ad 0.0015600624024961 0.04575749056067514 7.138454065627948e-05
choice 0.0015600624024961 0.04575749056067514 7.138454065627948e-05
accessibility 0.0015600624024961 0.04575749056067514 7.138454065627948e-05
support 0.0015600624024961 0.04575749056067514 7.138454065627948e-05
setting 0.00078003120124805 0.04575749056067514 3.569227032813974e-05
february 0.00078003120124805 0.04575749056067514 3.569227032813974e-05
subscribe 0.0015600624024961 0.04575749056067514 7.138454065627948e-05
newsletter 0.00234009360374415 0.04575749056067514 0.00010707681098441922
photo 0.00234009360374415 1.0457574905606752 0.0024471704147285694
michael 0.0015600624024961 0.494850021680094 0.0007719969136974946
ochs 0.00078003120124805 2.0 0.0015600624024961
archive 0.00078003120124805 1.6989700043360187 0.0013252496133666293
getty 0.00078003120124805 0.2291479883578558 0.00017874258062235243
image 0.0031201248049922 0.2218487496163564 0.0006921957866344974
quick 0.00078003120124805 0.07058107428570728 5.5055440160458104e-05
fact 0.0015600624024961 0.14116214857141457 0.00022022176064183242
name 0.00546021840873635 1.1012748184105063 0.0060132010365628276
birth 0.0015600624024961 0.07058107428570728 0.00011011088032091621
date 0.0039001560062402497 0.07058107428570728 0.0002752772008022905
january 0.0015600624024961 0.2676062401770315 0.00041748243397352806
august 0.0031201248049922 0.494850021680094 0.0015439938273949891
education 0.00078003120124805 0.19382002601611284 0.00015118566771927679
hume 0.0015600624024961 2.0 0.0031201248049922
high 0.0015600624024961 0.27572413039921095 0.00043014684929674096
school 0.0015600624024961 0.14874165128092467 0.00023204625784855644
place 0.0039001560062402497 0.07572071393811834 0.00029532259726255207
tupelo 0.0015600624024961 2.0 0.0031201248049922
mississippi 0.0015600624024961 1.1549019599857433 0.0018017191263428134
memphis 0.0039001560062402497 1.3010299956639813 0.005074219951887602
tennessee 0.00078003120124805 1.0 0.00078003120124805
nickname 0.00078003120124805 0.9208187539523752 0.0007182673587772038
king 0.00546021840873635 0.4685210829577449 0.002558227442046969
rock 0.0124804992199688 0.721246399047171 0.009001515120713524
n 0.0093603744149766 0.7695510786217261 0.0072032862273484505
roll 0.0109204368174727 1.0 0.0109204368174727
full 0.00078003120124805 0.3010299956639812 0.00023481278912947052
aaron 0.0015600624024961 1.5228787452803376 0.00237578587407229
graceland 0.00546021840873635 2.0 0.0109204368174727
cite 0.00078003120124805 0.07058107428570728 5.5055440160458104e-05
page 0.00078003120124805 0.07058107428570728 5.5055440160458104e-05
quote 0.00078003120124805 0.3872161432802645 0.0003020406733855417
fingerprint 0.00078003120124805 2.0 0.0015600624024961
like 0.0031201248049922 0.2365720064370627 0.0007381341854510537
value 0.00078003120124805 1.2218487496163564 0.0009530801479066742
leave 0.0015600624024961 0.6575773191777938 0.0010258616523834538
everything 0.00078003120124805 0.853871964321762 0.0006660467740419361
hard 0.00078003120124805 0.638272163982407 0.0004978722027943893
day 0.0015600624024961 0.2924298239020636 0.0004562087736381648
basic 0.00078003120124805 1.2218487496163564 0.0009530801479066742
training 0.00078003120124805 1.0969100130080565 0.0008556240351076884
could 0.0015600624024961 0.4202164033831899 0.0006555638118302495
eat 0.00078003120124805 2.0 0.0015600624024961
rattlesnake 0.00078003120124805 2.0 0.0015600624024961
ambition 0.00078003120124805 2.0 0.0015600624024961
dream 0.00234009360374415 0.8860566476931633 0.002073455493821755
v 0.00078003120124805 0.8860566476931633 0.0006911518312739184
engine 0.0015600624024961 2.0 0.0031201248049922
animal 0.00078003120124805 2.0 0.0015600624024961
hate 0.00078003120124805 1.0 0.00078003120124805
supposed 0.0015600624024961 1.2218487496163564 0.0019061602958133485
better 0.00078003120124805 0.638272163982407 0.0004978722027943893
thank 0.0015600624024961 1.3979400086720377 0.002180873648474318
much 0.00078003120124805 0.37675070960209955 0.00029387730858198094
thing 0.00078003120124805 0.6989700043360189 0.0005452184121185795
go 0.0015600624024961 1.6497519816658373 0.0025737160400403076
wrong 0.00078003120124805 1.045757490560675 0.0008157234715761896
truth 0.00078003120124805 0.9208187539523752 0.0007182673587772038
sun 0.0015600624024961 1.3010299956639813 0.002029687980755041
shut 0.00078003120124805 0.958607314841775 0.0007477436153211974
going 0.00078003120124805 0.6020599913279624 0.00046962557825894105
away 0.00078003120124805 0.5376020021010439 0.00041934633549223395
man 0.00234009360374415 0.37675070960209955 0.0008816319257459428
really 0.00078003120124805 0.721246399047171 0.0005625946950445953
vega 0.0031201248049922 1.3010299956639813 0.004059375961510082
child 0.00078003120124805 0.2924298239020636 0.0002281043868190824
lady 0.00078003120124805 1.3979400086720377 0.001090436824237159
gentleman 0.00078003120124805 2.0 0.0015600624024961
dreamer 0.00078003120124805 2.0 0.0015600624024961
read 0.0015600624024961 0.0655015487564323 0.0001021865035201752
comic 0.0015600624024961 1.6989700043360187 0.0026504992267332586
book 0.0015600624024961 1.306273051076353 0.002037867474378086
hero 0.0015600624024961 1.2218487496163564 0.0019061602958133485
saw 0.00078003120124805 0.6989700043360189 0.0005452184121185795
movie 0.0031201248049922 1.899629454882437 0.005927080982472503
every 0.00078003120124805 0.6575773191777938 0.0005129308261917269
ever 0.0015600624024961 0.6989700043360189 0.001090436824237159
come 0.00078003120124805 0.5528419686577808 0.00043123398491246555
true 0.00078003120124805 0.8239087409443188 0.0006426745249175653
hundred 0.00078003120124805 1.3979400086720377 0.001090436824237159
time 0.0031201248049922 0.4791236183116582 0.0014949254861518196
learned 0.00078003120124805 0.6989700043360189 0.0005452184121185795
early 0.0031201248049922 0.07572071393811834 0.00023625807781004163
without 0.0039001560062402497 0.7695510786217261 0.003001369261395188
would 0.0031201248049922 0.2291479883578558 0.0007149703224894097
never 0.00234009360374415 0.431798275933005 0.0010104483836185765
end 0.00078003120124805 0.44369749923271273 0.00034609789331724864
got 0.00078003120124805 0.5376020021010439 0.00041934633549223395
friend 0.00078003120124805 0.638272163982407 0.0004978722027943893
road 0.00078003120124805 0.853871964321762 0.0006660467740419361
bend 0.00078003120124805 1.3010299956639813 0.0010148439903775205
keep 0.00078003120124805 0.6575773191777938 0.0005129308261917269
singing 0.00078003120124805 1.1549019599857433 0.0009008595631714067
tap 0.00078003120124805 1.3979400086720377 0.001090436824237159
foot 0.00078003120124805 1.3010299956639813 0.0010148439903775205
snap 0.00078003120124805 1.6989700043360187 0.0013252496133666293
finger 0.00078003120124805 1.3010299956639813 0.0010148439903775205
sway 0.00078003120124805 1.5228787452803376 0.001187892937036145
back 0.0015600624024961 0.4202164033831899 0.0006555638118302495
forth 0.00078003120124805 1.3979400086720377 0.001090436824237159
sorta 0.00078003120124805 2.0 0.0015600624024961
together 0.0015600624024961 0.431798275933005 0.0006736322557457176
guess 0.00078003120124805 1.3010299956639813 0.0010148439903775205
tame 0.00078003120124805 2.0 0.0015600624024961
compared 0.00078003120124805 1.6989700043360187 0.0013252496133666293
kidding 0.00078003120124805 2.0 0.0015600624024961
anything 0.00078003120124805 0.9208187539523752 0.0007182673587772038
jiggle 0.00078003120124805 2.0 0.0015600624024961
publish 0.00078003120124805 0.07058107428570728 5.5055440160458104e-05
apr 0.00078003120124805 0.5528419686577808 0.00043123398491246555
comment 0.0015600624024961 0.07058107428570728 0.00011011088032091621
musician 0.0015600624024961 0.6575773191777938 0.0010258616523834538
actor 0.0015600624024961 0.4685210829577449 0.0007309221262991341
rose 0.0015600624024961 0.7447274948966939 0.0011618213648934383
fame 0.0046801872074883 0.48148606012211254 0.0022534448991674534
mid 0.00234009360374415 0.585026652029182 0.0013690171264333433
radio 0.0015600624024961 0.8860566476931633 0.0013823036625478368
tv 0.0015600624024961 0.5228787452803376 0.0008157234715761897
silver 0.0015600624024961 1.3010299956639813 0.002029687980755041
screen 0.0015600624024961 1.0969100130080565 0.0017112480702153768
one 0.0046801872074883 0.08092190762392613 0.000378729676867049
biggest 0.00234009360374415 1.045757490560675 0.0024471704147285686
came 0.00078003120124805 0.3010299956639812 0.00023481278912947052
humble 0.0015600624024961 1.3979400086720377 0.002180873648474318
beginning 0.0015600624024961 1.3979400086720377 0.002180873648474318
grew 0.0015600624024961 0.494850021680094 0.0007719969136974946
become 0.00234009360374415 0.3372421683184259 0.0007891782409947565
appeared 0.00234009360374415 0.721246399047171 0.0016877840851337856
television 0.0039001560062402497 0.04575749056067514 0.0001784613516406987
age 0.00234009360374415 0.11350927482751813 0.00026562232798951204
died 0.0031201248049922 0.31875876262441283 0.000994567122073051
heart 0.0015600624024961 0.5228787452803376 0.0008157234715761897
failure 0.0015600624024961 0.9208187539523752 0.0014365347175544075
related 0.00234009360374415 0.7695510786217261 0.0018008215568371126
drug 0.0046801872074883 1.6575773191777938 0.007757772164638661
addiction 0.00234009360374415 1.2218487496163564 0.002859240443720023
since 0.0015600624024961 0.3372421683184259 0.0005261188273298377
remained 0.00234009360374415 0.585026652029182 0.0013690171264333433
world 0.0039001560062402497 0.04575749056067514 0.0001784613516406987
popular 0.0031201248049922 0.4685210829577449 0.0014618442525982682
music 0.0070202808112324495 0.4559319556497244 0.003200770359475444
icon 0.0015600624024961 1.5228787452803376 0.00237578587407229
life 0.0046801872074883 0.13679614097137055 0.0006402315490079745
aron 0.00078003120124805 2.0 0.0015600624024961
born 0.00078003120124805 0.09151498112135023 7.138454065627944e-05
later 0.0039001560062402497 0.09151498112135023 0.00035692270328139717
changed 0.0015600624024961 0.6989700043360189 0.001090436824237159
spelling 0.00078003120124805 2.0 0.0015600624024961
middle 0.00078003120124805 0.585026652029182 0.00045633904214444776
biblical 0.00078003120124805 2.0 0.0015600624024961
form 0.00078003120124805 0.7447274948966939 0.0005809106824467192
twin 0.00078003120124805 1.2218487496163564 0.0009530801479066742
brother 0.00078003120124805 0.494850021680094 0.0003859984568487473
jesse 0.00078003120124805 1.2218487496163564 0.0009530801479066742
garon 0.00078003120124805 2.0 0.0015600624024961
sometimes 0.00078003120124805 0.958607314841775 0.0007477436153211974
spelled 0.00078003120124805 1.5228787452803376 0.001187892937036145
jessie 0.00078003120124805 2.0 0.0015600624024961
stillborn 0.00078003120124805 2.0 0.0015600624024961
raised 0.0015600624024961 0.585026652029182 0.0009126780842888955
loving 0.00078003120124805 1.3010299956639813 0.0010148439903775205
working 0.0015600624024961 0.35654732351381263 0.0005562360741245127
class 0.00078003120124805 0.44369749923271273 0.00034609789331724864
parent 0.00234009360374415 0.4559319556497244 0.0010669234531584814
family 0.00234009360374415 0.11918640771920867 0.0002789073503569626
little 0.00234009360374415 0.6989700043360189 0.0016356552363557383
money 0.00078003120124805 0.6575773191777938 0.0005129308261917269
moved 0.00078003120124805 0.3872161432802645 0.0003020406733855417
frequently 0.00078003120124805 1.3010299956639813 0.0010148439903775205
deeply 0.0015600624024961 1.0969100130080565 0.0017112480702153768
devoted 0.00078003120124805 1.0 0.00078003120124805
especially 0.0015600624024961 1.0 0.0015600624024961
mother 0.0031201248049922 0.21467016498923297 0.0006697977066746738
gladys 0.00234009360374415 1.6989700043360187 0.003975748840099888
strong 0.00078003120124805 0.7958800173440752 0.0006208112459782178
faith 0.00078003120124805 0.7958800173440752 0.0006208112459782178
god 0.0015600624024961 0.9208187539523752 0.0014365347175544075
attended 0.00078003120124805 0.5376020021010439 0.00041934633549223395
assembly 0.00078003120124805 0.8239087409443188 0.0006426745249175653
church 0.00078003120124805 0.619788758288394 0.00048345456964773325
gospel 0.0039001560062402497 0.958607314841775 0.0037387180766059866
became 0.00234009360374415 0.07572071393811834 0.00017719355835753124
important 0.0015600624024961 0.8860566476931633 0.0013823036625478368
influence 0.0015600624024961 1.8538719643217623 0.0028921559505799724
received 0.00234009360374415 0.28399665636520083 0.0006645787590449317
first 0.0093603744149766 0.0655015487564323 0.0006131190211210512
guitar 0.00078003120124805 1.0969100130080565 0.0008556240351076884
gift 0.00078003120124805 1.1549019599857433 0.0009008595631714067
th 0.0015600624024961 0.2076083105017461 0.0003238819196595103
birthday 0.0015600624024961 1.2218487496163564 0.0019061602958133485
taste 0.00078003120124805 1.6989700043360187 0.0013252496133666293
musical 0.0046801872074883 0.48148606012211254 0.0022534448991674534
success 0.00078003120124805 0.431798275933005 0.0003368161278728588
year 0.0070202808112324495 0.24995468798823245 0.0017547520997613824
talent 0.0015600624024961 1.853871964321762 0.002892155950579972
show 0.0015600624024961 1.1726307269461747 0.0018293771091203973
graduating 0.00078003120124805 0.5528419686577808 0.00043123398491246555
worked 0.0015600624024961 0.3098039199714864 0.0004833134476934265
number 0.0015600624024961 0.4685210829577449 0.0007309221262991341
job 0.00078003120124805 0.853871964321762 0.0006660467740419361
pursuing 0.00078003120124805 1.0969100130080565 0.0008556240351076884
cut 0.00078003120124805 0.958607314841775 0.0007477436153211974
demo 0.00078003120124805 2.0 0.0015600624024961
record 0.00234009360374415 1.193820026016113 0.0027936506069019804
known 0.0039001560062402497 0.06048074738138145 0.0002358843501613941
studio 0.00078003120124805 1.045757490560675 0.0008157234715761896
long 0.00078003120124805 0.4559319556497244 0.00035564115105282717
sam 0.00078003120124805 1.3010299956639813 0.0010148439903775205
phillips 0.00078003120124805 1.5228787452803376 0.001187892937036145
label 0.00078003120124805 0.958607314841775 0.0007477436153211974
owner 0.0015600624024961 1.3010299956639813 0.002029687980755041
decided 0.00078003120124805 0.494850021680094 0.0003859984568487473
take 0.00078003120124805 0.48148606012211254 0.0003755741498612422
young 0.0015600624024961 0.3010299956639812 0.00046962557825894105
performer 0.0031201248049922 2.3767507096020997 0.007415758844312324
wing 0.00078003120124805 1.3979400086720377 0.001090436824237159
soon 0.00234009360374415 0.40893539297350084 0.0009569470974418897
began 0.0015600624024961 0.20065945054641826 0.0003130412645029926
touring 0.00078003120124805 1.6989700043360187 0.0013252496133666293
recording 0.00234009360374415 2.1249387366083 0.004972555545885257
trying 0.00078003120124805 1.0 0.00078003120124805
catch 0.00078003120124805 1.6989700043360187 0.0013252496133666293
big 0.00078003120124805 0.5228787452803376 0.00040786173578809487
break 0.00078003120124805 0.8860566476931633 0.0006911518312739184
right 0.00234009360374415 0.07058107428570728 0.0001651663204813743
single 0.00234009360374415 1.585026652029182 0.003709110730177493
gallery 0.00234009360374415 1.0 0.00234009360374415
hit 0.0031201248049922 0.3665315444204135 0.0011436241635582325
heartbreak 0.0015600624024961 1.6989700043360187 0.0026504992267332586
hotel 0.0015600624024961 1.045757490560675 0.0016314469431523793
develop 0.00078003120124805 1.1549019599857433 0.0009008595631714067
following 0.00234009360374415 0.2518119729937996 0.000589263587348985
fan 0.0031201248049922 0.8239087409443188 0.0025706980996702614
drawn 0.00078003120124805 1.1549019599857433 0.0009008595631714067
unusual 0.00078003120124805 1.3979400086720377 0.001090436824237159
style 0.00078003120124805 0.8239087409443188 0.0006426745249175653
provocative 0.00078003120124805 2.0 0.0015600624024961
gyrating 0.00078003120124805 2.0 0.0015600624024961
hip 0.00078003120124805 1.6989700043360187 0.0013252496133666293
good 0.0015600624024961 0.585026652029182 0.0009126780842888955
look 0.0015600624024961 1.2924298239020637 0.0020162711761342648
signed 0.0015600624024961 0.494850021680094 0.0007719969136974946
rca 0.00078003120124805 2.0 0.0015600624024961
deal 0.00078003120124805 0.5528419686577808 0.00043123398491246555
manager 0.00078003120124805 0.9208187539523752 0.0007182673587772038
colonel 0.00078003120124805 1.6989700043360187 0.0013252496133666293
tom 0.00078003120124805 0.958607314841775 0.0007477436153211974
parker 0.00078003120124805 1.1549019599857433 0.0009008595631714067
scoring 0.00078003120124805 2.0 0.0015600624024961
well 0.0031201248049922 0.20065945054641826 0.0006260825290059852
album 0.0015600624024961 1.1214782044987934 0.0017495759820574002
signing 0.00078003120124805 1.045757490560675 0.0008157234715761896
contract 0.00078003120124805 0.9208187539523752 0.0007182673587772038
paramount 0.00078003120124805 2.0 0.0015600624024961
picture 0.0015600624024961 2.0 0.0031201248049922
despite 0.0015600624024961 0.4202164033831899 0.0006555638118302495
uproar 0.00078003120124805 2.0 0.0015600624024961
sexy 0.00078003120124805 1.3010299956639813 0.0010148439903775205
dance 0.00078003120124805 1.1549019599857433 0.0009008595631714067
move 0.00078003120124805 1.2218487496163564 0.0009530801479066742
caused 0.00078003120124805 0.8860566476931633 0.0006911518312739184
also 0.0039001560062402497 0.0861861476162833 0.00033613942128035614
guest 0.0015600624024961 1.045757490560675 0.0016314469431523793
variety 0.00078003120124805 1.045757490560675 0.0008157234715761896
military 0.00234009360374415 0.5528419686577808 0.0012937019547373965
service 0.00078003120124805 0.5086383061657272 0.00039675374895922565
everywhere 0.00078003120124805 1.6989700043360187 0.0013252496133666293
film 0.0039001560062402497 1.3233063903751334 0.005161101366517681
love 0.00234009360374415 0.5086383061657272 0.001190261246877677
tender 0.00078003120124805 2.0 0.0015600624024961
box 0.0015600624024961 1.1549019599857433 0.0018017191263428134
office 0.0015600624024961 0.31875876262441283 0.0004972835610365255
even 0.0015600624024961 0.3665315444204135 0.0005718120817791162
stint 0.00078003120124805 1.3010299956639813 0.0010148439903775205
put 0.00078003120124805 0.6777807052660807 0.0005286900977114514
damper 0.00078003120124805 2.0 0.0015600624024961
thriving 0.00078003120124805 1.3010299956639813 0.0010148439903775205
career 0.00234009360374415 0.17392519729917358 0.0004070012417297354
draft 0.00078003120124805 1.045757490560675 0.0008157234715761896
inducted 0.0031201248049922 1.045757490560675 0.0032628938863047585
army 0.0031201248049922 0.7695510786217261 0.00240109540911615
march 0.0015600624024961 0.27572413039921095 0.00043014684929674096
eventually 0.00078003120124805 0.3979400086720376 0.0003104056229891089
served 0.0015600624024961 0.2676062401770315 0.00041748243397352806
germany 0.0015600624024961 1.2218487496163564 0.0019061602958133485
half 0.00078003120124805 0.853871964321762 0.0006660467740419361
shortly 0.00078003120124805 0.585026652029182 0.00045633904214444776
left 0.00078003120124805 0.2924298239020636 0.0002281043868190824
europe 0.00078003120124805 1.2218487496163564 0.0009530801479066742
beloved 0.00078003120124805 1.045757490560675 0.0008157234715761896
granted 0.00078003120124805 0.958607314841775 0.0007477436153211974
returned 0.00234009360374415 0.5086383061657272 0.001190261246877677
funeral 0.00078003120124805 1.0969100130080565 0.0008556240351076884
saddened 0.00078003120124805 1.6989700043360187 0.0013252496133666293
duty 0.00078003120124805 0.958607314841775 0.0007477436153211974
spirit 0.00078003120124805 2.0 0.0015600624024961
lifted 0.00078003120124805 1.045757490560675 0.0008157234715761896
slightly 0.00078003120124805 1.5228787452803376 0.001187892937036145
met 0.00078003120124805 0.44369749923271273 0.00034609789331724864
teenager 0.00078003120124805 0.958607314841775 0.0007477436153211974
named 0.00078003120124805 0.494850021680094 0.0003859984568487473
priscilla 0.0078003120124804995 2.0 0.015600624024960999
beaulieu 0.00078003120124805 2.0 0.0015600624024961
pair 0.00078003120124805 0.7958800173440752 0.0006208112459782178
fell 0.00078003120124805 0.8860566476931633 0.0006911518312739184
married 0.00078003120124805 0.24412514432750856 0.00019042522958464007
may 0.00078003120124805 0.3098039199714864 0.00024165672384671326
la 0.00234009360374415 1.3010299956639813 0.0030445319711325616
nevada 0.00078003120124805 1.2218487496163564 0.0009530801479066742
soundtrack 0.00234009360374415 3.3979400086720375 0.007951497680199777
leaving 0.00078003120124805 0.5686362358410126 0.0004435540061162345
resumed 0.00078003120124805 1.3010299956639813 0.0010148439903775205
top 0.00078003120124805 0.48148606012211254 0.0003755741498612422
chart 0.00078003120124805 1.045757490560675 0.0008157234715761896
gi 0.00078003120124805 2.0 0.0015600624024961
blue 0.00234009360374415 1.8239087409443187 0.004268117178496846
continued 0.0015600624024961 0.3372421683184259 0.0005261188273298377
acting 0.00078003120124805 0.6777807052660807 0.0005286900977114514
hawaii 0.00078003120124805 1.0 0.00078003120124805
girl 0.0031201248049922 1.4948500216800942 0.00466411863238719
viva 0.00078003120124805 1.5228787452803376 0.001187892937036145
though 0.00234009360374415 0.3665315444204135 0.0008577181226686744
often 0.0015600624024961 0.5376020021010439 0.0008386926709844679
miss 0.00078003120124805 1.0969100130080565 0.0008556240351076884
critic 0.00078003120124805 0.853871964321762 0.0006660467740419361
audience 0.0015600624024961 1.1549019599857433 0.0018017191263428134
brought 0.00078003120124805 0.619788758288394 0.00048345456964773325
profit 0.00078003120124805 1.5228787452803376 0.001187892937036145
usually 0.00078003120124805 1.6989700043360187 0.0013252496133666293
sold 0.0015600624024961 0.8860566476931633 0.0013823036625478368
late 0.0015600624024961 0.3665315444204135 0.0005718120817791162
however 0.00078003120124805 0.32790214206428253 0.000255773901766211
enigmatic 0.0015600624024961 2.0 0.0031201248049922
losing 0.00078003120124805 1.1549019599857433 0.0009008595631714067
appeal 0.00078003120124805 0.958607314841775 0.0007477436153211974
proving 0.00078003120124805 2.0 0.0015600624024961
still 0.00078003120124805 0.431798275933005 0.0003368161278728588
recorded 0.00078003120124805 0.8860566476931633 0.0006911518312739184
special 0.0015600624024961 0.638272163982407 0.0009957444055887785
referred 0.00078003120124805 1.0 0.00078003120124805
comeback 0.00078003120124805 1.0969100130080565 0.0008556240351076884
wowed 0.00078003120124805 1.5228787452803376 0.001187892937036145
performance 0.0015600624024961 1.7721132953863266 0.0027646073250956736
showcased 0.00078003120124805 1.3979400086720377 0.001090436824237159
singer 0.0031201248049922 0.4202164033831899 0.001311127623660499
guitarist 0.00078003120124805 1.1549019599857433 0.0009008595631714067
divorce 0.00078003120124805 1.0 0.00078003120124805
around 0.00234009360374415 0.4559319556497244 0.0010669234531584814
personal 0.00234009360374415 0.3372421683184259 0.0007891782409947565
seemed 0.00078003120124805 0.9208187539523752 0.0007182673587772038
upswing 0.00078003120124805 2.0 0.0015600624024961
wed 0.00078003120124805 1.045757490560675 0.0008157234715761896
lisa 0.0046801872074883 1.6989700043360187 0.007951497680199777
marie 0.0046801872074883 2.0 0.0093603744149766
unfortunately 0.00078003120124805 1.2218487496163564 0.0009530801479066742
joyous 0.00078003120124805 2.0 0.0015600624024961
last 0.00234009360374415 0.0655015487564323 0.0001532797552802628
marriage 0.00078003120124805 0.5376020021010439 0.00041934633549223395
falling 0.00078003120124805 1.3010299956639813 0.0010148439903775205
apart 0.00078003120124805 1.5228787452803376 0.001187892937036145
couple 0.00078003120124805 0.40893539297350084 0.0003189823658139632
divorced 0.0015600624024961 0.853871964321762 0.0013320935480838722
custody 0.00078003120124805 1.045757490560675 0.0008157234715761896
wrestling 0.00078003120124805 2.0 0.0015600624024961
problem 0.00234009360374415 1.75448733218585 0.004105664583898245
including 0.00234009360374415 0.2365720064370627 0.0005536006390882902
growing 0.00078003120124805 0.585026652029182 0.00045633904214444776
prescription 0.0015600624024961 1.3010299956639813 0.002029687980755041
thin 0.00078003120124805 1.5228787452803376 0.001187892937036145
star 0.00078003120124805 0.32790214206428253 0.000255773901766211
battling 0.00078003120124805 1.3979400086720377 0.001090436824237159
weight 0.00078003120124805 1.5228787452803376 0.001187892937036145
destructive 0.00078003120124805 1.6989700043360187 0.0013252496133666293
lifestyle 0.00078003120124805 1.3010299956639813 0.0010148439903775205
caught 0.00078003120124805 1.1549019599857433 0.0009008595631714067
fall 0.00078003120124805 0.7695510786217261 0.0006002738522790375
hospitalized 0.00078003120124805 1.0969100130080565 0.0008556240351076884
health 0.00078003120124805 0.5528419686577808 0.00043123398491246555
obstacle 0.00078003120124805 1.3010299956639813 0.0010148439903775205
draw 0.00078003120124805 1.6989700043360187 0.0013252496133666293
tour 0.0015600624024961 0.7447274948966939 0.0011618213648934383
performed 0.00078003120124805 0.7695510786217261 0.0006002738522790375
concert 0.0015600624024961 0.853871964321762 0.0013320935480838722
june 0.00078003120124805 0.28399665636520083 0.00022152625301497726
indianapolis 0.00078003120124805 1.6989700043360187 0.0013252496133666293
indiana 0.00078003120124805 0.7958800173440752 0.0006208112459782178
home 0.00234009360374415 0.31875876262441283 0.0007459253415547883
mansion 0.00078003120124805 1.045757490560675 0.0008157234715761896
prepare 0.00078003120124805 1.6989700043360187 0.0013252496133666293
another 0.00234009360374415 0.40893539297350084 0.0009569470974418897
next 0.00078003120124805 0.07058107428570728 5.5055440160458104e-05
bella 0.00078003120124805 0.0655015487564323 5.10932517600876e-05
hadid 0.00078003120124805 0.0655015487564323 5.10932517600876e-05
sadie 0.00078003120124805 0.06048074738138145 4.717687003227882e-05
alexander 0.00078003120124805 0.05551732784983141 4.330524793278581e-05
adrienne 0.00078003120124805 0.0655015487564323 5.10932517600876e-05
kennedy 0.00078003120124805 0.06048074738138145 4.717687003227882e-05
legacy 0.0015600624024961 0.6989700043360189 0.001090436824237159
morning 0.00078003120124805 0.958607314841775 0.0007477436153211974
ruled 0.00078003120124805 0.7958800173440752 0.0006208112459782178
buried 0.00078003120124805 1.3979400086720377 0.001090436824237159
property 0.00078003120124805 1.3010299956639813 0.0010148439903775205
near 0.00078003120124805 0.8860566476931633 0.0006911518312739184
gravesites 0.00078003120124805 2.0 0.0015600624024961
father 0.0015600624024961 0.14874165128092467 0.00023204625784855644
vernon 0.00078003120124805 1.6989700043360187 0.0013252496133666293
grandmother 0.00078003120124805 0.6777807052660807 0.0005286900977114514
minnie 0.00078003120124805 2.0 0.0015600624024961
mae 0.00078003120124805 1.3979400086720377 0.001090436824237159
hood 0.00078003120124805 2.0 0.0015600624024961
throughout 0.00078003120124805 0.6020599913279624 0.00046962557825894105
amazing 0.0015600624024961 1.3010299956639813 0.002029687980755041
helped 0.00078003120124805 0.3372421683184259 0.00026305941366491884
popularize 0.00078003120124805 2.0 0.0015600624024961
america 0.00078003120124805 0.37675070960209955 0.00029387730858198094
three 0.0015600624024961 0.2076083105017461 0.0003238819196595103
grammy 0.00078003120124805 0.6575773191777938 0.0005129308261917269
award 0.00078003120124805 0.721246399047171 0.0005625946950445953
major 0.00078003120124805 0.4202164033831899 0.00032778190591512473
force 0.00078003120124805 0.6575773191777938 0.0005129308261917269
cruel 0.00078003120124805 1.6989700043360187 0.0013252496133666293
luck 0.00078003120124805 1.6989700043360187 0.0013252496133666293
charm 0.00078003120124805 1.5228787452803376 0.001187892937036145
suspicious 0.00078003120124805 1.6989700043360187 0.0013252496133666293
mind 0.00078003120124805 1.5228787452803376 0.001187892937036145
countless 0.00078003120124805 1.0 0.00078003120124805
gold 0.0015600624024961 0.853871964321762 0.0013320935480838722
platinum 0.00078003120124805 1.1549019599857433 0.0009008595631714067
hall 0.00234009360374415 0.9208187539523752 0.0021548020763316115
recognized 0.00078003120124805 1.0 0.00078003120124805
contribution 0.00078003120124805 1.0969100130080565 0.0008556240351076884
several 0.0015600624024961 0.32790214206428253 0.000511547803532422
genre 0.00078003120124805 1.3010299956639813 0.0010148439903775205
notably 0.00078003120124805 1.2218487496163564 0.0009530801479066742
country 0.00234009360374415 0.27572413039921095 0.0006452202739451114
posthumously 0.0015600624024961 1.3979400086720377 0.002180873648474318
association 0.00078003120124805 0.8239087409443188 0.0006426745249175653
open 0.00078003120124805 0.7447274948966939 0.0005809106824467192
public 0.00078003120124805 0.2596373105057561 0.00020252520320261788
numerous 0.00078003120124805 0.721246399047171 0.0005625946950445953
visit 0.00078003120124805 0.958607314841775 0.0007477436153211974
legendary 0.00078003120124805 0.853871964321762 0.0006660467740419361
residence 0.00078003120124805 1.1549019599857433 0.0009008595631714067
annually 0.00078003120124805 2.0 0.0015600624024961
anniversary 0.00234009360374415 1.3010299956639813 0.0030445319711325616
thousand 0.00078003120124805 0.9208187539523752 0.0007182673587772038
traveled 0.00078003120124805 0.8860566476931633 0.0006911518312739184
vigil 0.00078003120124805 1.5228787452803376 0.001187892937036145
honor 0.00078003120124805 0.7695510786217261 0.0006002738522790375
gathering 0.0015600624024961 1.1549019599857433 0.0018017191263428134
held 0.0015600624024961 0.48148606012211254 0.0007511482997224844
lit 0.0015600624024961 1.6989700043360187 0.0026504992267332586
candle 0.0015600624024961 2.0 0.0031201248049922
stood 0.00078003120124805 0.8860566476931633 0.0006911518312739184
outside 0.00078003120124805 0.6989700043360189 0.0005452184121185795
hold 0.00078003120124805 1.0 0.00078003120124805
tribute 0.00078003120124805 1.3979400086720377 0.001090436824237159
event 0.00234009360374415 0.721246399047171 0.0016877840851337856
mark 0.00078003120124805 0.958607314841775 0.0007477436153211974
unique 0.00078003120124805 1.5228787452803376 0.001187892937036145
estranged 0.00078003120124805 2.0 0.0015600624024961
wife 0.00234009360374415 0.3098039199714864 0.0007249701715401398
annual 0.00078003120124805 0.958607314841775 0.0007477436153211974
see 0.00234009360374415 0.04575749056067514 0.00010707681098441922
point 0.00078003120124805 0.7447274948966939 0.0005809106824467192
view 0.00078003120124805 0.958607314841775 0.0007477436153211974
said 0.00078003120124805 0.2518119729937996 0.00019642119578299502
according 0.00078003120124805 0.638272163982407 0.0004978722027943893
washington 0.00078003120124805 0.3979400086720376 0.0003104056229891089
post 0.00078003120124805 0.6989700043360189 0.0005452184121185795
truly 0.00078003120124805 0.958607314841775 0.0007477436153211974
sight 0.00078003120124805 1.3010299956639813 0.0010148439903775205
behold 0.00078003120124805 2.0 0.0015600624024961
something 0.0015600624024961 0.07058107428570728 0.00011011088032091621
believed 0.00078003120124805 0.6020599913279624 0.00046962557825894105
taken 0.00078003120124805 0.6989700043360189 0.0005452184121185795
pop 0.00078003120124805 0.5686362358410126 0.0004435540061162345
documentary 0.0015600624024961 2.5228787452803374 0.003935848276568389
explored 0.00078003120124805 1.6989700043360187 0.0013252496133666293
miniseries 0.00078003120124805 1.6989700043360187 0.0013252496133666293
starring 0.00078003120124805 0.8239087409443188 0.0006426745249175653
jonathan 0.00078003120124805 1.2218487496163564 0.0009530801479066742
rhys 0.00078003120124805 2.0 0.0015600624024961
meyers 0.00078003120124805 2.0 0.0015600624024961
two 0.00078003120124805 0.11918640771920867 9.29691167856542e-05
part 0.00078003120124805 0.3372421683184259 0.00026305941366491884
xa 0.0031201248049922 0.17392519729917358 0.0005426683223063139
searcher 0.00078003120124805 2.0 0.0015600624024961
released 0.00078003120124805 0.3010299956639812 0.00023481278912947052
explores 0.00078003120124805 1.6989700043360187 0.0013252496133666293
rise 0.00078003120124805 1.0 0.00078003120124805
myriad 0.00078003120124805 1.6989700043360187 0.0013252496133666293
online 0.0015600624024961 1.0969100130080565 0.0017112480702153768
auction 0.0015600624024961 2.0 0.0031201248049922
site 0.00078003120124805 0.853871964321762 0.0006660467740419361
ironplanet 0.00078003120124805 2.0 0.0015600624024961
announced 0.00078003120124805 0.40893539297350084 0.0003189823658139632
private 0.00078003120124805 0.6020599913279624 0.00046962557825894105
jet 0.0015600624024961 1.5228787452803376 0.00237578587407229
owned 0.0015600624024961 1.045757490560675 0.0016314469431523793
market 0.00078003120124805 0.9208187539523752 0.0007182673587772038
red 0.0015600624024961 0.8239087409443188 0.0012853490498351307
lockheed 0.00078003120124805 2.0 0.0015600624024961
jetstar 0.00078003120124805 2.0 0.0015600624024961
sat 0.00078003120124805 1.3010299956639813 0.0010148439903775205
idle 0.00078003120124805 2.0 0.0015600624024961
new 0.00078003120124805 0.14266750356873154 0.00011128510418777812
mexico 0.00078003120124805 1.0 0.00078003120124805
runway 0.00078003120124805 1.2218487496163564 0.0009530801479066742
decade 0.00078003120124805 0.638272163982407 0.0004978722027943893
feature 0.00078003120124805 1.6989700043360187 0.0013252496133666293
interior 0.00078003120124805 1.6989700043360187 0.0013252496133666293
tone 0.00078003120124805 2.0 0.0015600624024961
woodwork 0.00078003120124805 2.0 0.0015600624024961
velvet 0.00078003120124805 0.9208187539523752 0.0007182673587772038
seat 0.00078003120124805 1.1549019599857433 0.0009008595631714067
previous 0.00078003120124805 1.1549019599857433 0.0009008595631714067
purchased 0.00078003120124805 1.3010299956639813 0.0010148439903775205
house 0.00078003120124805 0.32790214206428253 0.000255773901766211
featured 0.00078003120124805 0.7695510786217261 0.0006002738522790375
keepsake 0.00078003120124805 2.0 0.0015600624024961
third 0.00078003120124805 0.4202164033831899 0.00032778190591512473
party 0.00078003120124805 0.3979400086720376 0.0003104056229891089
collector 0.00078003120124805 2.0 0.0015600624024961
used 0.00078003120124805 0.5086383061657272 0.00039675374895922565
highest 0.00078003120124805 1.0 0.00078003120124805
priced 0.00078003120124805 2.0 0.0015600624024961
item 0.00078003120124805 1.6989700043360187 0.0013252496133666293
beretta 0.00078003120124805 2.0 0.0015600624024961
pistol 0.00078003120124805 1.6989700043360187 0.0013252496133666293
given 0.00078003120124805 0.6777807052660807 0.0005286900977114514
general 0.00078003120124805 0.4559319556497244 0.00035564115105282717
omar 0.00078003120124805 1.6989700043360187 0.0013252496133666293
bradley 0.00078003120124805 1.5228787452803376 0.001187892937036145
check 0.00078003120124805 0.07058107428570728 5.5055440160458104e-05
strive 0.00078003120124805 0.07058107428570728 5.5055440160458104e-05
accuracy 0.00078003120124805 0.07058107428570728 5.5055440160458104e-05
fairness 0.00078003120124805 0.07058107428570728 5.5055440160458104e-05
citation 0.00078003120124805 0.07058107428570728 5.5055440160458104e-05
information 0.00078003120124805 0.07058107428570728 5.5055440160458104e-05
article 0.00078003120124805 0.07058107428570728 5.5055440160458104e-05
title 0.00078003120124805 0.07058107428570728 5.5055440160458104e-05
author 0.00078003120124805 0.06048074738138145 4.717687003227882e-05
com 0.0015600624024961 0.06048074738138145 9.435374006455765e-05
editor 0.00078003120124805 0.1023729087095586 7.985406295597396e-05
website 0.0015600624024961 0.0655015487564323 0.0001021865035201752
url 0.00078003120124805 0.07058107428570728 5.5055440160458104e-05
access 0.00078003120124805 0.07058107428570728 5.5055440160458104e-05
publisher 0.00078003120124805 0.07058107428570728 5.5055440160458104e-05
e 0.0015600624024961 0.04575749056067514 7.138454065627948e-05
network 0.0015600624024961 0.04575749056067514 7.138454065627948e-05
updated 0.00078003120124805 0.07058107428570728 5.5055440160458104e-05
original 0.00078003120124805 0.0655015487564323 5.10932517600876e-05
published 0.00078003120124805 0.07058107428570728 5.5055440160458104e-05
april 0.00078003120124805 0.1549019599857432 0.00012082836192335663
receive 0.00078003120124805 0.05551732784983141 4.330524793278581e-05
story 0.00234009360374415 0.05551732784983141 0.00012991574379835744
shaped 0.0015600624024961 0.05551732784983141 8.661049586557163e-05
sign 0.00078003120124805 0.05551732784983141 4.330524793278581e-05
person 0.0039001560062402497 0.05060999335508724 0.00019738686955962263
american 0.00078003120124805 0.1023729087095586 7.985406295597396e-05
businesswoman 0.00078003120124805 1.3979400086720377 0.001090436824237159
actress 0.0015600624024961 0.6020599913279624 0.0009392511565178821
best 0.00078003120124805 0.13667713987954408 0.00010661243360338852
marrying 0.00078003120124805 1.5228787452803376 0.001187892937036145
familiar 0.00078003120124805 1.2218487496163564 0.0009530801479066742
ex 0.00078003120124805 0.9208187539523752 0.0007182673587772038
jackson 0.00078003120124805 0.5228787452803376 0.00040786173578809487
saved 0.00078003120124805 1.5228787452803376 0.001187892937036145
us 0.0015600624024961 1.6989700043360187 0.0026504992267332586
arizona 0.0015600624024961 0.958607314841775 0.0014954872306423947
memorial 0.0015600624024961 0.9208187539523752 0.0014365347175544075
legend 0.00078003120124805 0.5686362358410126 0.0004435540061162345
le 0.00078003120124805 0.8239087409443188 0.0006426745249175653
assistance 0.00078003120124805 1.3010299956639813 0.0010148439903775205
pearl 0.00078003120124805 1.1549019599857433 0.0009008595631714067
harbor 0.00078003120124805 1.2218487496163564 0.0009530801479066742
might 0.00078003120124805 0.853871964321762 0.0006660467740419361
exist 0.00078003120124805 1.3979400086720377 0.001090436824237159
sara 0.0015600624024961 1.2218487496163564 0.0019061602958133485
kettler 0.0015600624024961 1.3979400086720377 0.002180873648474318
jun 0.00078003120124805 1.045757490560675 0.0008157234715761896
expecting 0.00078003120124805 1.5228787452803376 0.001187892937036145
mess 0.00078003120124805 1.6989700043360187 0.0013252496133666293
midst 0.00078003120124805 1.3979400086720377 0.001090436824237159
reign 0.00078003120124805 1.5228787452803376 0.001187892937036145
called 0.00078003120124805 0.3010299956639812 0.00023481278912947052
serve 0.00078003120124805 0.5086383061657272 0.00039675374895922565
rachel 0.0015600624024961 1.5228787452803376 0.00237578587407229
chang 0.0015600624024961 2.0 0.0031201248049922
sep 0.00078003120124805 1.5228787452803376 0.001187892937036145
felt 0.00078003120124805 0.6020599913279624 0.00046962557825894105
pressured 0.00078003120124805 1.3979400086720377 0.001090436824237159
marry 0.00078003120124805 1.3010299956639813 0.0010148439903775205
trained 0.00078003120124805 1.2218487496163564 0.0009530801479066742
perfect 0.00078003120124805 1.5228787452803376 0.001187892937036145
ended 0.00078003120124805 0.5686362358410126 0.0004435540061162345
call 0.00078003120124805 0.6989700043360189 0.0005452184121185795
oct 0.00078003120124805 1.5228787452803376 0.001187892937036145
famous 0.00078003120124805 0.494850021680094 0.0003859984568487473
veteran 0.0015600624024961 1.1549019599857433 0.0018017191263428134
united 0.00078003120124805 0.18708664335714445 0.00014593341915533888
state 0.00078003120124805 0.20065945054641826 0.0001565206322514963
golden 0.00078003120124805 1.2218487496163564 0.0009530801479066742
nation 0.00078003120124805 0.35654732351381263 0.00027811803706225636
conquered 0.00078003120124805 1.6989700043360187 0.0013252496133666293
politics 0.00078003120124805 0.4685210829577449 0.00036546106314956704
art 0.00078003120124805 1.045757490560675 0.0008157234715761896
space 0.00078003120124805 1.3979400086720377 0.001090436824237159
travel 0.00078003120124805 0.8860566476931633 0.0006911518312739184
dec 0.00078003120124805 1.1549019599857433 0.0009008595631714067
richard 0.0015600624024961 0.6777807052660807 0.0010573801954229028
flamboyant 0.00078003120124805 1.6989700043360187 0.0013252496133666293
defining 0.00078003120124805 2.0 0.0015600624024961
moment 0.00078003120124805 1.0 0.00078003120124805
development 0.00078003120124805 0.7695510786217261 0.0006002738522790375
jim 0.0015600624024961 1.0 0.0015600624024961
morrison 0.0015600624024961 1.1549019599857433 0.0018017191263428134
charismatic 0.00078003120124805 1.3979400086720377 0.001090436824237159
songwriter 0.00078003120124805 0.8860566476931633 0.0006911518312739184
group 0.00078003120124805 0.37675070960209955 0.00029387730858198094
door 0.00078003120124805 0.9208187539523752 0.0007182673587772038
paris 0.00078003120124805 0.6020599913279624 0.00046962557825894105
janis 0.0015600624024961 2.0 0.0031201248049922
joplin 0.0015600624024961 2.0 0.0031201248049922
powerful 0.00078003120124805 0.721246399047171 0.0005625946950445953
inspired 0.00078003120124805 0.6989700043360189 0.0005452184121185795
vocal 0.00078003120124805 1.3010299956639813 0.0010148439903775205
accidental 0.00078003120124805 1.2218487496163564 0.0009530801479066742
overdose 0.00078003120124805 1.0969100130080565 0.0008556240351076884
loading 0.00078003120124805 0.04575749056067514 3.569227032813974e-05
logo 0.00078003120124805 0.04575749056067514 3.569227032813974e-05
registered 0.00078003120124805 0.04575749056067514 3.569227032813974e-05
trademark 0.00078003120124805 0.04575749056067514 3.569227032813974e-05
llc 0.00078003120124805 0.04575749056067514 3.569227032813974e-05
close 0.0031201248049922 0.04575749056067514 0.00014276908131255896
