u 0.026785714285714288 0.20065945054641832 0.005374806711064777
president 0.06607142857142857 1.0213630516155257 0.06748291591031151
washington 0.007142857142857143 0.3979400086720376 0.0028424286333716972
lincoln 0.007142857142857143 0.9208187539523752 0.006577276813945537
obama 0.008928571428571428 0.37675070960209955 0.003363845621447317
biography 0.010714285714285714 0.04575749056067514 0.0004902588274358051
com 0.0017857142857142857 0.06048074738138145 0.00010800133460960973
skip 0.0017857142857142857 0.04575749056067514 8.170980457263418e-05
main 0.0017857142857142857 0.04575749056067514 8.170980457263418e-05
content 0.0017857142857142857 0.04575749056067514 8.170980457263418e-05
people 0.008928571428571428 0.04575749056067514 0.0004085490228631709
nostalgia 0.005357142857142857 0.04575749056067514 0.00024512941371790256
celebrity 0.005357142857142857 0.04575749056067514 0.00024512941371790256
history 0.005357142857142857 0.04575749056067514 0.00024512941371790256
culture 0.005357142857142857 0.04575749056067514 0.00024512941371790256
crime 0.005357142857142857 0.04575749056067514 0.00024512941371790256
scandal 0.007142857142857143 0.04575749056067514 0.00032683921829053673
video 0.005357142857142857 0.04575749056067514 0.00024512941371790256
contact 0.0035714285714285713 0.04575749056067514 0.00016341960914526837
advertise 0.0035714285714285713 0.04575749056067514 0.00016341960914526837
privacy 0.005357142857142857 0.04575749056067514 0.00024512941371790256
notice 0.0035714285714285713 0.04575749056067514 0.00016341960914526837
term 0.010714285714285714 0.5406075122407692 0.005792223345436813
use 0.0035714285714285713 0.04575749056067514 0.00016341960914526837
copyright 0.0035714285714285713 0.04575749056067514 0.00016341960914526837
policy 0.0035714285714285713 0.04575749056067514 0.00016341960914526837
ad 0.0035714285714285713 0.04575749056067514 0.00016341960914526837
choice 0.0035714285714285713 0.04575749056067514 0.00016341960914526837
accessibility 0.0035714285714285713 0.04575749056067514 0.00016341960914526837
support 0.005357142857142857 0.04575749056067514 0.00024512941371790256
setting 0.0017857142857142857 0.04575749056067514 8.170980457263418e-05
february 0.0017857142857142857 0.04575749056067514 8.170980457263418e-05
subscribe 0.0035714285714285713 0.04575749056067514 0.00016341960914526837
newsletter 0.005357142857142857 1.5686362358410129 0.00840340840629114
united 0.02857142857142857 0.18708664335714445 0.0053453326673469845
state 0.02857142857142857 0.20065945054641826 0.005733127158469093
elected 0.005357142857142857 0.3665315444204135 0.0019635618451093583
head 0.0017857142857142857 0.5228787452803376 0.00093371204514346
government 0.005357142857142857 0.494850021680094 0.002650982259000504
george 0.014285714285714285 0.4685210829577449 0.006693158327967784
thomas 0.0017857142857142857 0.853871964321762 0.0015247713648602894
jefferson 0.0017857142857142857 1.2218487496163564 0.002181872767172065
abraham 0.005357142857142857 1.0969100130080565 0.005876303641114588
barack 0.007142857142857143 0.3872161432802645 0.002765829594859032
donald 0.005357142857142857 0.494850021680094 0.002650982259000504
trump 0.005357142857142857 0.5086383061657272 0.0027248480687449674
powerful 0.0017857142857142857 0.721246399047171 0.0012879399982985197
planet 0.0017857142857142857 1.1549019599857433 0.00206232492854597
person 0.04285714285714286 0.05060999335508724 0.0021689997152180246
billionaire 0.0017857142857142857 1.3979400086720377 0.00249632144405721
real 0.0017857142857142857 0.6989700043360189 0.001248160722028605
estate 0.0017857142857142857 0.853871964321762 0.0015247713648602894
mogul 0.0017857142857142857 1.3979400086720377 0.00249632144405721
former 0.0017857142857142857 0.27572413039921095 0.0004923645185700195
reality 0.0017857142857142857 1.0 0.0017857142857142857
television 0.0035714285714285713 0.04575749056067514 0.00016341960914526837
personality 0.0017857142857142857 0.853871964321762 0.0015247713648602894
th 0.02142857142857143 0.2076083105017461 0.004448749510751702
joe 0.0035714285714285713 0.5228787452803376 0.00186742409028692
biden 0.0035714285714285713 0.6575773191777938 0.0023484904256349777
also 0.005357142857142857 0.0861861476162833 0.000461711505087232
served 0.007142857142857143 0.2676062401770315 0.0019114731441216535
vice 0.007142857142857143 0.5376020021010439 0.0038400143007217423
jimmy 0.0035714285714285713 1.045757490560675 0.003734848180573839
carter 0.0035714285714285713 1.2218487496163564 0.00436374553434413
later 0.0035714285714285713 0.09151498112135023 0.0003268392182905365
awarded 0.0017857142857142857 0.8239087409443188 0.0014712656088291406
nobel 0.0017857142857142857 1.0969100130080565 0.0019587678803715293
peace 0.0035714285714285713 0.7695510786217261 0.0027483967093633074
prize 0.0017857142857142857 0.853871964321762 0.0015247713648602894
first 0.008928571428571428 0.0655015487564323 0.0005848352567538597
african 0.0017857142857142857 0.28399665636520083 0.0005071368863664301
american 0.005357142857142857 0.1023729087095586 0.0005484262966583497
serve 0.0035714285714285713 0.5086383061657272 0.0018165653791633114
office 0.0017857142857142857 0.31875876262441283 0.0005692120761150229
presidency 0.0035714285714285713 0.4685210829577449 0.001673289581991946
second 0.005357142857142857 0.19382002601611284 0.0010383215679434616
preserved 0.0017857142857142857 2.0 0.0035714285714285713
union 0.005357142857142857 0.7447274948966939 0.003989611579803717
civil 0.0035714285714285713 0.3467874862246563 0.0012385267365166298
war 0.014285714285714285 0.35654732351381263 0.005093533193054466
brought 0.0017857142857142857 0.619788758288394 0.0011067656398007035
emancipation 0.0017857142857142857 2.0 0.0035714285714285713
slave 0.0017857142857142857 1.6989700043360187 0.0030338750077428906
w 0.008928571428571428 0.6989700043360189 0.006240803610143025
bush 0.008928571428571428 0.7447274948966939 0.006649352633006195
rd 0.005357142857142857 1.3010299956639813 0.0069698035481999
led 0.005357142857142857 0.37675070960209955 0.0020183073728683907
country 0.0017857142857142857 0.27572413039921095 0.0004923645185700195
response 0.0017857142857142857 0.853871964321762 0.0015247713648602894
attack 0.0017857142857142857 0.7447274948966939 0.001329870526601239
initiated 0.0035714285714285713 1.2218487496163564 0.00436374553434413
iraq 0.0017857142857142857 0.853871964321762 0.0015247713648602894
ulysses 0.0035714285714285713 1.6989700043360187 0.006067750015485781
grant 0.0035714285714285713 1.3979400086720377 0.00499264288811442
general 0.0017857142857142857 0.4559319556497244 0.000814164206517365
commander 0.0035714285714285713 0.958607314841775 0.003423597553006339
army 0.0035714285714285713 2.769551078621726 0.00989125385222045
late 0.0017857142857142857 0.3665315444204135 0.0006545206150364527
year 0.0017857142857142857 0.11918640771920867 0.00021283287092715834
becoming 0.0017857142857142857 0.3372421683184259 0.0006022181577114748
andrew 0.0035714285714285713 0.7447274948966939 0.002659741053202478
jackson 0.0035714285714285713 0.5228787452803376 0.00186742409028692
seventh 0.0017857142857142857 1.0 0.0017857142857142857
known 0.007142857142857143 0.06048074738138145 0.0004320053384384389
founding 0.005357142857142857 0.6777807052660807 0.0036309680639254323
democratic 0.0017857142857142857 0.3872161432802645 0.000691457398714758
party 0.0017857142857142857 0.3979400086720376 0.0007106071583429243
individual 0.0017857142857142857 0.8239087409443188 0.0014712656088291406
liberty 0.0017857142857142857 0.958607314841775 0.0017117987765031695
receive 0.0017857142857142857 0.05551732784983141 9.913808544612752e-05
story 0.0035714285714285713 0.05551732784983141 0.00019827617089225504
shaped 0.0035714285714285713 0.05551732784983141 0.00019827617089225504
world 0.007142857142857143 0.04575749056067514 0.00032683921829053673
life 0.0017857142857142857 0.05060999335508724 9.037498813408436e-05
sign 0.0017857142857142857 0.05551732784983141 9.913808544612752e-05
herbert 0.0035714285714285713 1.5228787452803376 0.0054388526617154915
hoover 0.0035714285714285713 1.5228787452803376 0.0054388526617154915
st 0.0035714285714285713 0.721246399047171 0.0025758799965970394
whose 0.0017857142857142857 0.7695510786217261 0.0013741983546816537
notably 0.0017857142857142857 1.2218487496163564 0.002181872767172065
marked 0.0017857142857142857 0.8860566476931633 0.0015822440137377915
stock 0.0017857142857142857 1.0969100130080565 0.0019587678803715293
market 0.0017857142857142857 0.9208187539523752 0.0016443192034863842
crash 0.0017857142857142857 1.2218487496163564 0.002181872767172065
beginning 0.0017857142857142857 1.3979400086720377 0.00249632144405721
great 0.0017857142857142857 0.5228787452803376 0.00093371204514346
depression 0.0017857142857142857 1.0969100130080565 0.0019587678803715293
h 0.0035714285714285713 1.3979400086720377 0.00499264288811442
ronald 0.005357142857142857 1.0 0.005357142857142857
reagan 0.005357142857142857 1.045757490560675 0.005602272270860759
father 0.007142857142857143 0.14874165128092467 0.0010624403662923192
richard 0.0035714285714285713 0.6777807052660807 0.002420645375950288
nixon 0.0035714285714285713 0.8860566476931633 0.003164488027475583
chief 0.0017857142857142857 0.5686362358410126 0.001015421849716094
resign 0.0017857142857142857 1.0 0.0017857142857142857
position 0.0017857142857142857 0.619788758288394 0.0011067656398007035
watergate 0.0017857142857142857 1.045757490560675 0.0018674240902869196
john 0.01607142857142857 0.37675070960209955 0.006054922118605171
f 0.005357142857142857 0.721246399047171 0.0038638199948955593
kennedy 0.005357142857142857 0.06048074738138145 0.0003240040038288292
negotiated 0.0017857142857142857 1.3010299956639813 0.0023232678493999665
nuclear 0.0017857142857142857 0.958607314841775 0.0017117987765031695
test 0.0017857142857142857 1.0 0.0017857142857142857
ban 0.0017857142857142857 0.8860566476931633 0.0015822440137377915
treaty 0.0035714285714285713 1.0969100130080565 0.003917535760743059
alliance 0.0017857142857142857 1.2218487496163564 0.002181872767172065
progress 0.0017857142857142857 1.0 0.0017857142857142857
assassinated 0.0017857142857142857 1.0969100130080565 0.0019587678803715293
lyndon 0.0035714285714285713 1.2218487496163564 0.00436374553434413
b 0.0035714285714285713 0.37675070960209955 0.0013455382485789268
johnson 0.0035714285714285713 0.853871964321762 0.003049542729720579
became 0.0017857142857142857 0.07572071393811834 0.00013521556060378274
following 0.0017857142857142857 0.2518119729937996 0.00044966423748892784
assassination 0.0017857142857142857 0.7447274948966939 0.001329870526601239
james 0.0035714285714285713 0.6020599913279624 0.0021502142547427227
madison 0.0035714285714285713 1.0969100130080565 0.003917535760743059
fourth 0.0017857142857142857 0.721246399047171 0.0012879399982985197
believed 0.0017857142857142857 0.6020599913279624 0.0010751071273713613
robust 0.0017857142857142857 2.0 0.0035714285714285713
yet 0.0017857142857142857 0.6777807052660807 0.001210322687975144
balanced 0.0017857142857142857 1.5228787452803376 0.0027194263308577458
federal 0.0017857142857142857 0.6020599913279624 0.0010751071273713613
constitution 0.0017857142857142857 0.853871964321762 0.0015247713648602894
grover 0.0035714285714285713 2.0 0.007142857142857143
cleveland 0.0035714285714285713 1.1549019599857433 0.00412464985709194
nd 0.0017857142857142857 1.0969100130080565 0.0019587678803715293
two 0.0017857142857142857 0.11918640771920867 0.00021283287092715834
nonconsecutive 0.0017857142857142857 2.0 0.0035714285714285713
well 0.0017857142857142857 0.20065945054641826 0.0003583204474043183
married 0.0017857142857142857 0.24412514432750856 0.00043593775772769386
white 0.0017857142857142857 0.3872161432802645 0.000691457398714758
house 0.0017857142857142857 0.32790214206428253 0.0005855395394005045
adam 0.010714285714285714 1.2218487496163564 0.01309123660303239
son 0.0035714285714285713 0.28399665636520083 0.0010142737727328601
quincy 0.005357142857142857 1.3010299956639813 0.0069698035481999
nation 0.0035714285714285713 1.0141246426916064 0.003621873723898594
sixth 0.0035714285714285713 1.1549019599857433 0.00412464985709194
woodrow 0.0035714285714285713 1.6989700043360187 0.006067750015485781
wilson 0.0035714285714285713 1.3010299956639813 0.004646535698799933
america 0.0035714285714285713 0.37675070960209955 0.0013455382485789268
crafted 0.0017857142857142857 1.6989700043360187 0.0030338750077428906
versailles 0.0017857142857142857 1.6989700043360187 0.0030338750077428906
fourteen 0.0017857142857142857 1.6989700043360187 0.0030338750077428906
point 0.0017857142857142857 1.0969100130080565 0.0019587678803715293
last 0.0017857142857142857 0.0655015487564323 0.00011696705135077196
creating 0.0017857142857142857 1.0 0.0017857142857142857
league 0.0017857142857142857 0.8239087409443188 0.0014712656088291406
ensure 0.0017857142857142857 1.045757490560675 0.0018674240902869196
zachary 0.0035714285714285713 1.6989700043360187 0.006067750015485781
taylor 0.0035714285714285713 1.0 0.0035714285714285713
military 0.0017857142857142857 0.5528419686577808 0.0009872178011746085
hero 0.0017857142857142857 1.2218487496163564 0.002181872767172065
best 0.0035714285714285713 0.13667713987954408 0.00048813264242694314
warren 0.0035714285714285713 1.045757490560675 0.003734848180573839
g 0.0035714285714285713 0.8239087409443188 0.002942531217658281
harding 0.0035714285714285713 1.6989700043360187 0.006067750015485781
followed 0.0017857142857142857 0.5528419686577808 0.0009872178011746085
campaign 0.0017857142857142857 0.3872161432802645 0.000691457398714758
promising 0.0017857142857142857 1.5228787452803376 0.0027194263308577458
return 0.0017857142857142857 0.7447274948966939 0.001329870526601239
normalcy 0.0017857142857142857 2.0 0.0035714285714285713
william 0.0035714285714285713 0.8239087409443188 0.002942531217658281
mckinley 0.0035714285714285713 2.0 0.007142857142857143
acquired 0.0017857142857142857 1.5228787452803376 0.0027194263308577458
puerto 0.0017857142857142857 1.6989700043360187 0.0030338750077428906
rico 0.0017857142857142857 2.0 0.0035714285714285713
guam 0.0017857142857142857 1.6989700043360187 0.0030338750077428906
philippine 0.0017857142857142857 1.6989700043360187 0.0030338750077428906
continental 0.0017857142857142857 1.3979400086720377 0.00249632144405721
victory 0.0017857142857142857 0.5686362358410126 0.001015421849716094
revolutionary 0.0017857142857142857 1.1549019599857433 0.00206232492854597
eldest 0.0017857142857142857 1.0969100130080565 0.0019587678803715293
harry 0.0035714285714285713 1.3010299956639813 0.004646535698799933
truman 0.0035714285714285713 1.3979400086720377 0.00499264288811442
sworn 0.0017857142857142857 1.045757490560675 0.0018674240902869196
franklin 0.0017857142857142857 0.8239087409443188 0.0014712656088291406
delano 0.0017857142857142857 1.5228787452803376 0.0027194263308577458
roosevelt 0.0017857142857142857 1.0 0.0017857142857142857
sudden 0.0017857142857142857 1.5228787452803376 0.0027194263308577458
death 0.0017857142857142857 0.2365720064370627 0.0004224500114947548
presided 0.0017857142857142857 1.5228787452803376 0.0027194263308577458
end 0.0035714285714285713 0.44369749923271273 0.0015846339258311169
wwii 0.0017857142857142857 1.6989700043360187 0.0030338750077428906
dropped 0.0017857142857142857 0.853871964321762 0.0015247713648602894
atomic 0.0017857142857142857 1.3979400086720377 0.00249632144405721
bomb 0.0017857142857142857 1.3010299956639813 0.0023232678493999665
japan 0.0017857142857142857 1.1549019599857433 0.00206232492854597
helped 0.0017857142857142857 0.3372421683184259 0.0006022181577114748
redefine 0.0017857142857142857 2.0 0.0035714285714285713
purpose 0.0017857142857142857 1.5228787452803376 0.0027194263308577458
pressured 0.0017857142857142857 1.3979400086720377 0.00249632144405721
soviet 0.0017857142857142857 1.3010299956639813 0.0023232678493999665
cold 0.0017857142857142857 1.045757490560675 0.0018674240902869196
solidified 0.0017857142857142857 1.5228787452803376 0.0027194263308577458
conservative 0.0017857142857142857 0.8239087409443188 0.0014712656088291406
agenda 0.0017857142857142857 1.2218487496163564 0.002181872767172065
decade 0.0017857142857142857 0.638272163982407 0.0011397717213971555
loading 0.0017857142857142857 0.04575749056067514 8.170980457263418e-05
see 0.0017857142857142857 0.04575749056067514 8.170980457263418e-05
logo 0.0017857142857142857 0.04575749056067514 8.170980457263418e-05
registered 0.0017857142857142857 0.04575749056067514 8.170980457263418e-05
trademark 0.0017857142857142857 0.04575749056067514 8.170980457263418e-05
e 0.0017857142857142857 0.04575749056067514 8.170980457263418e-05
network 0.0017857142857142857 0.04575749056067514 8.170980457263418e-05
llc 0.0017857142857142857 0.04575749056067514 8.170980457263418e-05
close 0.007142857142857143 0.04575749056067514 0.00032683921829053673
