katherine 0.029233870967741934 0.9208187539523752 0.026919096637720644
jackson 0.05141129032258064 1.4814860601221125 0.07616510994579408
age 0.004032258064516129 0.11350927482751813 0.0004576986888206376
child 0.01310483870967742 0.5000381344038097 0.006552919100049926
fact 0.0030241935483870967 0.14116214857141457 0.00042690165898613274
biography 0.010080645161290322 0.04575749056067514 0.0004612650258132575
skip 0.0010080645161290322 0.04575749056067514 4.612650258132575e-05
main 0.0010080645161290322 0.04575749056067514 4.612650258132575e-05
content 0.0010080645161290322 0.04575749056067514 4.612650258132575e-05
people 0.004032258064516129 0.04575749056067514 0.000184506010325303
nostalgia 0.0030241935483870967 0.04575749056067514 0.00013837950774397723
celebrity 0.0030241935483870967 0.04575749056067514 0.00013837950774397723
history 0.005040322580645161 0.04575749056067514 0.00023063251290662875
culture 0.0030241935483870967 0.04575749056067514 0.00013837950774397723
crime 0.0030241935483870967 0.04575749056067514 0.00013837950774397723
scandal 0.0030241935483870967 0.04575749056067514 0.00013837950774397723
video 0.0030241935483870967 0.04575749056067514 0.00013837950774397723
contact 0.0030241935483870967 0.04575749056067514 0.00013837950774397723
u 0.004032258064516129 0.20065945054641832 0.0008091106876871706
advertise 0.0020161290322580645 0.04575749056067514 9.22530051626515e-05
privacy 0.0030241935483870967 0.04575749056067514 0.00013837950774397723
notice 0.0020161290322580645 0.04575749056067514 9.22530051626515e-05
term 0.0020161290322580645 0.04575749056067514 9.22530051626515e-05
use 0.0020161290322580645 0.04575749056067514 9.22530051626515e-05
copyright 0.0020161290322580645 0.04575749056067514 9.22530051626515e-05
policy 0.0020161290322580645 0.04575749056067514 9.22530051626515e-05
ad 0.0020161290322580645 0.04575749056067514 9.22530051626515e-05
choice 0.0020161290322580645 0.04575749056067514 9.22530051626515e-05
accessibility 0.0020161290322580645 0.04575749056067514 9.22530051626515e-05
support 0.0020161290322580645 0.04575749056067514 9.22530051626515e-05
setting 0.0010080645161290322 0.04575749056067514 4.612650258132575e-05
february 0.0020161290322580645 0.04575749056067514 9.22530051626515e-05
subscribe 0.0020161290322580645 0.04575749056067514 9.22530051626515e-05
newsletter 0.0030241935483870967 0.04575749056067514 0.00013837950774397723
photo 0.0010080645161290322 0.12493873660829993 0.00012594630706481847
ethan 0.0010080645161290322 1.5228787452803376 0.0015351600254842114
miller 0.0010080645161290322 1.2218487496163564 0.0012317023685648753
getty 0.0010080645161290322 0.2291479883578558 0.00023099595600590303
image 0.0010080645161290322 0.2218487496163564 0.00022363785243584313
cirque 0.0010080645161290322 1.6989700043360187 0.0017126713753387284
du 0.0010080645161290322 1.3979400086720377 0.0014092137184193929
soleil 0.0010080645161290322 1.6989700043360187 0.0017126713753387284
quick 0.0010080645161290322 0.07058107428570728 7.11502764976888e-05
name 0.004032258064516129 0.05551732784983141 0.0002238601929428686
birth 0.0020161290322580645 0.07058107428570728 0.0001423005529953776
date 0.004032258064516129 0.07058107428570728 0.0002846011059907552
may 0.0020161290322580645 0.3098039199714864 0.0006246046773618677
place 0.0010080645161290322 0.07572071393811834 7.633136485697413e-05
barbour 0.0020161290322580645 1.6989700043360187 0.003425342750677457
county 0.0020161290322580645 0.8239087409443188 0.0016611063325490296
alabama 0.0020161290322580645 0.7447274948966939 0.001501466723582044
originally 0.0010080645161290322 0.8860566476931633 0.000893202265819721
kattie 0.0020161290322580645 1.6989700043360187 0.003425342750677457
b 0.0030241935483870967 0.37675070960209955 0.00113936706532893
screw 0.0030241935483870967 1.6989700043360187 0.005138014126016186
aka 0.0010080645161290322 0.853871964321762 0.0008607580285501633
esther 0.004032258064516129 1.6989700043360187 0.006850685501354914
scruse 0.004032258064516129 1.5228787452803376 0.006140640101936845
full 0.0010080645161290322 0.3010299956639812 0.00030345765691933586
zodiac 0.0010080645161290322 0.3010299956639812 0.00030345765691933586
sign 0.0020161290322580645 0.05551732784983141 0.0001119300964714343
taurus 0.0010080645161290322 1.3979400086720377 0.0014092137184193929
early 0.0020161290322580645 0.07572071393811834 0.00015266272971394825
life 0.004032258064516129 0.13679614097137055 0.0005515973426264941
shaping 0.0020161290322580645 1.2218487496163564 0.0024634047371297507
death 0.010080645161290322 0.2365720064370627 0.002384798451986519
michael 0.028225806451612902 0.494850021680094 0.013967540934518782
family 0.012096774193548387 0.11918640771920867 0.0014417710611194596
drama 0.0020161290322580645 1.0 0.0020161290322580645
cite 0.0010080645161290322 0.07058107428570728 7.11502764976888e-05
page 0.0010080645161290322 0.07058107428570728 7.11502764976888e-05
publish 0.0010080645161290322 0.07058107428570728 7.11502764976888e-05
apr 0.0010080645161290322 0.5528419686577808 0.0005573003716308274
comment 0.0020161290322580645 0.07058107428570728 0.0001423005529953776
best 0.005040322580645161 0.13667713987954408 0.0006888968743928633
known 0.0030241935483870967 0.06048074738138145 0.00018290548603240356
mother 0.004032258064516129 0.21467016498923297 0.0008656055039888426
international 0.0020161290322580645 0.40893539297350084 0.0008244665180917356
pop 0.005040322580645161 0.5686362358410126 0.002866110059682523
superstar 0.0020161290322580645 0.853871964321762 0.0017215160571003266
rest 0.0020161290322580645 0.6020599913279624 0.0012138306276773434
famous 0.0030241935483870967 0.494850021680094 0.0014965222429841553
matriarch 0.0020161290322580645 1.5228787452803376 0.0030703200509684227
famed 0.0010080645161290322 0.8860566476931633 0.000893202265819721
husband 0.0030241935483870967 0.7447274948966939 0.002252200085373066
joseph 0.008064516129032258 0.585026652029182 0.004717956871203081
together 0.0020161290322580645 0.431798275933005 0.0008705610401875101
encouraged 0.0020161290322580645 0.8239087409443188 0.0016611063325490296
musical 0.005040322580645161 0.48148606012211254 0.0024268450610993573
talent 0.0030241935483870967 1.853871964321762 0.005606467634037587
son 0.007056451612903226 1.1378686206869628 0.008029314863718487
jackie 0.0020161290322580645 1.2218487496163564 0.0024634047371297507
jermaine 0.004032258064516129 0.958607314841775 0.003865352075974899
marlon 0.0020161290322580645 1.2218487496163564 0.0024634047371297507
tito 0.0030241935483870967 1.2218487496163564 0.0036951071056946262
became 0.0020161290322580645 0.07572071393811834 0.00015266272971394825
acted 0.0020161290322580645 1.0969100130080565 0.0022115121230001137
costume 0.0020161290322580645 3.0969100130080562 0.006243770187516242
designer 0.0020161290322580645 1.1549019599857433 0.0023284313709389984
remained 0.0010080645161290322 0.585026652029182 0.0005897446089003851
supportive 0.0030241935483870967 1.3979400086720377 0.004227641155258179
success 0.0020161290322580645 0.431798275933005 0.0008705610401875101
well 0.0030241935483870967 0.20065945054641826 0.0006068330157653778
trouble 0.0010080645161290322 1.3010299956639813 0.0013115221730483682
june 0.0020161290322580645 0.28399665636520083 0.0005725739039620985
legal 0.0020161290322580645 0.5086383061657272 0.0010254804559792889
guardian 0.005040322580645161 1.045757490560675 0.0052709550935517895
three 0.0020161290322580645 0.2076083105017461 0.0004185651421406171
paris 0.006048387096774193 0.6020599913279624 0.0036414918830320305
prince 0.006048387096774193 0.6989700043360189 0.004227641155258179
jr 0.0010080645161290322 0.32790214206428253 0.00033054651417770413
blanket 0.004032258064516129 0.9208187539523752 0.003712978846582158
ii 0.0010080645161290322 0.48148606012211254 0.00048536901221987147
born 0.0010080645161290322 0.09151498112135023 9.225300516265143e-05
daughter 0.0020161290322580645 0.31875876262441283 0.0006426587956137355
martha 0.0010080645161290322 1.3010299956639813 0.0013115221730483682
mattie 0.0010080645161290322 1.6989700043360187 0.0017126713753387284
upshaw 0.0010080645161290322 1.6989700043360187 0.0017126713753387284
albert 0.0010080645161290322 1.5228787452803376 0.0015351600254842114
contracted 0.0010080645161290322 1.3979400086720377 0.0014092137184193929
polio 0.0010080645161290322 1.3010299956639813 0.0013115221730483682
young 0.0010080645161290322 0.3010299956639812 0.00030345765691933586
eventually 0.0010080645161290322 0.3979400086720376 0.00040114920229036047
recovered 0.0010080645161290322 1.0969100130080565 0.0011057560615000568
illness 0.0010080645161290322 1.2218487496163564 0.0012317023685648753
disease 0.0010080645161290322 0.8860566476931633 0.000893202265819721
left 0.0010080645161290322 0.2924298239020636 0.00029478812893353186
long 0.0010080645161290322 0.4559319556497244 0.0004596088262598028
limp 0.0010080645161290322 1.6989700043360187 0.0017126713753387284
moved 0.0020161290322580645 0.3872161432802645 0.0007806777082263397
east 0.0010080645161290322 0.8860566476931633 0.000893202265819721
chicago 0.0010080645161290322 0.638272163982407 0.0006434195201435555
indiana 0.0020161290322580645 0.7958800173440752 0.0016045968091614419
changed 0.0010080645161290322 0.6989700043360189 0.0007046068592096964
father 0.0020161290322580645 0.14874165128092467 0.00029988236145347713
decided 0.0020161290322580645 0.494850021680094 0.0009976814953227703
rename 0.0010080645161290322 1.6989700043360187 0.0017126713753387284
conjunction 0.0010080645161290322 1.6989700043360187 0.0017126713753387284
changing 0.0010080645161290322 1.2218487496163564 0.0012317023685648753
surname 0.0010080645161290322 1.3979400086720377 0.0014092137184193929
met 0.0020161290322580645 0.44369749923271273 0.0008945514097433724
still 0.0010080645161290322 0.431798275933005 0.00043528052009375503
teenager 0.0010080645161290322 0.958607314841775 0.0009663380189937247
boxer 0.0010080645161290322 1.1549019599857433 0.0011642156854694992
aspiring 0.0010080645161290322 1.3979400086720377 0.0014092137184193929
musician 0.0020161290322580645 0.6575773191777938 0.0013257607241487779
married 0.0020161290322580645 0.24412514432750856 0.0004921877909828802
two 0.0010080645161290322 0.11918640771920867 0.00012014758842662164
first 0.004032258064516129 0.0655015487564323 0.00026411914821142056
november 0.0030241935483870967 0.24412514432750856 0.0007382816864743202
divorced 0.0010080645161290322 0.853871964321762 0.0008607580285501633
wife 0.0030241935483870967 0.3098039199714864 0.0009369070160428015
couple 0.0010080645161290322 0.40893539297350084 0.0004122332590458678
gary 0.0010080645161290322 1.2218487496163564 0.0012317023685648753
would 0.0020161290322580645 0.2291479883578558 0.00046199191201180606
next 0.0020161290322580645 0.07058107428570728 0.0001423005529953776
year 0.0020161290322580645 0.24995468798823245 0.0005039409032020815
worked 0.0020161290322580645 0.3098039199714864 0.0006246046773618677
crane 0.0010080645161290322 1.3979400086720377 0.0014092137184193929
operator 0.0010080645161290322 1.3979400086720377 0.0014092137184193929
steel 0.0010080645161290322 1.0969100130080565 0.0011057560615000568
homemaker 0.0010080645161290322 1.3979400086720377 0.0014092137184193929
devout 0.0010080645161290322 1.5228787452803376 0.0015351600254842114
jehovah 0.0010080645161290322 1.5228787452803376 0.0015351600254842114
witness 0.0010080645161290322 1.3979400086720377 0.0014092137184193929
raised 0.0020161290322580645 0.585026652029182 0.0011794892178007702
faith 0.0010080645161290322 0.7958800173440752 0.0008022984045807209
strict 0.0010080645161290322 1.3010299956639813 0.0013115221730483682
discipline 0.0010080645161290322 1.2218487496163564 0.0012317023685648753
pianist 0.0010080645161290322 1.0969100130080565 0.0011057560615000568
singer 0.006048387096774193 0.4202164033831899 0.002541631472075745
also 0.004032258064516129 0.0861861476162833 0.0003475247887753359
later 0.0030241935483870967 0.09151498112135023 0.0002767590154879543
credit 0.0010080645161290322 1.0969100130080565 0.0011057560615000568
giving 0.0010080645161290322 1.0 0.0010080645161290322
vocal 0.0010080645161290322 0.853871964321762 0.0008607580285501633
gift 0.0010080645161290322 1.3979400086720377 0.0014092137184193929
soon 0.0020161290322580645 0.40893539297350084 0.0008244665180917356
noticing 0.0010080645161290322 1.6989700043360187 0.0017126713753387284
various 0.0010080645161290322 0.958607314841775 0.0009663380189937247
ability 0.0010080645161290322 1.3010299956639813 0.0013115221730483682
devoted 0.0010080645161290322 1.0 0.0010080645161290322
molding 0.0010080645161290322 1.6989700043360187 0.0017126713753387284
rehearsed 0.0010080645161290322 1.6989700043360187 0.0017126713753387284
group 0.006048387096774193 0.37675070960209955 0.00227873413065786
formed 0.0010080645161290322 0.721246399047171 0.0007270629022652934
consisting 0.0010080645161290322 1.5228787452803376 0.0015351600254842114
fame 0.0030241935483870967 0.48148606012211254 0.0014561070366596145
grew 0.0020161290322580645 0.494850021680094 0.0009976814953227703
performed 0.0010080645161290322 0.7695510786217261 0.0007757571357073852
show 0.0010080645161290322 0.6777807052660807 0.0006832466786956459
opening 0.0020161290322580645 0.9208187539523752 0.001856489423291079
act 0.0010080645161290322 0.853871964321762 0.0008607580285501633
took 0.0020161290322580645 0.28399665636520083 0.0005725739039620985
country 0.0010080645161290322 0.27572413039921095 0.00027794771209597877
including 0.0020161290322580645 0.2365720064370627 0.0004769596903973038
renowned 0.0010080645161290322 1.1549019599857433 0.0011642156854694992
apollo 0.0010080645161290322 1.1549019599857433 0.0011642156854694992
theater 0.0010080645161290322 1.045757490560675 0.0010541910187103578
harlem 0.0010080645161290322 1.1549019599857433 0.0011642156854694992
new 0.0030241935483870967 0.14266750356873154 0.000431454143857051
york 0.0010080645161290322 0.3467874862246563 0.0003495841595006616
amateur 0.0010080645161290322 1.3010299956639813 0.0013115221730483682
night 0.0020161290322580645 0.638272163982407 0.001286839040287111
competition 0.0010080645161290322 1.3010299956639813 0.0013115221730483682
time 0.0020161290322580645 0.1023729087095586 0.00020639699336604556
often 0.0010080645161290322 0.5376020021010439 0.0005419375021179879
making 0.0020161290322580645 0.3979400086720376 0.0008022984045807209
suit 0.0010080645161290322 1.5228787452803376 0.0015351600254842114
wear 0.0010080645161290322 1.1549019599857433 0.0011642156854694992
performance 0.0010080645161290322 0.8860566476931633 0.000893202265819721
signed 0.0010080645161290322 0.494850021680094 0.0004988407476613851
motown 0.0010080645161290322 1.2218487496163564 0.0012317023685648753
record 0.0010080645161290322 0.6989700043360189 0.0007046068592096964
backseat 0.0010080645161290322 1.6989700043360187 0.0017126713753387284
affair 0.0010080645161290322 0.7695510786217261 0.0007757571357073852
continued 0.0020161290322580645 0.3372421683184259 0.0006799237264484393
skyrockted 0.0010080645161290322 1.6989700043360187 0.0017126713753387284
solo 0.0020161290322580645 0.6575773191777938 0.0013257607241487779
artist 0.0030241935483870967 1.341035157335565 0.004055549870974491
stuck 0.0010080645161290322 1.6989700043360187 0.0017126713753387284
side 0.0010080645161290322 0.585026652029182 0.0005897446089003851
high 0.0010080645161290322 1.6989700043360187 0.0017126713753387284
low 0.0010080645161290322 1.6989700043360187 0.0017126713753387284
album 0.0030241935483870967 1.1214782044987934 0.0033915671507019963
thriller 0.0020161290322580645 0.7958800173440752 0.0016045968091614419
struggle 0.0010080645161290322 0.9208187539523752 0.0009282447116455395
molestation 0.0010080645161290322 1.6989700043360187 0.0017126713753387284
charge 0.0030241935483870967 1.8794260687941502 0.005683748191917793
public 0.0010080645161290322 0.2596373105057561 0.0002617311597840283
indiscretion 0.0010080645161290322 1.6989700043360187 0.0017126713753387284
woman 0.004032258064516129 0.7958800173440752 0.0032091936183228837
despite 0.0010080645161290322 0.4202164033831899 0.00042360524534595755
several 0.0020161290322580645 0.32790214206428253 0.0006610930283554083
tumultuous 0.0010080645161290322 1.5228787452803376 0.0015351600254842114
moment 0.0010080645161290322 1.0 0.0010080645161290322
relationship 0.0010080645161290322 0.5228787452803376 0.000527095509355179
remain 0.0010080645161290322 0.853871964321762 0.0008607580285501633
residing 0.0010080645161290322 1.5228787452803376 0.0015351600254842114
mansion 0.0010080645161290322 1.045757490560675 0.0010541910187103578
encino 0.0010080645161290322 1.5228787452803376 0.0015351600254842114
california 0.0020161290322580645 0.5528419686577808 0.0011146007432616548
pulled 0.0010080645161290322 0.958607314841775 0.0009663380189937247
medium 0.0020161290322580645 0.5086383061657272 0.0010254804559792889
spotlight 0.0020161290322580645 0.7958800173440752 0.0016045968091614419
died 0.0020161290322580645 0.31875876262441283 0.0006426587956137355
suffering 0.0010080645161290322 0.7958800173440752 0.0008022984045807209
cardiac 0.0010080645161290322 1.1549019599857433 0.0011642156854694992
arrest 0.0010080645161290322 0.8860566476931633 0.000893202265819721
acute 0.0020161290322580645 1.2218487496163564 0.0024634047371297507
propofol 0.0020161290322580645 1.1549019599857433 0.0023284313709389984
intoxication 0.0020161290322580645 1.2218487496163564 0.0024634047371297507
los 0.0010080645161290322 0.6020599913279624 0.0006069153138386717
angeles 0.0010080645161290322 0.6020599913279624 0.0006069153138386717
home 0.0010080645161290322 0.31875876262441283 0.00032132939780686777
copy 0.0010080645161290322 1.6989700043360187 0.0017126713753387284
listed 0.0010080645161290322 1.3010299956639813 0.0013115221730483682
named 0.0010080645161290322 0.494850021680094 0.0004988407476613851
one 0.004032258064516129 0.08092190762392613 0.0003262980146126054
recipient 0.0010080645161290322 1.6989700043360187 0.0017126713753387284
star 0.0020161290322580645 0.32790214206428253 0.0006610930283554083
estimated 0.0010080645161290322 1.045757490560675 0.0010541910187103578
million 0.0010080645161290322 0.5228787452803376 0.000527095509355179
fortune 0.0010080645161290322 1.0969100130080565 0.0011057560615000568
read 0.0010080645161290322 0.0655015487564323 6.602978705285514e-05
bella 0.0010080645161290322 0.0655015487564323 6.602978705285514e-05
hadid 0.0010080645161290322 0.0655015487564323 6.602978705285514e-05
sadie 0.0010080645161290322 0.06048074738138145 6.096849534413452e-05
alexander 0.0010080645161290322 0.05551732784983141 5.596504823571715e-05
adrienne 0.0010080645161290322 0.0655015487564323 6.602978705285514e-05
kennedy 0.0010080645161290322 0.06048074738138145 6.096849534413452e-05
official 0.0010080645161290322 0.721246399047171 0.0007270629022652934
coroner 0.0010080645161290322 1.045757490560675 0.0010541910187103578
report 0.0010080645161290322 0.8239087409443188 0.0008305531662745148
cause 0.0010080645161290322 1.0 0.0010080645161290322
released 0.0020161290322580645 0.3010299956639812 0.0006069153138386717
revealing 0.0010080645161290322 1.1549019599857433 0.0011642156854694992
overdose 0.0010080645161290322 1.0969100130080565 0.0011057560615000568
reportedly 0.0010080645161290322 0.721246399047171 0.0007270629022652934
combination 0.0010080645161290322 1.3979400086720377 0.0014092137184193929
lethal 0.0010080645161290322 1.5228787452803376 0.0015351600254842114
prescription 0.0010080645161290322 1.3010299956639813 0.0013115221730483682
drug 0.0030241935483870967 1.6575773191777938 0.0050128346346102635
cocktail 0.0010080645161290322 1.6989700043360187 0.0017126713753387284
included 0.0010080645161290322 0.48148606012211254 0.00048536901221987147
pain 0.0010080645161290322 1.3010299956639813 0.0013115221730483682
killer 0.0010080645161290322 1.3979400086720377 0.0014092137184193929
demerol 0.0010080645161290322 1.6989700043360187 0.0017126713753387284
lorazepam 0.0010080645161290322 1.5228787452803376 0.0015351600254842114
midazolam 0.0010080645161290322 1.5228787452803376 0.0015351600254842114
benzodiazepine 0.0010080645161290322 1.6989700043360187 0.0017126713753387284
diazepine 0.0010080645161290322 1.6989700043360187 0.0017126713753387284
ephedrine 0.0010080645161290322 1.6989700043360187 0.0017126713753387284
shut 0.0010080645161290322 0.958607314841775 0.0009663380189937247
weakened 0.0010080645161290322 1.6989700043360187 0.0017126713753387284
heart 0.0010080645161290322 0.5228787452803376 0.000527095509355179
aided 0.0010080645161290322 0.9208187539523752 0.0009282447116455395
personal 0.0010080645161290322 0.3372421683184259 0.00033996186322421965
physician 0.0010080645161290322 0.8239087409443188 0.0008305531662745148
dr 0.0020161290322580645 0.7958800173440752 0.0016045968091614419
conrad 0.0010080645161290322 1.0 0.0010080645161290322
murray 0.005040322580645161 1.0969100130080565 0.005528780307500284
used 0.0010080645161290322 0.5086383061657272 0.0005127402279896444
help 0.0010080645161290322 0.4559319556497244 0.0004596088262598028
sleep 0.0010080645161290322 1.045757490560675 0.0010541910187103578
police 0.0010080645161290322 0.5376020021010439 0.0005419375021179879
investigation 0.0010080645161290322 0.958607314841775 0.0009663380189937247
revealed 0.0020161290322580645 0.5086383061657272 0.0010254804559792889
licensed 0.0010080645161290322 1.0969100130080565 0.0011057560615000568
prescribe 0.0010080645161290322 1.1549019599857433 0.0011642156854694992
controlled 0.0010080645161290322 0.8239087409443188 0.0008305531662745148
action 0.0010080645161290322 0.6777807052660807 0.0006832466786956459
caring 0.0010080645161290322 1.3979400086720377 0.0014092137184193929
scrutinized 0.0010080645161290322 1.1549019599857433 0.0011642156854694992
ruled 0.0010080645161290322 0.7958800173440752 0.0008022984045807209
homicide 0.0010080645161290322 1.0969100130080565 0.0011057560615000568
turn 0.0010080645161290322 0.7958800173440752 0.0008022984045807209
found 0.0020161290322580645 0.3372421683184259 0.0006799237264484393
facing 0.0020161290322580645 1.1549019599857433 0.0023284313709389984
involuntary 0.0010080645161290322 1.3979400086720377 0.0014092137184193929
manslaughter 0.0010080645161290322 1.3010299956639813 0.0013115221730483682
guilty 0.0010080645161290322 0.7958800173440752 0.0008022984045807209
received 0.0010080645161290322 0.28399665636520083 0.00028628695198104924
four 0.0010080645161290322 0.28399665636520083 0.00028628695198104924
prison 0.0010080645161290322 0.6020599913279624 0.0006069153138386717
sentence 0.0010080645161290322 0.8239087409443188 0.0008305531662745148
july 0.0020161290322580645 0.37675070960209955 0.0007595780435526201
thrown 0.0010080645161290322 1.6989700043360187 0.0017126713753387284
bizarre 0.0010080645161290322 1.3979400086720377 0.0014092137184193929
incident 0.0010080645161290322 0.8860566476931633 0.000893202265819721
member 0.005040322580645161 0.8386319977650252 0.004226975795186619
reported 0.0010080645161290322 0.7447274948966939 0.000750733361791022
missing 0.0010080645161290322 1.1549019599857433 0.0011642156854694992
discovered 0.0010080645161290322 0.7958800173440752 0.0008022984045807209
taken 0.0010080645161290322 0.6989700043360189 0.0007046068592096964
trip 0.0010080645161290322 0.8860566476931633 0.000893202265819721
arizona 0.0010080645161290322 0.958607314841775 0.0009663380189937247
spending 0.0010080645161290322 0.721246399047171 0.0007270629022652934
judge 0.0020161290322580645 0.585026652029182 0.0011794892178007702
suspended 0.0010080645161290322 1.045757490560675 0.0010541910187103578
day 0.0030241935483870967 0.7013652168755644 0.0021210641639381987
tj 0.0020161290322580645 1.045757490560675 0.0021083820374207156
appointed 0.0010080645161290322 0.6777807052660807 0.0006832466786956459
temporary 0.0010080645161290322 0.853871964321762 0.0008607580285501633
stating 0.0010080645161290322 0.9208187539523752 0.0009282447116455395
suspending 0.0010080645161290322 1.5228787452803376 0.0015351600254842114
guardianship 0.0020161290322580645 1.0 0.0020161290322580645
gone 0.0010080645161290322 1.0969100130080565 0.0011057560615000568
communication 0.0010080645161290322 1.3010299956639813 0.0013115221730483682
location 0.0010080645161290322 1.2218487496163564 0.0012317023685648753
could 0.0020161290322580645 0.4202164033831899 0.0008472104906919151
confirmed 0.0010080645161290322 0.8860566476931633 0.000893202265819721
speculation 0.0010080645161290322 1.045757490560675 0.0010541910187103578
quickly 0.0010080645161290322 0.619788758288394 0.0006247870547262036
regarding 0.0010080645161290322 0.9208187539523752 0.0009282447116455395
whereabouts 0.0010080645161290322 1.3979400086720377 0.0014092137184193929
becoming 0.0010080645161290322 0.3372421683184259 0.00033996186322421965
worried 0.0010080645161290322 1.5228787452803376 0.0015351600254842114
possibly 0.0010080645161290322 1.3010299956639813 0.0013115221730483682
prevented 0.0010080645161290322 1.0969100130080565 0.0011057560615000568
communicating 0.0010080645161290322 1.5228787452803376 0.0015351600254842114
grandmother 0.0010080645161290322 0.6777807052660807 0.0006832466786956459
exacerbating 0.0010080645161290322 1.5228787452803376 0.0015351600254842114
paranoia 0.0010080645161290322 1.5228787452803376 0.0015351600254842114
disappearance 0.0010080645161290322 1.2218487496163564 0.0012317023685648753
came 0.0020161290322580645 0.3010299956639812 0.0006069153138386717
shortly 0.0010080645161290322 0.585026652029182 0.0005897446089003851
dispute 0.0010080645161290322 1.045757490560675 0.0010541910187103578
clan 0.0010080645161290322 1.3979400086720377 0.0014092137184193929
janet 0.0030241935483870967 0.8860566476931633 0.002679606797459163
question 0.0010080645161290322 0.9208187539523752 0.0009282447116455395
validity 0.0010080645161290322 1.3979400086720377 0.0014092137184193929
pointing 0.0010080645161290322 1.1549019599857433 0.0011642156854694992
finger 0.0010080645161290322 1.3010299956639813 0.0013115221730483682
calling 0.0010080645161290322 0.7958800173440752 0.0008022984045807209
executor 0.0010080645161290322 1.3979400086720377 0.0014092137184193929
estate 0.0010080645161290322 0.853871964321762 0.0008607580285501633
resign 0.0010080645161290322 1.0 0.0010080645161290322
august 0.0010080645161290322 0.494850021680094 0.0004988407476613851
restored 0.0010080645161290322 1.3010299956639813 0.0013115221730483682
primary 0.0010080645161290322 0.7695510786217261 0.0007757571357073852
approving 0.0010080645161290322 1.5228787452803376 0.0015351600254842114
plan 0.0010080645161290322 0.6989700043360189 0.0007046068592096964
granting 0.0010080645161290322 1.5228787452803376 0.0015351600254842114
co 0.0010080645161290322 0.4202164033831899 0.00042360524534595755
late 0.0010080645161290322 0.3665315444204135 0.00036948744397219104
entangled 0.0010080645161290322 1.5228787452803376 0.0015351600254842114
battle 0.0010080645161290322 0.721246399047171 0.0007270629022652934
believing 0.0010080645161290322 1.045757490560675 0.0010541910187103578
aeg 0.0010080645161290322 1.6989700043360187 0.0017126713753387284
live 0.0020161290322580645 0.431798275933005 0.0008705610401875101
company 0.0020161290322580645 0.494850021680094 0.0009976814953227703
promoted 0.0010080645161290322 0.8860566476931633 0.000893202265819721
planned 0.0010080645161290322 0.7958800173440752 0.0008022984045807209
comeback 0.0010080645161290322 1.0969100130080565 0.0011057560615000568
series 0.0010080645161290322 0.37675070960209955 0.00037978902177631004
failed 0.0010080645161290322 0.5376020021010439 0.0005419375021179879
effectively 0.0010080645161290322 0.958607314841775 0.0009663380189937247
protect 0.0010080645161290322 0.721246399047171 0.0007270629022652934
care 0.0010080645161290322 0.5376020021010439 0.0005419375021179879
thusly 0.0010080645161290322 1.6989700043360187 0.0017126713753387284
liable 0.0010080645161290322 1.5228787452803376 0.0015351600254842114
sue 0.0010080645161290322 1.1549019599857433 0.0011642156854694992
xa 0.0010080645161290322 0.17392519729917358 0.00017532781985803787
officially 0.0010080645161290322 0.6989700043360189 0.0007046068592096964
filed 0.0010080645161290322 0.7958800173440752 0.0008022984045807209
wrongful 0.0010080645161290322 1.2218487496163564 0.0012317023685648753
lawsuit 0.0010080645161290322 0.853871964321762 0.0008607580285501633
e 0.006048387096774193 0.04575749056067514 0.00027675901548795446
g 0.004032258064516129 0.8239087409443188 0.0033222126650980593
grandchild 0.0010080645161290322 1.6989700043360187 0.0017126713753387284
trial 0.0020161290322580645 0.7447274948966939 0.001501466723582044
began 0.0010080645161290322 0.20065945054641826 0.0002022776719217926
april 0.0020161290322580645 0.1549019599857432 0.00031230233868093386
represented 0.0010080645161290322 1.0969100130080565 0.0011057560615000568
attorney 0.0010080645161290322 0.494850021680094 0.0004988407476613851
brian 0.0010080645161290322 1.2218487496163564 0.0012317023685648753
panish 0.0020161290322580645 1.6989700043360187 0.003425342750677457
wanted 0.0010080645161290322 0.5528419686577808 0.0005573003716308274
cost 0.0010080645161290322 1.1549019599857433 0.0011642156854694992
said 0.0020161290322580645 0.2518119729937996 0.0005076854294229831
statement 0.0010080645161290322 1.2218487496163564 0.0012317023685648753
looking 0.0020161290322580645 0.853871964321762 0.0017215160571003266
sympathy 0.0010080645161290322 1.6989700043360187 0.0017126713753387284
truth 0.0010080645161290322 0.9208187539523752 0.0009282447116455395
justice 0.0010080645161290322 0.5376020021010439 0.0005419375021179879
lawyer 0.0020161290322580645 1.6363880201078558 0.0032991693953787413
sought 0.0010080645161290322 0.721246399047171 0.0007270629022652934
billion 0.0010080645161290322 0.8860566476931633 0.000893202265819721
estimation 0.0010080645161290322 1.2218487496163564 0.0012317023685648753
earned 0.0010080645161290322 0.40893539297350084 0.0004122332590458678
month 0.0010080645161290322 0.431798275933005 0.00043528052009375503
since 0.0010080645161290322 0.3372421683184259 0.00033996186322421965
alive 0.0010080645161290322 1.0 0.0010080645161290322
case 0.0010080645161290322 0.5228787452803376 0.000527095509355179
october 0.0010080645161290322 0.37675070960209955 0.00037978902177631004
jury 0.0010080645161290322 0.853871964321762 0.0008607580285501633
determined 0.0010080645161290322 0.7695510786217261 0.0007757571357073852
responsible 0.0010080645161290322 0.7695510786217261 0.0007757571357073852
although 0.0010080645161290322 0.431798275933005 0.00043528052009375503
terrible 0.0010080645161290322 1.0969100130080565 0.0011057560615000568
tragedy 0.0020161290322580645 0.853871964321762 0.0017215160571003266
marvin 0.0010080645161290322 1.0969100130080565 0.0011057560615000568
putnam 0.0010080645161290322 1.2218487496163564 0.0012317023685648753
check 0.0010080645161290322 0.07058107428570728 7.11502764976888e-05
strive 0.0010080645161290322 0.07058107428570728 7.11502764976888e-05
accuracy 0.0010080645161290322 0.07058107428570728 7.11502764976888e-05
fairness 0.0010080645161290322 0.07058107428570728 7.11502764976888e-05
see 0.0020161290322580645 0.04575749056067514 9.22530051626515e-05
something 0.0010080645161290322 0.07058107428570728 7.11502764976888e-05
look 0.0010080645161290322 0.07058107428570728 7.11502764976888e-05
right 0.0020161290322580645 0.07058107428570728 0.0001423005529953776
citation 0.0010080645161290322 0.07058107428570728 7.11502764976888e-05
information 0.0010080645161290322 0.07058107428570728 7.11502764976888e-05
article 0.0010080645161290322 0.07058107428570728 7.11502764976888e-05
title 0.0010080645161290322 0.07058107428570728 7.11502764976888e-05
author 0.0010080645161290322 0.06048074738138145 6.096849534413452e-05
com 0.0020161290322580645 0.06048074738138145 0.00012193699068826904
editor 0.0010080645161290322 0.1023729087095586 0.00010319849668302278
website 0.0020161290322580645 0.0655015487564323 0.00013205957410571028
url 0.0010080645161290322 0.07058107428570728 7.11502764976888e-05
access 0.0010080645161290322 0.07058107428570728 7.11502764976888e-05
publisher 0.0010080645161290322 0.07058107428570728 7.11502764976888e-05
television 0.0020161290322580645 0.04575749056067514 9.22530051626515e-05
network 0.0020161290322580645 0.04575749056067514 9.22530051626515e-05
last 0.0010080645161290322 0.0655015487564323 6.602978705285514e-05
updated 0.0010080645161290322 0.07058107428570728 7.11502764976888e-05
original 0.0010080645161290322 0.0655015487564323 6.602978705285514e-05
published 0.0010080645161290322 0.07058107428570728 7.11502764976888e-05
receive 0.0010080645161290322 0.05551732784983141 5.596504823571715e-05
story 0.0030241935483870967 0.05551732784983141 0.00016789514470715144
shaped 0.0020161290322580645 0.05551732784983141 0.0001119300964714343
world 0.0010080645161290322 0.04575749056067514 4.612650258132575e-05
person 0.009072580645161291 0.05060999335508724 0.00045916324616510605
elizabeth 0.0020161290322580645 0.7695510786217261 0.0015515142714147704
carmichael 0.0020161290322580645 1.6989700043360187 0.003425342750677457
promised 0.0010080645161290322 0.8860566476931633 0.000893202265819721
revolutionize 0.0010080645161290322 1.6989700043360187 0.0017126713753387284
automotive 0.0010080645161290322 1.3979400086720377 0.0014092137184193929
industry 0.0010080645161290322 0.7958800173440752 0.0008022984045807209
fuel 0.0010080645161290322 1.3010299956639813 0.0013115221730483682
efficient 0.0010080645161290322 1.3979400086720377 0.0014092137184193929
car 0.0010080645161290322 0.8860566476931633 0.000893202265819721
called 0.0010080645161290322 0.3010299956639812 0.00030345765691933586
dale 0.0010080645161290322 1.6989700043360187 0.0017126713753387284
vehicle 0.0010080645161290322 1.5228787452803376 0.0015351600254842114
never 0.0010080645161290322 0.431798275933005 0.00043528052009375503
manufactured 0.0010080645161290322 1.5228787452803376 0.0015351600254842114
fraud 0.0010080645161290322 1.045757490560675 0.0010541910187103578
publicly 0.0010080645161290322 0.619788758288394 0.0006247870547262036
transgender 0.0010080645161290322 1.0969100130080565 0.0011057560615000568
c 0.0020161290322580645 0.35654732351381263 0.0007188454103101061
kate 0.0020161290322580645 1.2218487496163564 0.0024634047371297507
sheppard 0.0020161290322580645 1.6989700043360187 0.003425342750677457
leader 0.0010080645161290322 0.37675070960209955 0.00037978902177631004
zealand 0.0020161290322580645 1.6989700043360187 0.003425342750677457
suffrage 0.0010080645161290322 1.6989700043360187 0.0017126713753387284
movement 0.0010080645161290322 0.48148606012211254 0.00048536901221987147
helping 0.0010080645161290322 0.958607314841775 0.0009663380189937247
gain 0.0010080645161290322 0.958607314841775 0.0009663380189937247
vote 0.0010080645161290322 0.638272163982407 0.0006434195201435555
catherine 0.0020161290322580645 1.2218487496163564 0.0024634047371297507
aragon 0.0020161290322580645 1.6989700043360187 0.003425342750677457
king 0.0010080645161290322 0.4685210829577449 0.00047229947878804927
henry 0.0010080645161290322 1.0969100130080565 0.0011057560615000568
viii 0.0010080645161290322 1.6989700043360187 0.0017126713753387284
refusal 0.0010080645161290322 1.1549019599857433 0.0011642156854694992
agree 0.0010080645161290322 1.5228787452803376 0.0015351600254842114
annulment 0.0010080645161290322 1.6989700043360187 0.0017126713753387284
marriage 0.0010080645161290322 0.5376020021010439 0.0005419375021179879
led 0.0010080645161290322 0.37675070960209955 0.00037978902177631004
creation 0.0010080645161290322 0.853871964321762 0.0008607580285501633
church 0.0010080645161290322 0.619788758288394 0.0006247870547262036
england 0.0010080645161290322 0.8860566476931633 0.000893202265819721
multi 0.0010080645161290322 0.6020599913279624 0.0006069153138386717
talented 0.0010080645161290322 0.7447274948966939 0.000750733361791022
entertainer 0.0010080645161290322 0.8239087409443188 0.0008305531662745148
enjoyed 0.0010080645161290322 0.6575773191777938 0.0006628803620743889
chart 0.0010080645161290322 0.6777807052660807 0.0006832466786956459
topping 0.0010080645161290322 0.7958800173440752 0.0008022984045807209
career 0.0010080645161290322 0.17392519729917358 0.00017532781985803787
selling 0.0020161290322580645 0.6575773191777938 0.0013257607241487779
number 0.0010080645161290322 0.4685210829577449 0.00047229947878804927
hit 0.0020161290322580645 0.8751698505861407 0.0017644553439236709
bad 0.0010080645161290322 0.6020599913279624 0.0006069153138386717
wall 0.0010080645161290322 0.5528419686577808 0.0005573003716308274
second 0.0010080645161290322 0.19382002601611284 0.00019538309074204922
legend 0.0010080645161290322 0.5686362358410126 0.0005732220119365047
youngest 0.0010080645161290322 0.5228787452803376 0.000527095509355179
sibling 0.0010080645161290322 0.9208187539523752 0.0009282447116455395
contemporary 0.0010080645161290322 0.7958800173440752 0.0008022984045807209
roster 0.0010080645161290322 0.958607314841775 0.0009663380189937247
includes 0.0010080645161290322 0.8860566476931633 0.000893202265819721
control 0.0010080645161290322 0.5528419686577808 0.0005573003716308274
rhythm 0.0010080645161290322 1.0 0.0010080645161290322
nation 0.0010080645161290322 0.35654732351381263 0.00035942270515505303
velvet 0.0010080645161290322 0.9208187539523752 0.0009282447116455395
rope 0.0010080645161290322 0.958607314841775 0.0009663380189937247
unbreakable 0.0010080645161290322 0.8860566476931633 0.000893202265819721
music 0.0010080645161290322 0.4559319556497244 0.0004596088262598028
brother 0.0010080645161290322 0.494850021680094 0.0004988407476613851
randy 0.0020161290322580645 0.9208187539523752 0.001856489423291079
r 0.0010080645161290322 0.5086383061657272 0.0005127402279896444
loading 0.0010080645161290322 0.04575749056067514 4.612650258132575e-05
logo 0.0010080645161290322 0.04575749056067514 4.612650258132575e-05
registered 0.0010080645161290322 0.04575749056067514 4.612650258132575e-05
trademark 0.0010080645161290322 0.04575749056067514 4.612650258132575e-05
llc 0.0010080645161290322 0.04575749056067514 4.612650258132575e-05
close 0.004032258064516129 0.04575749056067514 0.000184506010325303
