quincy 0.01818181818181818 1.3010299956639813 0.023655090830254202
jones 0.03151515151515152 1.0 0.03151515151515152
wife 0.0012121212121212121 0.3098039199714864 0.00037551990299574105
child 0.0036363636363636364 0.5000381344038097 0.0018183204887411264
song 0.006060606060606061 1.337242168318426 0.008104497989808642
biography 0.012121212121212121 0.04575749056067514 0.0005546362492203047
skip 0.0012121212121212121 0.04575749056067514 5.546362492203048e-05
main 0.0012121212121212121 0.04575749056067514 5.546362492203048e-05
content 0.0012121212121212121 0.04575749056067514 5.546362492203048e-05
people 0.0048484848484848485 0.04575749056067514 0.00022185449968812191
nostalgia 0.0036363636363636364 0.04575749056067514 0.00016639087476609142
celebrity 0.0036363636363636364 0.04575749056067514 0.00016639087476609142
history 0.0048484848484848485 0.04575749056067514 0.00022185449968812191
culture 0.0048484848484848485 0.04575749056067514 0.00022185449968812191
crime 0.0036363636363636364 0.04575749056067514 0.00016639087476609142
scandal 0.0036363636363636364 0.04575749056067514 0.00016639087476609142
video 0.0036363636363636364 0.04575749056067514 0.00016639087476609142
contact 0.0036363636363636364 0.04575749056067514 0.00016639087476609142
u 0.0036363636363636364 0.04575749056067514 0.00016639087476609142
advertise 0.0024242424242424242 0.04575749056067514 0.00011092724984406096
privacy 0.0036363636363636364 0.04575749056067514 0.00016639087476609142
notice 0.0024242424242424242 0.04575749056067514 0.00011092724984406096
term 0.0024242424242424242 0.04575749056067514 0.00011092724984406096
use 0.0024242424242424242 0.04575749056067514 0.00011092724984406096
copyright 0.0024242424242424242 0.04575749056067514 0.00011092724984406096
policy 0.0024242424242424242 0.04575749056067514 0.00011092724984406096
ad 0.0024242424242424242 0.04575749056067514 0.00011092724984406096
choice 0.0024242424242424242 0.04575749056067514 0.00011092724984406096
accessibility 0.0024242424242424242 0.04575749056067514 0.00011092724984406096
support 0.0024242424242424242 0.04575749056067514 0.00011092724984406096
setting 0.0012121212121212121 0.04575749056067514 5.546362492203048e-05
february 0.0012121212121212121 0.04575749056067514 5.546362492203048e-05
subscribe 0.0024242424242424242 0.04575749056067514 0.00011092724984406096
newsletter 0.0036363636363636364 0.04575749056067514 0.00016639087476609142
photo 0.0012121212121212121 0.12493873660829993 0.00015144089285854537
gregg 0.0012121212121212121 1.6989700043360187 0.002059357581013356
deguire 0.0012121212121212121 2.0 0.0024242424242424242
getty 0.0012121212121212121 0.2291479883578558 0.0002777551374034616
image 0.0012121212121212121 0.2218487496163564 0.0002689075752925532
quick 0.0012121212121212121 0.07058107428570728 8.555281731600883e-05
fact 0.0024242424242424242 0.14116214857141457 0.0003422112692640353
name 0.0024242424242424242 0.05551732784983141 0.00013458746145413676
birth 0.0024242424242424242 0.07058107428570728 0.00017110563463201766
date 0.0048484848484848485 0.07058107428570728 0.0003422112692640353
march 0.0024242424242424242 0.27572413039921095 0.0006684221343011174
age 0.0024242424242424242 0.11350927482751813 0.00027517399958186214
education 0.0024242424242424242 0.19382002601611284 0.00046986672973603114
berklee 0.0012121212121212121 2.0 0.0024242424242424242
college 0.0012121212121212121 0.40893539297350084 0.0004956792642103041
music 0.008484848484848486 0.4559319556497244 0.003868513563088571
place 0.0012121212121212121 0.07572071393811834 9.178268356135556e-05
chicago 0.0024242424242424242 0.638272163982407 0.0015473264581391687
illinois 0.0024242424242424242 1.045757490560675 0.002535169674086485
zodiac 0.0012121212121212121 0.3010299956639812 0.0003648848432290681
sign 0.0024242424242424242 0.05551732784983141 0.00013458746145413676
pisces 0.0012121212121212121 1.0969100130080565 0.00132958789455522
qwest 0.0036363636363636364 2.0 0.007272727272727273
production 0.0048484848484848485 2.221848749616356 0.010772599998139908
philanthropy 0.0024242424242424242 1.3010299956639813 0.0031540121107005606
venture 0.0036363636363636364 3.0969100130080562 0.011261490956392933
controversial 0.0024242424242424242 0.721246399047171 0.0017484761189022328
interview 0.0048484848484848485 1.8860566476931633 0.009144517079724428
cite 0.0012121212121212121 0.07058107428570728 8.555281731600883e-05
page 0.0012121212121212121 0.07058107428570728 8.555281731600883e-05
publish 0.0012121212121212121 0.07058107428570728 8.555281731600883e-05
feb 0.0012121212121212121 1.0969100130080565 0.00132958789455522
comment 0.0036363636363636364 1.2254830342714507 0.004456301942805275
best 0.0024242424242424242 0.13667713987954408 0.00033133852092010683
known 0.0048484848484848485 0.06048074738138145 0.00029323998730366763
composer 0.0012121212121212121 1.2218487496163564 0.0014810287874137654
record 0.009696969696969697 1.193820026016113 0.011576436615913822
producer 0.009696969696969697 0.8239087409443188 0.007989418094005515
legendary 0.0048484848484848485 0.853871964321762 0.004139985281560059
musician 0.007272727272727273 1.958607314841775 0.01424441683521291
frank 0.0048484848484848485 0.853871964321762 0.004139985281560059
sinatra 0.0048484848484848485 1.3010299956639813 0.006308024221401121
michael 0.006060606060606061 0.494850021680094 0.002999091040485418
jackson 0.008484848484848486 0.5228787452803376 0.00443654692965135
celine 0.0024242424242424242 2.0 0.0048484848484848485
dion 0.0024242424242424242 2.0 0.0048484848484848485
aretha 0.0036363636363636364 2.0 0.007272727272727273
franklin 0.0036363636363636364 0.8239087409443188 0.0029960317852520684
film 0.007272727272727273 1.3233063903751334 0.009624046475455516
convinced 0.0012121212121212121 1.5228787452803376 0.0018459136306428336
early 0.0036363636363636364 0.07572071393811834 0.0002753480506840667
explore 0.0012121212121212121 1.1549019599857433 0.0013998811636190829
teenage 0.0012121212121212121 1.3010299956639813 0.0015770060553502803
friend 0.0012121212121212121 0.638272163982407 0.0007736632290695843
ray 0.0036363636363636364 1.0969100130080565 0.00398876368366566
charles 0.0036363636363636364 0.8860566476931633 0.0032220241734296847
played 0.0024242424242424242 0.6575773191777938 0.0015941268343704093
various 0.0012121212121212121 0.958607314841775 0.0011619482604142727
band 0.0036363636363636364 2.2218487496163566 0.008079449998604934
began 0.0036363636363636364 0.20065945054641826 0.0007296707292597027
composing 0.0024242424242424242 1.5228787452803376 0.003691827261285667
television 0.007272727272727273 0.04575749056067514 0.00033278174953218283
mid 0.0024242424242424242 0.585026652029182 0.0014182464291616534
eventually 0.0024242424242424242 0.3979400086720376 0.0009647030513261518
produced 0.007272727272727273 0.7958800173440752 0.00578821830795691
score 0.0024242424242424242 1.5228787452803376 0.003691827261285667
worked 0.0036363636363636364 0.3098039199714864 0.0011265597089872232
famous 0.0024242424242424242 0.494850021680094 0.0011996364161941673
one 0.0036363636363636364 0.08092190762392613 0.0002942614822688223
grammy 0.0048484848484848485 0.6575773191777938 0.0031882536687408186
nominated 0.0012121212121212121 0.853871964321762 0.0010349963203900147
artist 0.0036363636363636364 0.721246399047171 0.0026227141783533494
nomination 0.0012121212121212121 1.3010299956639813 0.0015770060553502803
win 0.0012121212121212121 1.2218487496163564 0.0014810287874137654
life 0.0036363636363636364 0.13679614097137055 0.0004974405126231656
career 0.0036363636363636364 0.17392519729917358 0.0006324552629060858
famed 0.0012121212121212121 0.8860566476931633 0.0010740080578098949
born 0.0012121212121212121 0.09151498112135023 0.00011092724984406089
delight 0.0012121212121212121 2.0 0.0024242424242424242
jr 0.0012121212121212121 0.32790214206428253 0.00039745714189610005
multifaceted 0.0012121212121212121 2.0 0.0024242424242424242
jazz 0.0048484848484848485 1.0969100130080565 0.00531835157822088
pop 0.0048484848484848485 0.5686362358410126 0.0027570241737746065
figure 0.0036363636363636364 1.5016894462103996 0.005460688895310544
xa 0.013333333333333334 0.17392519729917358 0.002319002630655648
trumpet 0.0012121212121212121 1.3979400086720377 0.0016944727377842881
arranged 0.0036363636363636364 1.3979400086720377 0.005083418213352864
lionel 0.0012121212121212121 1.3979400086720377 0.0016944727377842881
hampton 0.0012121212121212121 1.3979400086720377 0.0016944727377842881
freelance 0.0012121212121212121 2.0 0.0024242424242424242
arranger 0.0012121212121212121 2.0 0.0024242424242424242
many 0.0012121212121212121 0.28399665636520083 0.00034423837135175855
session 0.0012121212121212121 1.2218487496163564 0.0014810287874137654
served 0.0012121212121212121 0.2676062401770315 0.00032437120021458363
musical 0.0048484848484848485 0.48148606012211254 0.0023344778672587272
director 0.0012121212121212121 0.5686362358410126 0.0006892560434436516
dizzy 0.0024242424242424242 1.5228787452803376 0.003691827261285667
gillespie 0.0024242424242424242 1.5228787452803376 0.003691827261285667
overseas 0.0012121212121212121 1.2218487496163564 0.0014810287874137654
big 0.0024242424242424242 0.5228787452803376 0.0012675848370432426
tour 0.0012121212121212121 0.7447274948966939 0.0009026999938141744
barclay 0.0012121212121212121 2.0 0.0024242424242424242
paris 0.0012121212121212121 0.6020599913279624 0.0007297696864581362
led 0.0012121212121212121 0.37675070960209955 0.0004566675267904237
star 0.0012121212121212121 0.32790214206428253 0.00039745714189610005
european 0.0012121212121212121 1.2218487496163564 0.0014810287874137654
harold 0.0012121212121212121 2.0 0.0024242424242424242
arlen 0.0012121212121212121 2.0 0.0024242424242424242
blue 0.0024242424242424242 1.0 0.0024242424242424242
opera 0.0012121212121212121 1.5228787452803376 0.0018459136306428336
free 0.0012121212121212121 0.6989700043360189 0.0008472363688921441
easy 0.0012121212121212121 1.2218487496163564 0.0014810287874137654
returning 0.0012121212121212121 0.8860566476931633 0.0010740080578098949
new 0.0012121212121212121 0.14266750356873154 0.00017293030735603823
york 0.0012121212121212121 0.3467874862246563 0.0004203484681510986
composed 0.0012121212121212121 1.5228787452803376 0.0018459136306428336
count 0.0012121212121212121 1.3979400086720377 0.0016944727377842881
basie 0.0012121212121212121 1.6989700043360187 0.002059357581013356
dinah 0.0012121212121212121 2.0 0.0024242424242424242
washington 0.0012121212121212121 0.3979400086720376 0.0004823515256630759
sarah 0.0012121212121212121 1.3010299956639813 0.0015770060553502803
vaughan 0.0012121212121212121 1.6989700043360187 0.002059357581013356
holding 0.0012121212121212121 1.1549019599857433 0.0013998811636190829
executive 0.0012121212121212121 0.5528419686577808 0.0006701114771609464
post 0.0012121212121212121 0.6989700043360189 0.0008472363688921441
mercury 0.0012121212121212121 1.6989700043360187 0.002059357581013356
producing 0.0024242424242424242 1.0969100130080565 0.00265917578911044
increasingly 0.0012121212121212121 1.2218487496163564 0.0014810287874137654
oriented 0.0012121212121212121 2.0 0.0024242424242424242
serving 0.0012121212121212121 0.48148606012211254 0.0005836194668146818
trailblazing 0.0012121212121212121 1.3010299956639813 0.0015770060553502803
african 0.0012121212121212121 0.28399665636520083 0.00034423837135175855
american 0.008484848484848486 0.1023729087095586 0.0008686186193538306
hollywood 0.0012121212121212121 0.7958800173440752 0.0009647030513261518
arena 0.0012121212121212121 0.9208187539523752 0.0011161439441846972
album 0.0036363636363636364 1.1214782044987934 0.004078102561813794
hey 0.0024242424242424242 1.6989700043360187 0.004118715162026712
side 0.0012121212121212121 0.585026652029182 0.0007091232145808267
sky 0.0012121212121212121 1.6989700043360187 0.002059357581013356
founded 0.0012121212121212121 0.619788758288394 0.000751259100955629
hugely 0.0012121212121212121 2.0 0.0024242424242424242
successful 0.0012121212121212121 0.4559319556497244 0.0005526447947269387
major 0.0024242424242424242 0.4202164033831899 0.0010187064324440967
soundtrack 0.0012121212121212121 1.3979400086720377 0.0016944727377842881
adaptation 0.0012121212121212121 1.5228787452803376 0.0018459136306428336
wizard 0.0012121212121212121 1.3979400086720377 0.0016944727377842881
oz 0.0012121212121212121 1.3010299956639813 0.0015770060553502803
wiz 0.0012121212121212121 1.6989700043360187 0.002059357581013356
starring 0.0036363636363636364 0.8239087409443188 0.0029960317852520684
diana 0.0012121212121212121 1.3979400086720377 0.0016944727377842881
ross 0.0012121212121212121 1.3010299956639813 0.0015770060553502803
time 0.0048484848484848485 0.4791236183116582 0.0023230236039353124
selling 0.0012121212121212121 0.6575773191777938 0.0007970634171852047
thriller 0.0012121212121212121 0.7958800173440752 0.0009647030513261518
read 0.0012121212121212121 0.0655015487564323 7.939581667446339e-05
next 0.0012121212121212121 0.07058107428570728 8.555281731600883e-05
bella 0.0012121212121212121 0.0655015487564323 7.939581667446339e-05
hadid 0.0012121212121212121 0.0655015487564323 7.939581667446339e-05
sadie 0.0012121212121212121 0.06048074738138145 7.330999682591691e-05
alexander 0.0012121212121212121 0.05551732784983141 6.729373072706838e-05
adrienne 0.0012121212121212121 0.0655015487564323 7.939581667446339e-05
kennedy 0.0012121212121212121 0.06048074738138145 7.330999682591691e-05
used 0.0012121212121212121 0.5086383061657272 0.0006165312802008815
clout 0.0012121212121212121 1.3979400086720377 0.0016944727377842881
among 0.0012121212121212121 0.35654732351381263 0.00043217857395613655
recording 0.0012121212121212121 0.8239087409443188 0.0009986772617506894
much 0.0012121212121212121 0.37675070960209955 0.0004566675267904237
celebrated 0.0012121212121212121 1.0969100130080565 0.00132958789455522
anthem 0.0012121212121212121 1.6989700043360187 0.002059357581013356
world 0.0036363636363636364 0.04575749056067514 0.00016639087476609142
raise 0.0012121212121212121 1.0969100130080565 0.00132958789455522
money 0.0012121212121212121 0.6575773191777938 0.0007970634171852047
victim 0.0012121212121212121 1.0969100130080565 0.00132958789455522
famine 0.0012121212121212121 2.0 0.0024242424242424242
ethiopia 0.0012121212121212121 2.0 0.0024242424242424242
work 0.0012121212121212121 0.2218487496163564 0.0002689075752925532
behalf 0.0012121212121212121 1.5228787452803376 0.0018459136306428336
social 0.0012121212121212121 0.5228787452803376 0.0006337924185216213
cause 0.0012121212121212121 1.045757490560675 0.0012675848370432424
spanned 0.0012121212121212121 1.3979400086720377 0.0016944727377842881
including 0.0024242424242424242 0.2365720064370627 0.0005735078943928792
listen 0.0012121212121212121 1.0969100130080565 0.00132958789455522
foundation 0.0012121212121212121 0.7695510786217261 0.0009327891862081529
built 0.0012121212121212121 1.0969100130080565 0.00132958789455522
home 0.0012121212121212121 1.2218487496163564 0.0014810287874137654
south 0.0024242424242424242 0.40893539297350084 0.0009913585284206082
africa 0.0024242424242424242 0.7447274948966939 0.0018053999876283487
charity 0.0012121212121212121 1.0 0.0012121212121212121
aim 0.0012121212121212121 1.3979400086720377 0.0016944727377842881
connect 0.0012121212121212121 1.3979400086720377 0.0016944727377842881
youth 0.0012121212121212121 2.0 0.0024242424242424242
technology 0.0012121212121212121 1.3010299956639813 0.0015770060553502803
sponsor 0.0012121212121212121 2.0 0.0024242424242424242
intercultural 0.0012121212121212121 2.0 0.0024242424242424242
exchange 0.0012121212121212121 1.045757490560675 0.0012675848370432424
teen 0.0012121212121212121 1.1549019599857433 0.0013998811636190829
los 0.0012121212121212121 0.6020599913279624 0.0007297696864581362
angeles 0.0012121212121212121 0.6020599913279624 0.0007297696864581362
color 0.0012121212121212121 1.0969100130080565 0.00132958789455522
purple 0.0012121212121212121 1.5228787452803376 0.0018459136306428336
directed 0.0024242424242424242 1.0969100130080565 0.00265917578911044
steven 0.0012121212121212121 1.3979400086720377 0.0016944727377842881
spielberg 0.0012121212121212121 1.6989700043360187 0.002059357581013356
whoopi 0.0012121212121212121 1.6989700043360187 0.002059357581013356
goldberg 0.0012121212121212121 1.6989700043360187 0.002059357581013356
oprah 0.0012121212121212121 1.1549019599857433 0.0013998811636190829
winfrey 0.0012121212121212121 1.1549019599857433 0.0013998811636190829
danny 0.0012121212121212121 1.6989700043360187 0.002059357581013356
glover 0.0012121212121212121 1.3010299956639813 0.0015770060553502803
well 0.0012121212121212121 0.20065945054641826 0.00024322357641990092
series 0.0012121212121212121 0.37675070960209955 0.0004566675267904237
fresh 0.0012121212121212121 1.5228787452803376 0.0018459136306428336
prince 0.0012121212121212121 0.6989700043360189 0.0008472363688921441
bel 0.0012121212121212121 1.6989700043360187 0.002059357581013356
air 0.0012121212121212121 0.8860566476931633 0.0010740080578098949
smith 0.0012121212121212121 1.1549019599857433 0.0013998811636190829
also 0.0024242424242424242 0.0861861476162833 0.00020893611543341408
published 0.006060606060606061 0.07058107428570728 0.00042776408658004415
magazine 0.0012121212121212121 1.3979400086720377 0.0016944727377842881
vibe 0.0012121212121212121 2.0 0.0024242424242424242
spin 0.0012121212121212121 1.6989700043360187 0.002059357581013356
formed 0.0012121212121212121 0.721246399047171 0.0008742380594511164
entertainment 0.0012121212121212121 1.0 0.0012121212121212121
qje 0.0012121212121212121 2.0 0.0024242424242424242
co 0.0024242424242424242 0.4202164033831899 0.0010187064324440967
warner 0.0012121212121212121 2.0 0.0024242424242424242
inc 0.0012121212121212121 1.3010299956639813 0.0015770060553502803
q 0.0012121212121212121 2.0 0.0024242424242424242
autobiography 0.0012121212121212121 1.0 0.0012121212121212121
gq 0.0012121212121212121 1.6989700043360187 0.002059357581013356
icon 0.0012121212121212121 1.0 0.0012121212121212121
said 0.0012121212121212121 0.2518119729937996 0.0003052266339318783
liked 0.0012121212121212121 1.5228787452803376 0.0018459136306428336
contemporary 0.0012121212121212121 0.7958800173440752 0.0009647030513261518
like 0.006060606060606061 1.537602002101044 0.0093188000127336
bruno 0.0012121212121212121 2.0 0.0024242424242424242
mar 0.0012121212121212121 2.0 0.0024242424242424242
drake 0.0012121212121212121 2.0 0.0024242424242424242
kendrick 0.0012121212121212121 1.5228787452803376 0.0018459136306428336
lamar 0.0012121212121212121 1.3979400086720377 0.0016944727377842881
admitted 0.0012121212121212121 0.7958800173440752 0.0009647030513261518
fan 0.0012121212121212121 1.5228787452803376 0.0018459136306428336
taylor 0.0012121212121212121 1.0 0.0012121212121212121
swift 0.0012121212121212121 1.3979400086720377 0.0016944727377842881
saying 0.0012121212121212121 0.7958800173440752 0.0009647030513261518
need 0.0012121212121212121 0.638272163982407 0.0007736632290695843
man 0.0024242424242424242 0.37675070960209955 0.0009133350535808474
f 0.0012121212121212121 0.721246399047171 0.0008742380594511164
ing 0.0012121212121212121 2.0 0.0024242424242424242
hook 0.0012121212121212121 1.6989700043360187 0.002059357581013356
raised 0.0012121212121212121 0.585026652029182 0.0007091232145808267
eyebrow 0.0012121212121212121 2.0 0.0024242424242424242
another 0.0024242424242424242 0.40893539297350084 0.0009913585284206082
vulture 0.0012121212121212121 2.0 0.0024242424242424242
around 0.0012121212121212121 0.4559319556497244 0.0005526447947269387
alleging 0.0012121212121212121 1.3979400086720377 0.0016944727377842881
stole 0.0012121212121212121 1.6989700043360187 0.002059357581013356
lot 0.0012121212121212121 1.0969100130080565 0.00132958789455522
marlon 0.0012121212121212121 1.2218487496163564 0.0014810287874137654
brando 0.0012121212121212121 2.0 0.0024242424242424242
richard 0.0012121212121212121 0.6777807052660807 0.0008215523700194917
pryor 0.0012121212121212121 1.6989700043360187 0.002059357581013356
slept 0.0012121212121212121 1.6989700043360187 0.002059357581013356
together 0.0024242424242424242 0.431798275933005 0.0010467836992315274
released 0.0024242424242424242 0.3010299956639812 0.0007297696864581362
statement 0.0012121212121212121 0.638272163982407 0.0007736632290695843
shortly 0.0012121212121212121 0.585026652029182 0.0007091232145808267
afterward 0.0012121212121212121 0.853871964321762 0.0010349963203900147
apologized 0.0012121212121212121 1.2218487496163564 0.0014810287874137654
bad 0.0012121212121212121 0.6020599913279624 0.0007297696864581362
mouthing 0.0012121212121212121 2.0 0.0024242424242424242
others 0.0012121212121212121 0.494850021680094 0.0005998182080970836
signing 0.0012121212121212121 1.045757490560675 0.0012675848370432424
encourage 0.0012121212121212121 1.1549019599857433 0.0013998811636190829
please 0.0012121212121212121 1.2218487496163564 0.0014810287874137654
grow 0.0012121212121212121 1.0969100130080565 0.00132958789455522
keep 0.0012121212121212121 0.6575773191777938 0.0007970634171852047
keepin 0.0012121212121212121 2.0 0.0024242424242424242
love 0.0012121212121212121 0.5086383061657272 0.0006165312802008815
year 0.0012121212121212121 0.1307682802690238 0.0001585070063866955
old 0.0012121212121212121 0.28399665636520083 0.00034423837135175855
bow 0.0012121212121212121 2.0 0.0024242424242424242
legged 0.0012121212121212121 2.0 0.0024242424242424242
still 0.0012121212121212121 0.431798275933005 0.0005233918496157637
learning 0.0012121212121212121 0.958607314841775 0.0011619482604142727
mistake 0.0012121212121212121 1.5228787452803376 0.0018459136306428336
september 0.0012121212121212121 0.5086383061657272 0.0006165312802008815
documentary 0.0012121212121212121 0.8239087409443188 0.0009986772617506894
entitled 0.0012121212121212121 1.045757490560675 0.0012675848370432424
netflix 0.0012121212121212121 1.2218487496163564 0.0014810287874137654
daughter 0.006060606060606061 1.1426675035687315 0.006925257597386251
actress 0.0024242424242424242 0.6020599913279624 0.0014595393729162724
rashida 0.0024242424242424242 1.5228787452803376 0.003691827261285667
spouse 0.0012121212121212121 2.0 0.0024242424242424242
married 0.0036363636363636364 0.24412514432750856 0.0008877277975545766
three 0.0012121212121212121 0.2076083105017461 0.00025164643697181345
first 0.0012121212121212121 0.0655015487564323 7.939581667446339e-05
marriage 0.0024242424242424242 0.5376020021010439 0.0013032775808510155
jeri 0.0012121212121212121 1.5228787452803376 0.0018459136306428336
caldwell 0.0012121212121212121 2.0 0.0024242424242424242
named 0.0012121212121212121 0.494850021680094 0.0005998182080970836
jolie 0.0012121212121212121 2.0 0.0024242424242424242
ulla 0.0012121212121212121 2.0 0.0024242424242424242
andersson 0.0012121212121212121 2.0 0.0024242424242424242
share 0.0012121212121212121 1.6989700043360187 0.002059357581013356
son 0.0012121212121212121 0.28399665636520083 0.00034423837135175855
martina 0.0012121212121212121 2.0 0.0024242424242424242
final 0.0012121212121212121 0.6989700043360189 0.0008472363688921441
peggy 0.0012121212121212121 2.0 0.0024242424242424242
lipton 0.0012121212121212121 2.0 0.0024242424242424242
pair 0.0012121212121212121 0.7958800173440752 0.0009647030513261518
two 0.0024242424242424242 0.11918640771920867 0.0002889367459859604
kidada 0.0012121212121212121 2.0 0.0024242424242424242
relationship 0.0012121212121212121 1.1549019599857433 0.0013998811636190829
check 0.0012121212121212121 0.07058107428570728 8.555281731600883e-05
strive 0.0012121212121212121 0.07058107428570728 8.555281731600883e-05
accuracy 0.0012121212121212121 0.07058107428570728 8.555281731600883e-05
fairness 0.0012121212121212121 0.07058107428570728 8.555281731600883e-05
see 0.0024242424242424242 0.04575749056067514 0.00011092724984406096
something 0.0012121212121212121 0.07058107428570728 8.555281731600883e-05
look 0.0012121212121212121 0.07058107428570728 8.555281731600883e-05
right 0.0024242424242424242 0.39848321634998984 0.0009660199184242178
citation 0.0012121212121212121 0.07058107428570728 8.555281731600883e-05
information 0.0012121212121212121 0.07058107428570728 8.555281731600883e-05
article 0.0012121212121212121 0.07058107428570728 8.555281731600883e-05
title 0.0012121212121212121 0.07058107428570728 8.555281731600883e-05
author 0.0012121212121212121 0.06048074738138145 7.330999682591691e-05
com 0.0024242424242424242 0.06048074738138145 0.00014661999365183381
editor 0.0012121212121212121 0.1023729087095586 0.00012408837419340438
website 0.0024242424242424242 0.0655015487564323 0.00015879163334892678
url 0.0012121212121212121 0.07058107428570728 8.555281731600883e-05
access 0.0012121212121212121 0.07058107428570728 8.555281731600883e-05
publisher 0.0012121212121212121 0.07058107428570728 8.555281731600883e-05
e 0.0024242424242424242 0.04575749056067514 0.00011092724984406096
network 0.0024242424242424242 0.04575749056067514 0.00011092724984406096
last 0.0012121212121212121 0.0655015487564323 7.939581667446339e-05
updated 0.0012121212121212121 0.07058107428570728 8.555281731600883e-05
january 0.0012121212121212121 0.2676062401770315 0.00032437120021458363
original 0.0012121212121212121 0.0655015487564323 7.939581667446339e-05
april 0.0012121212121212121 0.1549019599857432 0.00018775995149787053
receive 0.0012121212121212121 0.05551732784983141 6.729373072706838e-05
story 0.0036363636363636364 0.05551732784983141 0.00020188119218120514
shaped 0.0024242424242424242 0.05551732784983141 0.00013458746145413676
person 0.01090909090909091 0.05060999335508724 0.0005521090184191336
nina 0.0024242424242424242 1.6989700043360187 0.004118715162026712
simone 0.0024242424242424242 1.6989700043360187 0.004118715162026712
performer 0.0012121212121212121 1.2218487496163564 0.0014810287874137654
sang 0.0012121212121212121 1.2218487496163564 0.0014810287874137654
mix 0.0012121212121212121 1.1549019599857433 0.0013998811636190829
folk 0.0024242424242424242 1.5228787452803376 0.003691827261285667
staunch 0.0012121212121212121 1.0 0.0012121212121212121
civil 0.0012121212121212121 0.3467874862246563 0.0004203484681510986
activist 0.0012121212121212121 0.494850021680094 0.0005998182080970836
tune 0.0012121212121212121 2.0 0.0024242424242424242
mississippi 0.0012121212121212121 1.1549019599857433 0.0013998811636190829
goddam 0.0012121212121212121 2.0 0.0024242424242424242
young 0.0012121212121212121 0.3010299956639812 0.0003648848432290681
gifted 0.0012121212121212121 1.6989700043360187 0.002059357581013356
black 0.0012121212121212121 0.3872161432802645 0.00046935290094577515
four 0.0012121212121212121 0.28399665636520083 0.00034423837135175855
woman 0.0012121212121212121 0.3979400086720376 0.0004823515256630759
stevie 0.0024242424242424242 1.3979400086720377 0.0033889454755685763
wonder 0.0024242424242424242 1.2218487496163564 0.0029620575748275308
former 0.0012121212121212121 0.27572413039921095 0.0003342110671505587
prodigy 0.0012121212121212121 1.3979400086720377 0.0016944727377842881
became 0.0012121212121212121 0.07572071393811834 9.178268356135556e-05
creative 0.0012121212121212121 1.2218487496163564 0.0014810287874137654
th 0.0012121212121212121 0.2076083105017461 0.00025164643697181345
century 0.0012121212121212121 0.494850021680094 0.0005998182080970836
hit 0.0036363636363636364 0.8751698505861407 0.003182435820313239
cherie 0.0012121212121212121 1.5228787452803376 0.0018459136306428336
amour 0.0012121212121212121 1.5228787452803376 0.0018459136306428336
sunshine 0.0012121212121212121 1.3979400086720377 0.0016944727377842881
superstition 0.0012121212121212121 1.5228787452803376 0.0018459136306428336
charlie 0.0024242424242424242 1.3010299956639813 0.0031540121107005606
parker 0.0024242424242424242 1.1549019599857433 0.0027997623272381657
award 0.0012121212121212121 0.494850021680094 0.0005998182080970836
winning 0.0036363636363636364 0.4202164033831899 0.0015280596486661451
saxophonist 0.0012121212121212121 1.3979400086720377 0.0016944727377842881
invented 0.0012121212121212121 1.5228787452803376 0.0018459136306428336
style 0.0024242424242424242 0.8239087409443188 0.0019973545235013788
called 0.0012121212121212121 0.3010299956639812 0.0003648848432290681
bop 0.0012121212121212121 1.5228787452803376 0.0018459136306428336
bebop 0.0012121212121212121 1.5228787452803376 0.0018459136306428336
r 0.0048484848484848485 0.5086383061657272 0.002466125120803526
kelly 0.0024242424242424242 1.3979400086720377 0.0033889454755685763
b 0.0024242424242424242 0.37675070960209955 0.0009133350535808474
singer 0.0024242424242424242 0.4202164033831899 0.0010187064324440967
songwriter 0.0012121212121212121 0.8860566476931633 0.0010740080578098949
gospel 0.0024242424242424242 0.958607314841775 0.0023238965208285454
tinged 0.0012121212121212121 1.6989700043360187 0.002059357581013356
vocal 0.0012121212121212121 1.3010299956639813 0.0015770060553502803
highly 0.0012121212121212121 0.9208187539523752 0.0011161439441846972
sexualized 0.0012121212121212121 2.0 0.0024242424242424242
lyric 0.0012121212121212121 1.2218487496163564 0.0014810287874137654
accusation 0.0012121212121212121 1.1549019599857433 0.0013998811636190829
misconduct 0.0012121212121212121 1.5228787452803376 0.0018459136306428336
walt 0.0024242424242424242 2.0 0.0048484848484848485
disney 0.0036363636363636364 1.3010299956639813 0.004731018166050841
motion 0.0012121212121212121 1.6989700043360187 0.002059357581013356
picture 0.0012121212121212121 0.9208187539523752 0.0011161439441846972
showman 0.0012121212121212121 2.0 0.0024242424242424242
pioneer 0.0024242424242424242 0.958607314841775 0.0023238965208285454
cartoon 0.0012121212121212121 2.0 0.0024242424242424242
mickey 0.0012121212121212121 2.0 0.0024242424242424242
mouse 0.0012121212121212121 1.6989700043360187 0.002059357581013356
creator 0.0012121212121212121 1.3010299956639813 0.0015770060553502803
amusement 0.0012121212121212121 2.0 0.0024242424242424242
park 0.0012121212121212121 1.1549019599857433 0.0013998811636190829
disneyland 0.0012121212121212121 2.0 0.0024242424242424242
casey 0.0036363636363636364 2.0 0.007272727272727273
railroad 0.0012121212121212121 2.0 0.0024242424242424242
engineer 0.0012121212121212121 2.0 0.0024242424242424242
speed 0.0012121212121212121 1.5228787452803376 0.0018459136306428336
died 0.0012121212121212121 0.31875876262441283 0.000386374257726561
collided 0.0012121212121212121 2.0 0.0024242424242424242
train 0.0012121212121212121 1.0 0.0012121212121212121
immortalized 0.0012121212121212121 2.0 0.0024242424242424242
hero 0.0012121212121212121 1.2218487496163564 0.0014810287874137654
release 0.0012121212121212121 0.5686362358410126 0.0006892560434436516
wallace 0.0012121212121212121 1.3979400086720377 0.0016944727377842881
saunders 0.0012121212121212121 2.0 0.0024242424242424242
ballad 0.0012121212121212121 1.6989700043360187 0.002059357581013356
buble 0.0012121212121212121 2.0 0.0024242424242424242
bubl 0.0012121212121212121 2.0 0.0024242424242424242
canada 0.0012121212121212121 1.0 0.0012121212121212121
whose 0.0012121212121212121 0.7695510786217261 0.0009327891862081529
inspired 0.0012121212121212121 0.6989700043360189 0.0008472363688921441
great 0.0012121212121212121 2.0 0.0024242424242424242
tony 0.0012121212121212121 1.3979400086720377 0.0016944727377842881
bennett 0.0012121212121212121 1.6989700043360187 0.002059357581013356
randy 0.0024242424242424242 0.9208187539523752 0.0022322878883693944
notable 0.0012121212121212121 1.045757490560675 0.0012675848370432424
mostly 0.0012121212121212121 0.8239087409443188 0.0009986772617506894
judge 0.0012121212121212121 0.585026652029182 0.0007091232145808267
talent 0.0012121212121212121 0.853871964321762 0.0010349963203900147
search 0.0012121212121212121 1.2218487496163564 0.0014810287874137654
tv 0.0012121212121212121 0.5228787452803376 0.0006337924185216213
show 0.0012121212121212121 0.494850021680094 0.0005998182080970836
idol 0.0012121212121212121 1.6989700043360187 0.002059357581013356
soul 0.0012121212121212121 0.853871964321762 0.0010349963203900147
integrating 0.0012121212121212121 1.0969100130080565 0.00132958789455522
country 0.0012121212121212121 0.27572413039921095 0.0003342110671505587
create 0.0012121212121212121 0.8239087409443188 0.0009986772617506894
unchain 0.0012121212121212121 1.3979400086720377 0.0016944727377842881
heart 0.0012121212121212121 0.5228787452803376 0.0006337924185216213
road 0.0012121212121212121 0.853871964321762 0.0010349963203900147
jack 0.0012121212121212121 0.853871964321762 0.0010349963203900147
georgia 0.0012121212121212121 0.721246399047171 0.0008742380594511164
mind 0.0012121212121212121 1.0 0.0012121212121212121
loading 0.0012121212121212121 0.04575749056067514 5.546362492203048e-05
logo 0.0012121212121212121 0.04575749056067514 5.546362492203048e-05
registered 0.0012121212121212121 0.04575749056067514 5.546362492203048e-05
trademark 0.0012121212121212121 0.04575749056067514 5.546362492203048e-05
llc 0.0012121212121212121 0.04575749056067514 5.546362492203048e-05
close 0.0048484848484848485 0.04575749056067514 0.00022185449968812191
