tulsi 0.0064754856614246065 1.6989700043360187 0.011001655902268391
gabbard 0.04070305272895467 1.6989700043360187 0.06915326567140131
policy 0.008325624421831638 0.7670038896078462 0.006385786314958941
age 0.0027752081406105457 0.11350927482751813 0.000315011863536128
biography 0.009250693802035153 0.04575749056067514 0.00042328853432631954
skip 0.0009250693802035153 0.04575749056067514 4.2328853432631956e-05
main 0.0018501387604070306 0.04575749056067514 8.465770686526391e-05
content 0.0009250693802035153 0.04575749056067514 4.2328853432631956e-05
people 0.004625346901017576 0.04575749056067514 0.00021164426716315977
nostalgia 0.0027752081406105457 0.04575749056067514 0.00012698656029789586
celebrity 0.0027752081406105457 0.04575749056067514 0.00012698656029789586
history 0.0027752081406105457 0.04575749056067514 0.00012698656029789586
culture 0.0027752081406105457 0.04575749056067514 0.00012698656029789586
crime 0.0027752081406105457 0.04575749056067514 0.00012698656029789586
scandal 0.0027752081406105457 0.04575749056067514 0.00012698656029789586
video 0.0027752081406105457 0.04575749056067514 0.00012698656029789586
contact 0.0027752081406105457 0.04575749056067514 0.00012698656029789586
u 0.010175763182238668 0.20065945054641832 0.0020418630490384843
advertise 0.0018501387604070306 0.04575749056067514 8.465770686526391e-05
privacy 0.0027752081406105457 0.04575749056067514 0.00012698656029789586
notice 0.0018501387604070306 0.04575749056067514 8.465770686526391e-05
term 0.002775208140610546 0.5406075122407692 0.001500298368845798
use 0.0018501387604070306 0.04575749056067514 8.465770686526391e-05
copyright 0.0018501387604070306 0.04575749056067514 8.465770686526391e-05
ad 0.0018501387604070306 0.04575749056067514 8.465770686526391e-05
choice 0.0018501387604070306 0.04575749056067514 8.465770686526391e-05
accessibility 0.0018501387604070306 0.04575749056067514 8.465770686526391e-05
support 0.0037002775208140612 0.04575749056067514 0.00016931541373052782
setting 0.0009250693802035153 0.04575749056067514 4.2328853432631956e-05
february 0.0027752081406105457 0.04575749056067514 0.00012698656029789586
subscribe 0.0018501387604070306 0.04575749056067514 8.465770686526391e-05
newsletter 0.0027752081406105457 0.04575749056067514 0.00012698656029789586
photo 0.0009250693802035153 0.12493873660829993 0.00011557699963765026
justin 0.0009250693802035153 1.1549019599857433 0.0010683644403198366
sullivan 0.0009250693802035153 1.6989700043360187 0.0015716651288954846
getty 0.0009250693802035153 0.2291479883578558 0.000211977787565084
image 0.0009250693802035153 0.2218487496163564 0.00020522548530652767
quick 0.0009250693802035153 0.07058107428570728 6.529239064357751e-05
fact 0.0018501387604070306 0.14116214857141457 0.00026116956257431006
name 0.0018501387604070306 0.05551732784983141 0.0001027147601291978
birth 0.0018501387604070306 0.07058107428570728 0.00013058478128715503
date 0.0037002775208140612 0.07058107428570728 0.00026116956257431006
april 0.0018501387604070306 0.1549019599857432 0.00028659012023264234
place 0.0009250693802035153 0.07572071393811834 7.004691391130282e-05
american 0.004625346901017576 0.1023729087095586 0.00047351021604791216
samoa 0.0018501387604070306 2.0 0.0037002775208140612
zodiac 0.0009250693802035153 0.3010299956639812 0.00027847363151154597
sign 0.0018501387604070306 0.05551732784983141 0.0001027147601291978
aries 0.0009250693802035153 1.5228787452803376 0.001408768497021589
cite 0.0009250693802035153 0.07058107428570728 6.529239064357751e-05
page 0.0009250693802035153 0.07058107428570728 6.529239064357751e-05
publish 0.0009250693802035153 0.07058107428570728 6.529239064357751e-05
nov 0.0009250693802035153 1.045757490560675 0.0009673982336361472
comment 0.0018501387604070306 0.07058107428570728 0.00013058478128715503
congresswoman 0.0009250693802035153 1.045757490560675 0.0009673982336361472
represents 0.0009250693802035153 1.5228787452803376 0.001408768497021589
state 0.008325624421831638 0.4930892744484819 0.004105276105491523
hawaii 0.008325624421831638 1.0 0.008325624421831638
iraq 0.0037002775208140612 0.853871964321762 0.003159563235233162
war 0.004625346901017576 1.6575773191777938 0.007666870116456031
veteran 0.002775208140610546 2.0757207139381184 0.005760557022955001
major 0.0009250693802035153 0.4202164033831899 0.0003887293278290378
army 0.0027752081406105457 0.7695510786217261 0.0021356644180066404
national 0.0064754856614246065 0.3010299956639812 0.0019493154205808218
guard 0.0037002775208140612 0.9208187539523752 0.003407284935993988
ran 0.0027752081406105457 0.48148606012211254 0.0013362240336413853
democratic 0.013876040703052728 0.3872161432802645 0.005373026965036047
presidential 0.018501387604070305 0.3665315444204135 0.006781342172440584
candidate 0.01387604070305273 1.4710832997223453 0.020412811744528383
served 0.0037002775208140612 0.2676062401770315 0.0009902173549566384
house 0.004625346901017576 0.32790214206428253 0.0015166611566340543
representative 0.0037002775208140612 0.6575773191777938 0.0024332185723507636
behalf 0.0009250693802035153 1.5228787452803376 0.001408768497021589
nd 0.0018501387604070306 1.0969100130080565 0.0020294357317447854
congressional 0.0018501387604070306 0.721246399047171 0.0013344059186811675
district 0.0037002775208140612 0.721246399047171 0.002668811837362335
since 0.0018501387604070306 0.3372421683184259 0.0006239448072496317
deployed 0.0018501387604070306 1.5228787452803376 0.002817536994043178
kuwait 0.0027752081406105457 1.6989700043360187 0.004714995386686453
part 0.0018501387604070306 0.3372421683184259 0.0006239448072496317
one 0.0018501387604070306 0.08092190762392613 0.00014971675786110294
first 0.0064754856614246065 0.0655015487564323 0.0004241543397733821
female 0.0027752081406105457 0.6020599913279624 0.0016708417890692758
combat 0.0027752081406105457 1.2218487496163564 0.0033908845965301285
hindu 0.0009250693802035153 2.0 0.0018501387604070306
elected 0.0037002775208140612 0.3665315444204135 0.0013562684344881168
congress 0.0027752081406105457 0.4202164033831899 0.0011661879834871135
xa 0.008325624421831638 0.17392519729917358 0.0014480358702058855
committee 0.0037002775208140612 1.7351821769904636 0.006420655604035018
vice 0.0037002775208140612 0.5376020021010439 0.0019892766035191265
chair 0.004625346901017576 0.958607314841775 0.004433891372996184
left 0.0018501387604070306 0.2924298239020636 0.0005410357519002102
post 0.0009250693802035153 0.6989700043360189 0.0006465957486919693
due 0.0009250693802035153 0.6777807052660807 0.0006269941769343947
friction 0.0009250693802035153 2.0 0.0018501387604070306
well 0.0018501387604070306 0.20065945054641826 0.0003712478270979061
desire 0.0009250693802035153 1.0 0.0009250693802035153
endorse 0.0009250693802035153 1.3979400086720377 0.0012931914973839387
senator 0.005550416281221091 0.5228787452803376 0.002902194700908442
bernie 0.0027752081406105457 1.1549019599857433 0.0032050933209595094
sander 0.004625346901017576 1.0969100130080565 0.005073589329361963
bid 0.0018501387604070306 0.6020599913279624 0.0011138945260461839
known 0.0018501387604070306 0.06048074738138145 0.00011189777498867984
vehement 0.0009250693802035153 1.5228787452803376 0.001408768497021589
stance 0.0027752081406105457 1.1549019599857433 0.0032050933209595094
military 0.004625346901017576 0.5528419686577808 0.0025570858864837225
interventionism 0.0009250693802035153 2.0 0.0018501387604070306
champion 0.0009250693802035153 1.0969100130080565 0.0010147178658723927
right 0.002775208140610546 0.39848321634998984 0.0011058738659111653
announced 0.0018501387604070306 0.40893539297350084 0.0007565872210425548
candidacy 0.0018501387604070306 0.9208187539523752 0.001703642467996994
nomination 0.004625346901017576 0.5086383061657272 0.002352628613162476
dropping 0.0009250693802035153 1.5228787452803376 0.001408768497021589
race 0.0027752081406105457 0.619788758288394 0.0017200428074608527
march 0.0018501387604070306 0.27572413039921095 0.0005101279008311026
early 0.0009250693802035153 0.07572071393811834 7.004691391130282e-05
life 0.0037002775208140612 0.13679614097137055 0.0005061836853704738
education 0.0018501387604070306 0.19382002601611284 0.0003585939426755094
born 0.0009250693802035153 0.09151498112135023 8.465770686526386e-05
island 0.0009250693802035153 0.958607314841775 0.0008867782745992369
tutuila 0.0009250693802035153 2.0 0.0018501387604070306
parent 0.0009250693802035153 0.4559319556497244 0.00042176869162786716
mike 0.0018501387604070306 0.8860566476931633 0.0016393277478134382
carol 0.0009250693802035153 1.3979400086720377 0.0012931914973839387
moved 0.0009250693802035153 0.3872161432802645 0.00035820179766906984
family 0.0009250693802035153 0.11918640771920867 0.00011025569631749183
two 0.0018501387604070306 0.11918640771920867 0.00022051139263498367
year 0.002775208140610546 0.24995468798823245 0.0006936762848887117
old 0.0009250693802035153 0.28399665636520083 0.0002627166108836271
hailing 0.0009250693802035153 1.6989700043360187 0.0015716651288954846
multi 0.0009250693802035153 0.6020599913279624 0.0005569472630230919
racial 0.0009250693802035153 0.6989700043360189 0.0006465957486919693
background 0.0009250693802035153 0.7958800173440752 0.0007362442343608466
mix 0.0009250693802035153 1.1549019599857433 0.0010683644403198366
polynesian 0.0009250693802035153 2.0 0.0018501387604070306
asian 0.0009250693802035153 1.3010299956639813 0.0012035430117150613
european 0.0009250693802035153 1.2218487496163564 0.001130294865510043
ancestry 0.0009250693802035153 1.3010299956639813 0.0012035430117150613
four 0.0009250693802035153 0.28399665636520083 0.0002627166108836271
sibling 0.0009250693802035153 0.8860566476931633 0.0008196638739067191
second 0.0027752081406105457 0.19382002601611284 0.0005378909140132641
youngest 0.0018501387604070306 0.5228787452803376 0.0009673982336361474
influenced 0.0009250693802035153 1.0 0.0009250693802035153
father 0.0009250693802035153 0.14874165128092467 0.0001375963471608924
politician 0.0027752081406105457 0.6575773191777938 0.0018249139292630726
initially 0.0018501387604070306 0.7695510786217261 0.0014237762786710937
gay 0.0018501387604070306 1.045757490560675 0.0019347964672722943
later 0.0027752081406105457 0.09151498112135023 0.00025397312059579155
changed 0.0009250693802035153 0.6989700043360189 0.0006465957486919693
experience 0.0009250693802035153 0.619788758288394 0.0005733476024869509
advocate 0.0009250693802035153 1.5228787452803376 0.001408768497021589
lgbtq 0.0009250693802035153 1.6989700043360187 0.0015716651288954846
community 0.0009250693802035153 0.48148606012211254 0.00044540801121379514
high 0.0009250693802035153 0.27572413039921095 0.0002550639504155513
school 0.0018501387604070306 0.14874165128092467 0.0002751926943217848
home 0.0009250693802035153 0.31875876262441283 0.000294873970975405
schooled 0.0009250693802035153 2.0 0.0018501387604070306
studied 0.0009250693802035153 0.7958800173440752 0.0007362442343608466
business 0.0009250693802035153 0.6989700043360189 0.0006465957486919693
administration 0.0018501387604070306 0.6575773191777938 0.0012166092861753818
pacific 0.0009250693802035153 1.3979400086720377 0.0012931914973839387
university 0.0009250693802035153 0.2596373105057561 0.00024018252590726747
graduated 0.0009250693802035153 0.6575773191777938 0.0006083046430876909
bachelor 0.0009250693802035153 1.3010299956639813 0.0012035430117150613
degree 0.0009250693802035153 0.5228787452803376 0.0004836991168180737
service 0.0009250693802035153 0.5086383061657272 0.00047052572263249514
political 0.0018501387604070306 0.3098039199714864 0.0005731802404652847
career 0.0009250693802035153 0.17392519729917358 0.00016089287446732062
enlisted 0.0009250693802035153 1.2218487496163564 0.001130294865510043
time 0.0037002775208140612 0.4791236183116582 0.001772890354529725
legislature 0.0009250693802035153 1.045757490560675 0.0009673982336361472
member 0.0018501387604070306 0.3010299956639812 0.0005569472630230919
worked 0.0018501387604070306 0.3098039199714864 0.0005731802404652847
zone 0.0009250693802035153 1.3979400086720377 0.0012931914973839387
specialist 0.0009250693802035153 2.0 0.0018501387604070306
medical 0.0009250693802035153 0.7447274948966939 0.0006889246021246012
unit 0.0009250693802035153 1.5228787452803376 0.001408768497021589
tour 0.0009250693802035153 0.7447274948966939 0.0006889246021246012
democrat 0.0018501387604070306 0.7958800173440752 0.0014724884687216933
daniel 0.0009250693802035153 1.0969100130080565 0.0010147178658723927
akaka 0.0009250693802035153 2.0 0.0018501387604070306
legislative 0.0009250693802035153 0.8239087409443188 0.0007621727483296196
aide 0.0009250693802035153 1.1549019599857433 0.0010683644403198366
furthered 0.0009250693802035153 2.0 0.0018501387604070306
training 0.0009250693802035153 1.0969100130080565 0.0010147178658723927
graduating 0.0009250693802035153 0.5528419686577808 0.0005114171772967445
alabama 0.0009250693802035153 0.7447274948966939 0.0006889246021246012
academy 0.0009250693802035153 0.6020599913279624 0.0005569472630230919
accelerated 0.0009250693802035153 2.0 0.0018501387604070306
officer 0.0009250693802035153 1.0969100130080565 0.0010147178658723927
volunteered 0.0009250693802035153 1.5228787452803376 0.001408768497021589
overseas 0.0009250693802035153 1.2218487496163564 0.001130294865510043
deployment 0.0009250693802035153 1.6989700043360187 0.0015716651288954846
trained 0.0009250693802035153 1.2218487496163564 0.001130294865510043
soldier 0.0009250693802035153 1.6989700043360187 0.0015716651288954846
became 0.0027752081406105457 0.07572071393811834 0.00021014074173390844
honolulu 0.0009250693802035153 1.5228787452803376 0.001408768497021589
city 0.0009250693802035153 0.3665315444204135 0.0003390671086220292
council 0.0009250693802035153 0.7695510786217261 0.0007118881393355468
overseeing 0.0009250693802035153 1.5228787452803376 0.001408768497021589
economic 0.0009250693802035153 0.585026652029182 0.000541190242395173
development 0.0009250693802035153 0.7695510786217261 0.0007118881393355468
budget 0.0009250693802035153 0.958607314841775 0.0008867782745992369
among 0.005550416281221091 0.35654732351381263 0.0019789860694568694
area 0.0018501387604070306 1.8416375079047502 0.0034072849359939876
following 0.0009250693802035153 0.2518119729937996 0.00023294354578519853
representing 0.0009250693802035153 0.8860566476931633 0.0008196638739067191
three 0.0009250693802035153 0.2076083105017461 0.00019205209112094923
dnc 0.0018501387604070306 1.5228787452803376 0.002817536994043178
however 0.0018501387604070306 0.32790214206428253 0.0006066644626536217
quickly 0.0009250693802035153 0.619788758288394 0.0005733476024869509
displeased 0.0009250693802035153 2.0 0.0018501387604070306
role 0.0018501387604070306 0.3665315444204135 0.0006781342172440584
tension 0.0009250693802035153 1.0969100130080565 0.0010147178658723927
ramped 0.0009250693802035153 2.0 0.0018501387604070306
chairwoman 0.0009250693802035153 1.6989700043360187 0.0015716651288954846
debbie 0.0009250693802035153 1.1549019599857433 0.0010683644403198366
wasserman 0.0009250693802035153 2.0 0.0018501387604070306
schultz 0.0009250693802035153 2.0 0.0018501387604070306
felt 0.0009250693802035153 0.6020599913279624 0.0005569472630230919
favor 0.0009250693802035153 0.7695510786217261 0.0007118881393355468
hillary 0.0018501387604070306 0.853871964321762 0.001579781617616581
clinton 0.005550416281221091 0.5228787452803376 0.002902194700908442
endorsed 0.0009250693802035153 1.5228787452803376 0.001408768497021589
october 0.0027752081406105457 0.37675070960209955 0.0010455616362685463
declared 0.0009250693802035153 0.5528419686577808 0.0005114171772967445
would 0.004625346901017576 0.2291479883578558 0.00105988893782542
seek 0.0009250693802035153 1.045757490560675 0.0009673982336361472
fifth 0.0018501387604070306 1.2218487496163564 0.002260589731020086
instead 0.0009250693802035153 0.7447274948966939 0.0006889246021246012
focus 0.0009250693802035153 0.7695510786217261 0.0007118881393355468
effort 0.0018501387604070306 0.5376020021010439 0.0009946383017595632
campaign 0.0027752081406105457 0.3872161432802645 0.0010746053930072094
endured 0.0009250693802035153 1.0 0.0009250693802035153
throwing 0.0009250693802035153 1.5228787452803376 0.001408768497021589
behind 0.0009250693802035153 0.6777807052660807 0.0006269941769343947
joe 0.0009250693802035153 0.5228787452803376 0.0004836991168180737
biden 0.0009250693802035153 0.6575773191777938 0.0006083046430876909
platform 0.0009250693802035153 1.1549019599857433 0.0010683644403198366
foreign 0.0027752081406105457 0.7447274948966939 0.0020667738063738033
perhaps 0.0009250693802035153 1.1549019599857433 0.0010683644403198366
best 0.0009250693802035153 0.13667713987954408 0.000126435837076359
strong 0.0009250693802035153 0.7958800173440752 0.0007362442343608466
anti 0.0018501387604070306 0.721246399047171 0.0013344059186811675
interventionist 0.0018501387604070306 2.0 0.0037002775208140612
emphasized 0.0009250693802035153 1.3979400086720377 0.0012931914973839387
need 0.002775208140610546 2.036212172654445 0.005650912597560902
united 0.004625346901017576 0.18708664335714445 0.0008653406260737486
pull 0.0009250693802035153 1.3979400086720377 0.0012931914973839387
syria 0.0009250693802035153 1.3010299956639813 0.0012035430117150613
afghanistan 0.0009250693802035153 1.1549019599857433 0.0010683644403198366
stop 0.0009250693802035153 1.0 0.0009250693802035153
involved 0.0009250693802035153 0.4559319556497244 0.00042176869162786716
continuous 0.0009250693802035153 2.0 0.0018501387604070306
regime 0.0018501387604070306 1.0 0.0018501387604070306
change 0.0027752081406105457 0.5686362358410126 0.0015780839107521164
tweet 0.0009250693802035153 1.2218487496163564 0.001130294865510043
wrote 0.0009250693802035153 0.5528419686577808 0.0005114171772967445
asserted 0.0009250693802035153 1.3010299956639813 0.0012035430117150613
separated 0.0009250693802035153 1.1549019599857433 0.0010683644403198366
domestic 0.0018501387604070306 1.045757490560675 0.0019347964672722943
waging 0.0009250693802035153 1.6989700043360187 0.0015716651288954846
new 0.0037002775208140612 0.14266750356873154 0.0005279093564060372
cold 0.0009250693802035153 1.045757490560675 0.0009673982336361472
nuclear 0.0009250693802035153 0.958607314841775 0.0008867782745992369
arm 0.0009250693802035153 1.2218487496163564 0.001130294865510043
costing 0.0009250693802035153 2.0 0.0018501387604070306
wasting 0.0009250693802035153 2.0 0.0018501387604070306
trillion 0.0009250693802035153 2.0 0.0018501387604070306
invested 0.0009250693802035153 1.5228787452803376 0.001408768497021589
like 0.0027752081406105457 0.2365720064370627 0.0006565365581047068
health 0.0009250693802035153 0.5528419686577808 0.0005114171772967445
infrastructure 0.0009250693802035153 1.3979400086720377 0.0012931914973839387
etc 0.0009250693802035153 2.0 0.0018501387604070306
controversy 0.002775208140610546 1.9788107009300622 0.005491611565948369
met 0.0009250693802035153 0.44369749923271273 0.0004104509706130553
syrian 0.0018501387604070306 1.3979400086720377 0.0025863829947678774
president 0.0027752081406105457 0.16749108729376372 0.0004648226289373646
bashar 0.0009250693802035153 1.3010299956639813 0.0012035430117150613
al 0.0009250693802035153 0.7447274948966939 0.0006889246021246012
assad 0.0037002775208140612 1.3010299956639813 0.004814172046860245
concluded 0.0009250693802035153 1.0969100130080565 0.0010147178658723927
enemy 0.0009250693802035153 1.1549019599857433 0.0010683644403198366
took 0.0009250693802035153 0.28399665636520083 0.0002627166108836271
stronger 0.0009250693802035153 1.0969100130080565 0.0010147178658723927
claiming 0.0009250693802035153 1.045757490560675 0.0009673982336361472
brutal 0.0009250693802035153 1.5228787452803376 0.001408768497021589
dictator 0.0009250693802035153 1.2218487496163564 0.001130294865510043
read 0.0009250693802035153 0.0655015487564323 6.059347711048317e-05
next 0.0009250693802035153 0.07058107428570728 6.529239064357751e-05
bella 0.0009250693802035153 0.0655015487564323 6.059347711048317e-05
hadid 0.0009250693802035153 0.0655015487564323 6.059347711048317e-05
sadie 0.0009250693802035153 0.06048074738138145 5.594888749433992e-05
alexander 0.0009250693802035153 0.05551732784983141 5.13573800645989e-05
adrienne 0.0009250693802035153 0.0655015487564323 6.059347711048317e-05
kennedy 0.0009250693802035153 0.06048074738138145 5.594888749433992e-05
criminal 0.0027752081406105457 0.9208187539523752 0.002555463701995491
justice 0.0018501387604070306 0.5376020021010439 0.0009946383017595632
called 0.0009250693802035153 0.3010299956639812 0.00027847363151154597
decriminalizing 0.0009250693802035153 2.0 0.0018501387604070306
marijuana 0.0009250693802035153 1.6989700043360187 0.0015716651288954846
reducing 0.0009250693802035153 1.045757490560675 0.0009673982336361472
mass 0.0009250693802035153 0.958607314841775 0.0008867782745992369
incarceration 0.0009250693802035153 1.6989700043360187 0.0015716651288954846
co 0.0009250693802035153 0.4202164033831899 0.0003887293278290378
sponsored 0.0009250693802035153 1.045757490560675 0.0009673982336361472
variety 0.0009250693802035153 1.045757490560675 0.0009673982336361472
legislation 0.0009250693802035153 0.8239087409443188 0.0007621727483296196
issue 0.0018501387604070306 0.6989700043360189 0.0012931914973839387
tackle 0.0009250693802035153 1.5228787452803376 0.001408768497021589
said 0.0027752081406105457 0.2518119729937996 0.0006988306373555955
country 0.0018501387604070306 0.27572413039921095 0.0005101279008311026
address 0.0009250693802035153 0.7695510786217261 0.0007118881393355468
systemic 0.0009250693802035153 2.0 0.0018501387604070306
racism 0.0009250693802035153 0.853871964321762 0.0007898908088082905
disproportionately 0.0009250693802035153 2.0 0.0018501387604070306
imprisons 0.0009250693802035153 2.0 0.0018501387604070306
african 0.0009250693802035153 0.28399665636520083 0.0002627166108836271
men 0.0009250693802035153 0.6777807052660807 0.0006269941769343947
healthcare 0.0018501387604070306 0.958607314841775 0.0017735565491984737
aligned 0.0009250693802035153 2.0 0.0018501387604070306
fellow 0.0009250693802035153 0.6020599913279624 0.0005569472630230919
medicare 0.0009250693802035153 1.3010299956639813 0.0012035430117150613
plan 0.0009250693802035153 0.6989700043360189 0.0006465957486919693
proponent 0.0009250693802035153 1.3010299956639813 0.0012035430117150613
universal 0.0009250693802035153 1.045757490560675 0.0009673982336361472
lowering 0.0009250693802035153 1.6989700043360187 0.0015716651288954846
drug 0.0009250693802035153 0.6575773191777938 0.0006083046430876909
cost 0.0009250693802035153 1.1549019599857433 0.0010683644403198366
climate 0.0009250693802035153 1.045757490560675 0.0009673982336361472
although 0.0027752081406105457 0.431798275933005 0.0011983300904708741
expressed 0.0009250693802035153 0.8239087409443188 0.0007621727483296196
green 0.0009250693802035153 0.6989700043360189 0.0006465957486919693
deal 0.0009250693802035153 0.5528419686577808 0.0005114171772967445
also 0.0018501387604070306 0.0861861476162833 0.00015945633231504775
pointed 0.0009250693802035153 1.6989700043360187 0.0015716651288954846
proposal 0.0009250693802035153 1.3979400086720377 0.0012931914973839387
needed 0.0009250693802035153 0.8860566476931633 0.0008196638739067191
clarification 0.0009250693802035153 2.0 0.0018501387604070306
introduced 0.0009250693802035153 0.9208187539523752 0.000851821233998497
bill 0.0018501387604070306 0.4202164033831899 0.0007774586556580757
ban 0.0009250693802035153 0.8860566476931633 0.0008196638739067191
fracking 0.0009250693802035153 2.0 0.0018501387604070306
end 0.0009250693802035153 0.44369749923271273 0.0004104509706130553
fossil 0.0009250693802035153 2.0 0.0018501387604070306
fuel 0.0009250693802035153 1.3010299956639813 0.0012035430117150613
subsidy 0.0009250693802035153 1.1549019599857433 0.0010683644403198366
require 0.0018501387604070306 1.3010299956639813 0.0024070860234301225
obtain 0.0009250693802035153 1.0969100130080565 0.0010147178658723927
electricity 0.0009250693802035153 1.3979400086720377 0.0012931914973839387
clean 0.0009250693802035153 1.1549019599857433 0.0010683644403198366
energy 0.0009250693802035153 0.8239087409443188 0.0007621727483296196
source 0.0009250693802035153 1.045757490560675 0.0009673982336361472
immigration 0.0018501387604070306 0.8860566476931633 0.0016393277478134382
supported 0.0009250693802035153 0.6989700043360189 0.0006465957486919693
reform 0.0009250693802035153 0.7958800173440752 0.0007362442343608466
barack 0.0009250693802035153 0.3872161432802645 0.00035820179766906984
obama 0.0018501387604070306 0.37675070960209955 0.0006970410908456976
daca 0.0009250693802035153 2.0 0.0018501387604070306
program 0.0009250693802035153 0.5528419686577808 0.0005114171772967445
voted 0.0009250693802035153 0.853871964321762 0.0007898908088082905
republican 0.0018501387604070306 0.9208187539523752 0.001703642467996994
extreme 0.0009250693802035153 1.3979400086720377 0.0012931914973839387
vetting 0.0009250693802035153 1.3979400086720377 0.0012931914973839387
iraqi 0.0009250693802035153 1.5228787452803376 0.001408768497021589
refugee 0.0009250693802035153 1.2218487496163564 0.001130294865510043
want 0.0009250693802035153 0.585026652029182 0.000541190242395173
enter 0.0009250693802035153 1.045757490560675 0.0009673982336361472
debate 0.005550416281221091 2.0087739243075053 0.011149531494768761
mostly 0.0009250693802035153 0.8239087409443188 0.0007621727483296196
polled 0.0009250693802035153 1.5228787452803376 0.001408768497021589
low 0.0018501387604070306 1.0 0.0018501387604070306
single 0.0009250693802035153 0.585026652029182 0.000541190242395173
digit 0.0009250693802035153 1.6989700043360187 0.0015716651288954846
voter 0.0009250693802035153 1.0 0.0009250693802035153
drew 0.0009250693802035153 0.8239087409443188 0.0007621727483296196
lot 0.0009250693802035153 1.0969100130080565 0.0010147178658723927
attention 0.0009250693802035153 0.6777807052660807 0.0006269941769343947
set 0.0009250693802035153 0.494850021680094 0.0004577706028493007
primary 0.0009250693802035153 0.7695510786217261 0.0007118881393355468
googled 0.0009250693802035153 2.0 0.0018501387604070306
july 0.0009250693802035153 0.37675070960209955 0.0003485205454228488
attacked 0.0009250693802035153 1.0969100130080565 0.0010147178658723927
kamala 0.0009250693802035153 1.1549019599857433 0.0010683644403198366
harris 0.0027752081406105457 1.045757490560675 0.0029021947009084414
record 0.0009250693802035153 0.494850021680094 0.0004577706028493007
prosecutor 0.0009250693802035153 1.1549019599857433 0.0010683644403198366
california 0.0009250693802035153 0.5528419686577808 0.0005114171772967445
saying 0.0027752081406105457 0.7958800173440752 0.00220873270308254
apologize 0.0009250693802035153 1.6989700043360187 0.0015716651288954846
suffered 0.0009250693802035153 0.6575773191777938 0.0006083046430876909
reign 0.0009250693802035153 1.5228787452803376 0.001408768497021589
jabbed 0.0009250693802035153 2.0 0.0018501387604070306
back 0.0018501387604070306 0.4202164033831899 0.0007774586556580757
bringing 0.0009250693802035153 1.045757490560675 0.0009673982336361472
number 0.0009250693802035153 1.1549019599857433 0.0010683644403198366
poll 0.0009250693802035153 1.045757490560675 0.0009673982336361472
telling 0.0009250693802035153 1.045757490560675 0.0009673982336361472
cnn 0.0018501387604070306 1.3010299956639813 0.0024070860234301225
anderson 0.0009250693802035153 1.5228787452803376 0.001408768497021589
cooper 0.0009250693802035153 1.5228787452803376 0.001408768497021589
listen 0.0009250693802035153 1.0969100130080565 0.0010147178658723927
think 0.0009250693802035153 0.585026652029182 0.000541190242395173
coming 0.0009250693802035153 0.8239087409443188 0.0007621727483296196
someone 0.0009250693802035153 1.0 0.0009250693802035153
apologist 0.0027752081406105457 2.0 0.005550416281221091
individual 0.0009250693802035153 0.8239087409443188 0.0007621727483296196
murdered 0.0009250693802035153 1.0969100130080565 0.0010147178658723927
cockroach 0.0009250693802035153 2.0 0.0018501387604070306
embraced 0.0009250693802035153 1.5228787452803376 0.001408768497021589
way 0.0009250693802035153 0.431798275933005 0.00039944336349029145
refuse 0.0009250693802035153 1.6989700043360187 0.0015716651288954846
call 0.0009250693802035153 0.6989700043360189 0.0006465957486919693
take 0.0009250693802035153 0.48148606012211254 0.00044540801121379514
say 0.0009250693802035153 1.045757490560675 0.0009673982336361472
opinion 0.0009250693802035153 1.045757490560675 0.0009673982336361472
seriously 0.0009250693802035153 1.3979400086720377 0.0012931914973839387
prepared 0.0009250693802035153 1.045757490560675 0.0009673982336361472
move 0.0009250693802035153 0.721246399047171 0.0006672029593405837
threatened 0.0009250693802035153 0.958607314841775 0.0008867782745992369
appear 0.0009250693802035153 1.1549019599857433 0.0010683644403198366
fourth 0.0009250693802035153 0.721246399047171 0.0006672029593405837
rigged 0.0009250693802035153 2.0 0.0018501387604070306
ultimately 0.0009250693802035153 0.9208187539523752 0.000851821233998497
agreed 0.0009250693802035153 0.9208187539523752 0.000851821233998497
attend 0.0009250693802035153 0.7958800173440752 0.0007362442343608466
without 0.0009250693802035153 0.7695510786217261 0.0007118881393355468
eviscerating 0.0009250693802035153 2.0 0.0018501387604070306
medium 0.0009250693802035153 0.5086383061657272 0.00047052572263249514
day 0.0009250693802035153 0.40893539297350084 0.0003782936105212774
ago 0.0009250693802035153 1.045757490560675 0.0009673982336361472
york 0.0018501387604070306 0.3467874862246563 0.0006416049698883559
put 0.0009250693802035153 0.6777807052660807 0.0006269941769343947
article 0.0018501387604070306 0.07058107428570728 0.00013058478128715503
russian 0.0009250693802035153 0.958607314841775 0.0008867782745992369
asset 0.0018501387604070306 1.3979400086720377 0.0025863829947678774
different 0.0009250693802035153 0.7695510786217261 0.0007118881393355468
smear 0.0009250693802035153 2.0 0.0018501387604070306
attributing 0.0009250693802035153 2.0 0.0018501387604070306
attack 0.0009250693802035153 0.7447274948966939 0.0006889246021246012
morning 0.0009250693802035153 0.958607314841775 0.0008867782745992369
commentator 0.0009250693802035153 2.0 0.0018501387604070306
television 0.0027752081406105457 0.04575749056067514 0.00012698656029789586
russia 0.0009250693802035153 0.853871964321762 0.0007898908088082905
completely 0.0009250693802035153 1.045757490560675 0.0009673982336361472
despicable 0.0009250693802035153 2.0 0.0018501387604070306
went 0.0009250693802035153 0.32790214206428253 0.00030333223132681086
participate 0.0009250693802035153 1.3010299956639813 0.0012035430117150613
november 0.0018501387604070306 0.24412514432750856 0.00045166539191028414
failed 0.0009250693802035153 0.5376020021010439 0.0004973191508797816
qualify 0.0009250693802035153 1.5228787452803376 0.001408768497021589
followed 0.0009250693802035153 0.5528419686577808 0.0005114171772967445
podcast 0.0009250693802035153 1.6989700043360187 0.0015716651288954846
interview 0.0009250693802035153 0.585026652029182 0.000541190242395173
suggested 0.0009250693802035153 0.8239087409443188 0.0007621727483296196
grooming 0.0009250693802035153 2.0 0.0018501387604070306
third 0.0009250693802035153 0.4202164033831899 0.0003887293278290378
party 0.0027752081406105457 0.3979400086720376 0.00110436635154127
implication 0.0009250693802035153 2.0 0.0018501387604070306
made 0.0009250693802035153 0.1804560644581313 0.00016693437970224915
many 0.0009250693802035153 0.28399665636520083 0.0002627166108836271
appearance 0.0009250693802035153 1.0 0.0009250693802035153
fox 0.0009250693802035153 1.3010299956639813 0.0012035430117150613
news 0.0009250693802035153 0.585026652029182 0.000541190242395173
outraged 0.0009250693802035153 2.0 0.0018501387604070306
remark 0.0009250693802035153 1.1549019599857433 0.0010683644403198366
hit 0.0009250693802035153 0.3665315444204135 0.0003390671086220292
tweeting 0.0009250693802035153 1.5228787452803376 0.001408768497021589
former 0.004625346901017576 0.27572413039921095 0.0012753197520777564
x 0.0037002775208140612 0.4559319556497244 0.0016870747665114687
c 0.0018501387604070306 0.35654732351381263 0.0006596620231522899
queen 0.0009250693802035153 0.9208187539523752 0.000851821233998497
warmonger 0.0009250693802035153 2.0 0.0018501387604070306
personification 0.0009250693802035153 2.0 0.0018501387604070306
rot 0.0009250693802035153 2.0 0.0018501387604070306
sickened 0.0009250693802035153 2.0 0.0018501387604070306
long 0.0009250693802035153 0.4559319556497244 0.00042176869162786716
january 0.0009250693802035153 0.2676062401770315 0.0002475543387391596
filed 0.0009250693802035153 0.7958800173440752 0.0007362442343608466
defamation 0.0009250693802035153 1.6989700043360187 0.0015716651288954846
lawsuit 0.0018501387604070306 0.853871964321762 0.001579781617616581
court 0.0009250693802035153 0.4202164033831899 0.0003887293278290378
southern 0.0009250693802035153 0.6575773191777938 0.0006083046430876909
seeking 0.0009250693802035153 0.958607314841775 0.0008867782745992369
million 0.0009250693802035153 0.5228787452803376 0.0004836991168180737
damage 0.0009250693802035153 1.3979400086720377 0.0012931914973839387
claimed 0.0009250693802035153 0.7447274948966939 0.0006889246021246012
carelessly 0.0009250693802035153 2.0 0.0018501387604070306
recklessly 0.0009250693802035153 1.6989700043360187 0.0015716651288954846
impugned 0.0009250693802035153 2.0 0.0018501387604070306
reputation 0.0009250693802035153 0.7958800173440752 0.0007362442343608466
intentionally 0.0009250693802035153 2.0 0.0018501387604070306
damaged 0.0009250693802035153 1.5228787452803376 0.001408768497021589
dropped 0.0009250693802035153 0.853871964321762 0.0007898908088082905
may 0.0018501387604070306 0.3098039199714864 0.0005731802404652847
citing 0.0009250693802035153 1.1549019599857433 0.0010683644403198366
importance 0.0009250693802035153 1.0 0.0009250693802035153
focusing 0.0009250693802035153 1.2218487496163564 0.001130294865510043
defeating 0.0009250693802035153 1.3010299956639813 0.0012035430117150613
trump 0.0018501387604070306 0.5086383061657272 0.0009410514452649903
reelection 0.0009250693802035153 1.0 0.0009250693802035153
personal 0.0009250693802035153 0.3372421683184259 0.00031197240362481585
married 0.0018501387604070306 0.24412514432750856 0.00045166539191028414
eduardo 0.0009250693802035153 2.0 0.0018501387604070306
tamayo 0.0009250693802035153 2.0 0.0018501387604070306
cinematographer 0.0009250693802035153 2.0 0.0018501387604070306
abraham 0.0018501387604070306 1.0969100130080565 0.0020294357317447854
williams 0.0009250693802035153 0.8860566476931633 0.0008196638739067191
vedic 0.0009250693802035153 2.0 0.0018501387604070306
ceremony 0.0009250693802035153 0.958607314841775 0.0008867782745992369
check 0.0009250693802035153 0.07058107428570728 6.529239064357751e-05
strive 0.0009250693802035153 0.07058107428570728 6.529239064357751e-05
accuracy 0.0009250693802035153 0.07058107428570728 6.529239064357751e-05
fairness 0.0009250693802035153 0.07058107428570728 6.529239064357751e-05
see 0.0018501387604070306 0.04575749056067514 8.465770686526391e-05
something 0.0009250693802035153 0.07058107428570728 6.529239064357751e-05
look 0.0009250693802035153 0.07058107428570728 6.529239064357751e-05
citation 0.0009250693802035153 0.07058107428570728 6.529239064357751e-05
information 0.0009250693802035153 0.07058107428570728 6.529239064357751e-05
title 0.0009250693802035153 0.07058107428570728 6.529239064357751e-05
author 0.0018501387604070306 0.06048074738138145 0.00011189777498867984
com 0.0018501387604070306 0.06048074738138145 0.00011189777498867984
editor 0.0009250693802035153 0.1023729087095586 9.470204320958243e-05
website 0.0018501387604070306 0.0655015487564323 0.00012118695422096634
url 0.0009250693802035153 0.07058107428570728 6.529239064357751e-05
access 0.0009250693802035153 0.07058107428570728 6.529239064357751e-05
publisher 0.0009250693802035153 0.07058107428570728 6.529239064357751e-05
e 0.0018501387604070306 0.04575749056067514 8.465770686526391e-05
network 0.0018501387604070306 0.04575749056067514 8.465770686526391e-05
last 0.0009250693802035153 0.0655015487564323 6.059347711048317e-05
updated 0.0009250693802035153 0.07058107428570728 6.529239064357751e-05
original 0.0009250693802035153 0.0655015487564323 6.059347711048317e-05
published 0.0009250693802035153 0.07058107428570728 6.529239064357751e-05
receive 0.0009250693802035153 0.05551732784983141 5.13573800645989e-05
story 0.0027752081406105457 0.05551732784983141 0.0001540721401937967
shaped 0.0018501387604070306 0.05551732784983141 0.0001027147601291978
world 0.0009250693802035153 0.04575749056067514 4.2328853432631956e-05
person 0.008325624421831638 0.05060999335508724 0.00042135979666585124
elizabeth 0.0018501387604070306 0.7695510786217261 0.0014237762786710937
warren 0.0018501387604070306 1.045757490560675 0.0019347964672722943
massachusetts 0.0009250693802035153 0.7695510786217261 0.0007118881393355468
senate 0.0009250693802035153 0.5686362358410126 0.0005260279702507055
amy 0.0018501387604070306 0.9208187539523752 0.001703642467996994
klobuchar 0.0018501387604070306 1.5228787452803376 0.002817536994043178
lawyer 0.0018501387604070306 0.48148606012211254 0.0008908160224275903
minnesota 0.0009250693802035153 1.1549019599857433 0.0010683644403198366
juli 0.0018501387604070306 1.2218487496163564 0.002260589731020086
n 0.0018501387604070306 0.7695510786217261 0.0014237762786710937
castro 0.0018501387604070306 1.0969100130080565 0.0020294357317447854
mayor 0.0018501387604070306 0.6777807052660807 0.0012539883538687895
san 0.0009250693802035153 0.8860566476931633 0.0008196638739067191
antonio 0.0009250693802035153 1.1549019599857433 0.0010683644403198366
texas 0.0009250693802035153 0.619788758288394 0.0005733476024869509
hud 0.0009250693802035153 1.045757490560675 0.0009673982336361472
secretary 0.0027752081406105457 0.638272163982407 0.0017713381054090852
andrew 0.0018501387604070306 0.7447274948966939 0.0013778492042492024
yang 0.0018501387604070306 1.5228787452803376 0.002817536994043178
businessman 0.0009250693802035153 0.958607314841775 0.0008867782745992369
book 0.0009250693802035153 0.585026652029182 0.000541190242395173
philanthropist 0.0009250693802035153 0.958607314841775 0.0008867782745992369
thaddeus 0.0018501387604070306 2.0 0.0037002775208140612
stevens 0.0018501387604070306 1.3979400086720377 0.0025863829947678774
lincoln 0.0009250693802035153 0.9208187539523752 0.000851821233998497
presidency 0.0009250693802035153 0.4685210829577449 0.00043341450782400086
fought 0.0009250693802035153 0.7958800173440752 0.0007362442343608466
abolish 0.0009250693802035153 1.5228787452803376 0.001408768497021589
slavery 0.0009250693802035153 1.0 0.0009250693802035153
helped 0.0009250693802035153 0.3372421683184259 0.00031197240362481585
draft 0.0009250693802035153 1.045757490560675 0.0009673982336361472
th 0.0009250693802035153 0.2076083105017461 0.00019205209112094923
amendment 0.0009250693802035153 1.1549019599857433 0.0010683644403198366
reconstruction 0.0009250693802035153 1.1549019599857433 0.0010683644403198366
pete 0.0018501387604070306 1.3010299956639813 0.0024070860234301225
buttigieg 0.0018501387604070306 1.5228787452803376 0.002817536994043178
south 0.0009250693802035153 0.40893539297350084 0.0003782936105212774
bend 0.0009250693802035153 1.3010299956639813 0.0012035430117150613
indiana 0.0009250693802035153 0.7958800173440752 0.0007362442343608466
current 0.0009250693802035153 1.045757490560675 0.0009673982336361472
transportation 0.0009250693802035153 1.2218487496163564 0.001130294865510043
openly 0.0009250693802035153 1.0969100130080565 0.0010147178658723927
man 0.0009250693802035153 0.37675070960209955 0.0003485205454228488
cabinet 0.0009250693802035153 0.958607314841775 0.0008867782745992369
paul 0.0018501387604070306 0.721246399047171 0.0013344059186811675
manafort 0.0018501387604070306 1.5228787452803376 0.002817536994043178
consultant 0.0009250693802035153 0.958607314841775 0.0008867782745992369
manager 0.0009250693802035153 0.9208187539523752 0.000851821233998497
donald 0.0009250693802035153 0.494850021680094 0.0004577706028493007
indicted 0.0009250693802035153 1.3979400086720377 0.0012931914973839387
money 0.0009250693802035153 0.6575773191777938 0.0006083046430876909
laundering 0.0009250693802035153 1.5228787452803376 0.001408768497021589
conspiracy 0.0009250693802035153 1.5228787452803376 0.001408768497021589
nancy 0.0018501387604070306 1.0 0.0018501387604070306
pelosi 0.0018501387604070306 1.0969100130080565 0.0020294357317447854
leader 0.0009250693802035153 0.37675070960209955 0.0003485205454228488
speaker 0.0009250693802035153 0.7447274948966939 0.0006889246021246012
vermont 0.0009250693802035153 1.6989700043360187 0.0015716651288954846
america 0.0009250693802035153 0.37675070960209955 0.0003485205454228488
longest 0.0009250693802035153 0.958607314841775 0.0008867782745992369
serving 0.0009250693802035153 0.48148606012211254 0.00044540801121379514
independent 0.0009250693802035153 1.0 0.0009250693802035153
loading 0.0009250693802035153 0.04575749056067514 4.2328853432631956e-05
logo 0.0009250693802035153 0.04575749056067514 4.2328853432631956e-05
registered 0.0009250693802035153 0.04575749056067514 4.2328853432631956e-05
trademark 0.0009250693802035153 0.04575749056067514 4.2328853432631956e-05
llc 0.0009250693802035153 0.04575749056067514 4.2328853432631956e-05
close 0.0037002775208140612 0.04575749056067514 0.00016931541373052782
