martin 0.019646365422396856 0.5686362358410126 0.011171635281748775
luther 0.01493123772102161 0.638272163982407 0.009530193411132207
king 0.0412573673870334 0.4685210829577449 0.019329946448158435
jr 0.015717092337917484 0.32790214206428253 0.0051536682446252655
day 0.005108055009823182 0.7013652168755644 0.0035826121097769495
quote 0.0015717092337917485 0.3872161432802645 0.0006085911878668204
assassination 0.0019646365422396855 0.7447274948966939 0.0014631188504846636
biography 0.004715127701375246 0.04575749056067514 0.00021575241128805569
skip 0.0003929273084479371 0.04575749056067514 1.7979367607337974e-05
main 0.0007858546168958742 0.04575749056067514 3.595873521467595e-05
content 0.0011787819253438114 0.04575749056067514 5.393810282201392e-05
people 0.004322200392927309 0.04575749056067514 0.00019777304368071773
nostalgia 0.0011787819253438114 0.04575749056067514 5.393810282201392e-05
celebrity 0.0011787819253438114 0.04575749056067514 5.393810282201392e-05
history 0.0019646365422396855 0.04575749056067514 8.989683803668986e-05
culture 0.0015717092337917485 0.04575749056067514 7.19174704293519e-05
crime 0.0011787819253438114 0.04575749056067514 5.393810282201392e-05
scandal 0.0011787819253438114 0.04575749056067514 5.393810282201392e-05
video 0.0015717092337917485 0.04575749056067514 7.19174704293519e-05
contact 0.0011787819253438114 0.04575749056067514 5.393810282201392e-05
u 0.003143418467583497 0.20065945054641832 0.0006307566225427687
advertise 0.0007858546168958742 0.04575749056067514 3.595873521467595e-05
privacy 0.0011787819253438114 0.04575749056067514 5.393810282201392e-05
notice 0.0007858546168958742 0.04575749056067514 3.595873521467595e-05
term 0.0007858546168958742 0.04575749056067514 3.595873521467595e-05
use 0.0011787819253438114 0.04575749056067514 5.393810282201392e-05
copyright 0.0007858546168958742 0.04575749056067514 3.595873521467595e-05
policy 0.0011787819253438114 0.04575749056067514 5.393810282201392e-05
ad 0.0007858546168958742 0.04575749056067514 3.595873521467595e-05
choice 0.0007858546168958742 0.04575749056067514 3.595873521467595e-05
accessibility 0.0007858546168958742 0.04575749056067514 3.595873521467595e-05
support 0.0011787819253438114 0.04575749056067514 5.393810282201392e-05
setting 0.0003929273084479371 0.04575749056067514 1.7979367607337974e-05
february 0.0011787819253438114 0.04575749056067514 5.393810282201392e-05
subscribe 0.0007858546168958742 0.04575749056067514 3.595873521467595e-05
newsletter 0.0011787819253438114 0.04575749056067514 5.393810282201392e-05
photo 0.0011787819253438114 1.0457574905606752 0.0012327200281658254
howard 0.0003929273084479371 0.958607314841775 0.00037666299207928287
sochurek 0.0003929273084479371 2.0 0.0007858546168958742
life 0.004322200392927309 0.13679614097137055 0.0005912603342573973
picture 0.0003929273084479371 0.9208187539523752 0.00036181483455889006
collection 0.0003929273084479371 0.853871964321762 0.00033550961270010295
getty 0.0003929273084479371 0.2291479883578558 9.00385023017115e-05
image 0.0019646365422396855 0.2218487496163564 0.0004358521603464762
quick 0.0003929273084479371 0.07058107428570728 2.773323154644687e-05
fact 0.0011787819253438114 0.14116214857141457 0.00016639938927868122
name 0.002357563850687623 0.05551732784983141 0.00013088564522553575
birth 0.0007858546168958742 0.07058107428570728 5.546646309289374e-05
date 0.0019646365422396855 0.07058107428570728 0.00013866615773223435
january 0.0015717092337917485 0.2676062401770315 0.0004205991987065328
death 0.0019646365422396855 0.2365720064370627 0.0004647780087172155
april 0.0019646365422396855 0.1549019599857432 0.0003043260510525406
know 0.0011787819253438114 0.4559319556497244 0.0005374443485065513
changed 0.0007858546168958742 0.6989700043360189 0.0005492888049791896
michael 0.0015717092337917485 0.494850021680094 0.0007777603484166506
father 0.003143418467583497 0.14874165128092467 0.0004675572535353231
adopted 0.0007858546168958742 1.045757490560675 0.00082181335211055
honor 0.0011787819253438114 1.728158393463501 0.0020371218783459735
protestant 0.0011787819253438114 1.3010299956639813 0.0015336306432188385
leader 0.006286836935166995 0.8582367697242121 0.0053955946230205875
education 0.002357563850687623 0.19382002601611284 0.0004569430868749222
crozer 0.0007858546168958742 2.0 0.0015717092337917485
theological 0.0007858546168958742 1.3979400086720377 0.0010985776099583793
seminary 0.0011787819253438114 1.3979400086720377 0.0016478664149375691
morehouse 0.0015717092337917485 1.5228787452803376 0.002393522585902299
college 0.002357563850687623 2.1079053973095196 0.004969521565366255
boston 0.0011787819253438114 1.2218487496163564 0.0014402932215516972
university 0.0011787819253438114 0.2596373105057561 0.0003060557687690642
place 0.0019646365422396855 1.2306226739238617 0.0024177262748995318
atlanta 0.003536345776031434 0.8239087409443188 0.002913626195873819
georgia 0.0015717092337917485 0.721246399047171 0.0011335896252214867
memphis 0.0011787819253438114 1.3010299956639813 0.0015336306432188385
tennessee 0.0003929273084479371 1.0 0.0003929273084479371
early 0.0011787819253438114 0.07572071393811834 8.925820896438311e-05
spiritual 0.0011787819253438114 1.6989700043360187 0.002002715132812596
growth 0.0007858546168958742 1.3010299956639813 0.0010224204288125588
southern 0.00275049115913556 0.6575773191777938 0.0018086606028465842
christian 0.0015717092337917485 0.9208187539523752 0.0014472593382355602
leadership 0.0015717092337917485 0.638272163982407 0.0010031782538033902
conference 0.0019646365422396855 0.7958800173440752 0.0015636149653125249
killed 0.0011787819253438114 0.6989700043360189 0.0008239332074687846
cite 0.0003929273084479371 0.07058107428570728 2.773323154644687e-05
page 0.0003929273084479371 0.07058107428570728 2.773323154644687e-05
come 0.0011787819253438114 1.5528419686577808 0.0018304620455690934
tonight 0.0015717092337917485 1.3010299956639813 0.0020448408576251176
saved 0.0007858546168958742 1.5228787452803376 0.0011967612929511494
patience 0.0011787819253438114 1.6989700043360187 0.002002715132812596
make 0.0015717092337917485 1.3080348972326397 0.0020558505261023805
patient 0.0011787819253438114 1.2218487496163564 0.0014402932215516972
anything 0.0007858546168958742 0.9208187539523752 0.0007236296691177801
le 0.0011787819253438114 0.8239087409443188 0.0009712087319579396
freedom 0.0015717092337917485 0.619788758288394 0.0009741277144021909
justice 0.003143418467583497 0.5376020021010439 0.0016899080616142833
time 0.00275049115913556 0.4791236183116582 0.0013178252762992564
cup 0.0007858546168958742 1.2218487496163564 0.0009601954810344647
endurance 0.0003929273084479371 2.0 0.0007858546168958742
run 0.0003929273084479371 1.5228787452803376 0.0005983806464755747
men 0.0011787819253438114 0.6777807052660807 0.000798955644714437
longer 0.0003929273084479371 0.8239087409443188 0.00032373624398597984
willing 0.0003929273084479371 1.3010299956639813 0.0005112102144062794
plunged 0.0003929273084479371 2.0 0.0007858546168958742
abyss 0.0003929273084479371 2.0 0.0007858546168958742
injustice 0.0007858546168958742 1.1549019599857433 0.0009075850373168906
experience 0.0003929273084479371 0.619788758288394 0.00024353192860054773
bleakness 0.0003929273084479371 2.0 0.0007858546168958742
corroding 0.0003929273084479371 2.0 0.0007858546168958742
despair 0.0003929273084479371 1.5228787452803376 0.0005983806464755747
law 0.00275049115913556 1.2873502983727887 0.0035408456143848806
uplift 0.0003929273084479371 2.0 0.0007858546168958742
human 0.0007858546168958742 0.8860566476931633 0.0006963117074209534
personality 0.0007858546168958742 0.853871964321762 0.0006710192254002059
degrades 0.0003929273084479371 2.0 0.0007858546168958742
unjust 0.0003929273084479371 1.6989700043360187 0.0006675717109375319
whirlwind 0.0003929273084479371 2.0 0.0007858546168958742
revolt 0.0003929273084479371 1.6989700043360187 0.0006675717109375319
continue 0.0007858546168958742 0.6777807052660807 0.0005326370964762913
shake 0.0003929273084479371 1.5228787452803376 0.0005983806464755747
foundation 0.0003929273084479371 1.3979400086720377 0.0005492888049791896
nation 0.002357563850687623 1.0141246426916064 0.002390863597701233
bright 0.0003929273084479371 1.5228787452803376 0.0005983806464755747
emerges 0.0003929273084479371 2.0 0.0007858546168958742
let 0.0003929273084479371 0.6777807052660807 0.00026631854823814567
seek 0.0007858546168958742 2.7447274948966935 0.0021569567739856137
satisfy 0.0003929273084479371 1.6989700043360187 0.0006675717109375319
thirst 0.0003929273084479371 2.0 0.0007858546168958742
drinking 0.0007858546168958742 1.5228787452803376 0.0011967612929511494
bitterness 0.0003929273084479371 2.0 0.0007858546168958742
hatred 0.0003929273084479371 1.3979400086720377 0.0005492888049791896
darkness 0.0007858546168958742 1.5228787452803376 0.0011967612929511494
cannot 0.0007858546168958742 1.045757490560675 0.00082181335211055
drive 0.0007858546168958742 1.1549019599857433 0.0009075850373168906
light 0.0003929273084479371 0.9208187539523752 0.00036181483455889006
hate 0.0007858546168958742 1.0 0.0007858546168958742
love 0.0019646365422396855 0.5086383061657272 0.0009992894030760849
ultimate 0.0003929273084479371 1.5228787452803376 0.0005983806464755747
measure 0.0003929273084479371 1.1549019599857433 0.0004537925186584453
man 0.0015717092337917485 0.37675070960209955 0.0005921425691192134
stand 0.0015717092337917485 1.6989700043360187 0.0026702868437501275
moment 0.0003929273084479371 1.0 0.0003929273084479371
comfort 0.0003929273084479371 1.3010299956639813 0.0005112102144062794
convenience 0.0003929273084479371 2.0 0.0007858546168958742
challenge 0.0011787819253438114 1.899629454882437 0.002239248866266134
controversy 0.0003929273084479371 0.8239087409443188 0.00032373624398597984
true 0.0003929273084479371 0.8239087409443188 0.00032373624398597984
neighbor 0.0003929273084479371 1.5228787452803376 0.0005983806464755747
risk 0.0007858546168958742 2.6989700043360187 0.002120998038770938
position 0.0003929273084479371 0.619788758288394 0.00024353192860054773
prestige 0.0003929273084479371 1.5228787452803376 0.0005983806464755747
even 0.0003929273084479371 0.3665315444204135 0.0001440202532103786
welfare 0.0003929273084479371 1.2218487496163564 0.00048009774051723235
others 0.0007858546168958742 0.494850021680094 0.0003888801742083253
must 0.0003929273084479371 0.8239087409443188 0.00032373624398597984
learn 0.0003929273084479371 1.0 0.0003929273084479371
live 0.0015717092337917485 0.431798275933005 0.0006786613374192613
together 0.0007858546168958742 0.431798275933005 0.00033933066870963063
brother 0.0015717092337917485 1.2907300390241692 0.0020286523206666704
perish 0.0003929273084479371 2.0 0.0007858546168958742
fool 0.0003929273084479371 2.0 0.0007858546168958742
forgiveness 0.0003929273084479371 2.0 0.0007858546168958742
occasional 0.0003929273084479371 1.5228787452803376 0.0005983806464755747
act 0.002357563850687623 0.4685210829577449 0.0011045683684661964
permanent 0.0003929273084479371 1.0969100130080565 0.00043100589902084733
attitude 0.0003929273084479371 1.6989700043360187 0.0006675717109375319
dream 0.002357563850687623 0.8860566476931633 0.0020889351222628605
four 0.0011787819253438114 0.28399665636520083 0.0003347701253813762
child 0.003536345776031434 0.5000381344038097 0.001768307744453551
one 0.003536345776031434 0.08092190762392613 0.0002861678462142771
judged 0.0007858546168958742 1.5228787452803376 0.0011967612929511494
color 0.0007858546168958742 1.0969100130080565 0.0008620117980416947
skin 0.0007858546168958742 1.5228787452803376 0.0011967612929511494
character 0.0007858546168958742 0.958607314841775 0.0007533259841585657
function 0.0003929273084479371 2.0 0.0007858546168958742
therefore 0.0003929273084479371 1.045757490560675 0.000410906676055275
teach 0.0003929273084479371 1.1549019599857433 0.0004537925186584453
think 0.0007858546168958742 0.585026652029182 0.0004597458955042688
intensively 0.0003929273084479371 2.0 0.0007858546168958742
critically 0.0003929273084479371 1.6989700043360187 0.0006675717109375319
stop 0.0003929273084479371 1.5228787452803376 0.0005983806464755747
efficiency 0.0003929273084479371 2.0 0.0007858546168958742
may 0.003143418467583497 2.309803919971486 0.007260680298535123
prove 0.0003929273084479371 1.1549019599857433 0.0004537925186584453
greatest 0.0003929273084479371 0.6777807052660807 0.00026631854823814567
menace 0.0003929273084479371 2.0 0.0007858546168958742
society 0.0003929273084479371 0.7695510786217261 0.0003023776340360417
dangerous 0.0003929273084479371 1.2218487496163564 0.00048009774051723235
criminal 0.0003929273084479371 0.9208187539523752 0.00036181483455889006
gifted 0.0003929273084479371 1.6989700043360187 0.0006675717109375319
reason 0.0003929273084479371 1.0969100130080565 0.00043100589902084733
moral 0.0007858546168958742 3.3979400086720375 0.0026702868437501275
seen 0.0007858546168958742 0.619788758288394 0.00048706385720109546
promised 0.0015717092337917485 0.8860566476931633 0.0013926234148419069
land 0.0015717092337917485 0.853871964321762 0.0013420384508004118
get 0.0015717092337917485 0.44369749923271273 0.0006973634565543618
want 0.0007858546168958742 0.585026652029182 0.0004597458955042688
power 0.0011787819253438114 0.5376020021010439 0.0006337155231053563
best 0.0011787819253438114 0.13667713987954408 0.0001611125420976944
implementing 0.0003929273084479371 1.3010299956639813 0.0005112102144062794
demand 0.0003929273084479371 1.3010299956639813 0.0005112102144062794
correcting 0.0003929273084479371 2.0 0.0007858546168958742
everything 0.0003929273084479371 0.853871964321762 0.00033550961270010295
die 0.0003929273084479371 1.0 0.0003929273084479371
something 0.0007858546168958742 0.07058107428570728 5.546646309289374e-05
fit 0.0003929273084479371 1.3010299956639813 0.0005112102144062794
center 0.0007858546168958742 0.585026652029182 0.0004597458955042688
non 0.0019646365422396855 1.0969100130080565 0.0021550294951042364
violence 0.0011787819253438114 0.8239087409443188 0.0009712087319579396
principle 0.0007858546168958742 2.8239087409443187 0.002219181721763708
right 0.010609037328094302 0.39848321634998984 0.0042275233168761195
temporarily 0.0003929273084479371 1.2218487496163564 0.00048009774051723235
defeated 0.0007858546168958742 0.8239087409443188 0.0006474724879719597
stronger 0.0003929273084479371 1.0969100130080565 0.00043100589902084733
evil 0.0003929273084479371 1.3979400086720377 0.0005492888049791896
triumphant 0.0003929273084479371 2.0 0.0007858546168958742
end 0.0011787819253438114 0.44369749923271273 0.0005230225924157714
remember 0.0003929273084479371 1.1549019599857433 0.0004537925186584453
word 0.0003929273084479371 0.7447274948966939 0.0002926237700969327
enemy 0.0007858546168958742 1.3010299956639813 0.0010224204288125588
silence 0.0003929273084479371 1.3979400086720377 0.0005492888049791896
friend 0.0007858546168958742 0.5686362358410126 0.000446865411269951
anywhere 0.0003929273084479371 1.6989700043360187 0.0006675717109375319
threat 0.0007858546168958742 1.045757490560675 0.00082181335211055
everywhere 0.0003929273084479371 1.6989700043360187 0.0006675717109375319
begin 0.0003929273084479371 1.0 0.0003929273084479371
become 0.0007858546168958742 0.3372421683184259 0.00026502331498501054
silent 0.0003929273084479371 1.2218487496163564 0.00048009774051723235
thing 0.0003929273084479371 0.6989700043360189 0.0002746444024895948
matter 0.0003929273084479371 0.853871964321762 0.00033550961270010295
publish 0.0003929273084479371 0.07058107428570728 2.773323154644687e-05
mar 0.0003929273084479371 0.958607314841775 0.00037666299207928287
comment 0.0007858546168958742 0.07058107428570728 5.546646309289374e-05
scholar 0.0003929273084479371 1.0 0.0003929273084479371
minister 0.002357563850687623 1.8386319977650252 0.004334692332648389
led 0.0015717092337917485 0.37675070960209955 0.0005921425691192134
civil 0.009037328094302554 0.3467874862246563 0.0031340322920106467
movement 0.002357563850687623 1.8794260687941502 0.004430866959829038
memorialized 0.0003929273084479371 1.0969100130080565 0.00043100589902084733
baptist 0.0019646365422396855 0.8860566476931633 0.0017407792685523835
activist 0.002357563850687623 1.494850021680094 0.0035242043733125987
seismic 0.0007858546168958742 2.0 0.0015717092337917485
impact 0.0007858546168958742 1.0 0.0007858546168958742
race 0.0015717092337917485 0.619788758288394 0.0009741277144021909
relation 0.0007858546168958742 0.7958800173440752 0.00062544598612501
united 0.0015717092337917485 0.18708664335714445 0.0002940458048835276
state 0.0027504911591355596 0.4930892744484819 0.001356237690035117
beginning 0.0007858546168958742 0.9208187539523752 0.0007236296691177801
mid 0.0003929273084479371 0.585026652029182 0.0002298729477521344
xa 0.022789783889980354 0.17392519729917358 0.0039637176594703605
among 0.0007858546168958742 0.35654732351381263 0.00028019436032519654
many 0.0019646365422396855 0.28399665636520083 0.0005579502089689603
effort 0.0019646365422396855 0.5376020021010439 0.001056192538508927
headed 0.0003929273084479371 0.958607314841775 0.00037666299207928287
sclc 0.0015717092337917485 1.0969100130080565 0.0017240235960833893
activism 0.0011787819253438114 0.958607314841775 0.0011299889762378488
inspirational 0.0007858546168958742 1.5228787452803376 0.0011967612929511494
speech 0.0031434184675834973 1.7904849854573688 0.005628243569217662
played 0.0003929273084479371 0.6575773191777938 0.00025838008612094057
pivotal 0.0003929273084479371 2.0 0.0007858546168958742
role 0.0003929273084479371 0.3665315444204135 0.0001440202532103786
ending 0.0007858546168958742 1.2218487496163564 0.0009601954810344647
legal 0.0007858546168958742 0.5086383061657272 0.00039971576123043397
segregation 0.0011787819253438114 0.9208187539523752 0.0010854445036766701
african 0.00550098231827112 0.28399665636520083 0.001562260585113089
american 0.0066797642436149315 0.6552148773673394 0.004376680909722896
citizen 0.0011787819253438114 0.721246399047171 0.0008501922189161152
well 0.0015717092337917485 0.20065945054641826 0.00031537831127138427
creation 0.0003929273084479371 0.853871964321762 0.00033550961270010295
voting 0.0011787819253438114 0.7958800173440752 0.000938168979187515
nobel 0.0011787819253438114 1.0969100130080565 0.001293017697062542
peace 0.0011787819253438114 0.7695510786217261 0.0009071329021081251
prize 0.0011787819253438114 0.853871964321762 0.0010065288381003088
several 0.003143418467583497 0.32790214206428253 0.001030733648925053
continues 0.0003929273084479371 1.0 0.0003929273084479371
remembered 0.0003929273084479371 1.0 0.0003929273084479371
influential 0.0007858546168958742 0.6777807052660807 0.0005326370964762913
born 0.0003929273084479371 0.09151498112135023 3.595873521467593e-05
middle 0.0011787819253438114 0.585026652029182 0.0006896188432564032
sr 0.002357563850687623 1.0969100130080565 0.002586035394125084
alberta 0.0011787819253438114 1.6989700043360187 0.002002715132812596
williams 0.0015717092337917485 0.8860566476931633 0.0013926234148419069
family 0.002357563850687623 1.0777937225609837 0.0025409675188078204
root 0.0003929273084479371 1.045757490560675 0.000410906676055275
rural 0.0007858546168958742 1.045757490560675 0.00082181335211055
grandfather 0.0003929273084479371 1.0 0.0003929273084479371
year 0.005893909626719057 0.24995468798823245 0.0014732103417774015
moved 0.0007858546168958742 0.3872161432802645 0.0003042955939334102
took 0.0015717092337917485 0.28399665636520083 0.00044636016717516827
small 0.0003929273084479371 0.721246399047171 0.0002833974063053717
struggling 0.0003929273084479371 1.3010299956639813 0.0005112102144062794
ebenezer 0.0011787819253438114 2.0 0.002357563850687623
church 0.00275049115913556 2.318758762624413 0.006377725476766558
around 0.0003929273084479371 0.4559319556497244 0.00017914811616885043
member 0.0007858546168958742 0.8386319977650252 0.0006590428273202555
made 0.0019646365422396855 0.1804560644581313 0.0003545305785032049
forceful 0.0003929273084479371 2.0 0.0007858546168958742
congregation 0.0003929273084479371 2.0 0.0007858546168958742
married 0.0011787819253438114 0.24412514432750856 0.00028777030765521637
jennie 0.0007858546168958742 2.0 0.0015717092337917485
celeste 0.0003929273084479371 2.0 0.0007858546168958742
park 0.00275049115913556 1.1549019599857433 0.0031765476306091175
survived 0.0003929273084479371 1.0 0.0003929273084479371
came 0.0007858546168958742 0.3010299956639812 0.00023656581191668462
sharecropper 0.0003929273084479371 2.0 0.0007858546168958742
poor 0.0007858546168958742 0.7958800173440752 0.00062544598612501
farming 0.0003929273084479371 1.5228787452803376 0.0005983806464755747
community 0.00275049115913556 0.48148606012211254 0.0013243231516128834
eight 0.0003929273084479371 0.6989700043360189 0.0002746444024895948
courtship 0.0003929273084479371 1.6989700043360187 0.0006675717109375319
newlywed 0.0003929273084479371 2.0 0.0007858546168958742
home 0.0015717092337917485 1.5406075122407692 0.002421387052637751
stepped 0.0003929273084479371 1.0969100130080565 0.00043100589902084733
pastor 0.0011787819253438114 1.2218487496163564 0.0014402932215516972
upon 0.0003929273084479371 0.721246399047171 0.0002833974063053717
became 0.00275049115913556 0.07572071393811834 0.00020826915425022728
successful 0.0011787819253438114 0.4559319556497244 0.0005374443485065513
german 0.0007858546168958742 1.045757490560675 0.00082181335211055
religious 0.0015717092337917485 0.958607314841775 0.0015066519683171315
due 0.0007858546168958742 0.6777807052660807 0.0005326370964762913
would 0.00275049115913556 0.2291479883578558 0.0006302695161119807
follow 0.0003929273084479371 0.7958800173440752 0.000312722993062505
lead 0.0007858546168958742 0.5228787452803376 0.00041090667605527513
adopt 0.0003929273084479371 1.3979400086720377 0.0005492888049791896
read 0.0019646365422396855 0.0655015487564323 0.00012868673626018133
parallel 0.0003929273084479371 1.6989700043360187 0.0006675717109375319
two 0.0015717092337917485 0.11918640771920867 0.0001873263775547484
older 0.0003929273084479371 0.721246399047171 0.0002833974063053717
sister 0.0003929273084479371 0.721246399047171 0.0002833974063053717
willie 0.0003929273084479371 1.3010299956639813 0.0005112102144062794
christine 0.0003929273084479371 1.6989700043360187 0.0006675717109375319
younger 0.0003929273084479371 0.585026652029182 0.0002298729477521344
alfred 0.0003929273084479371 1.5228787452803376 0.0005983806464755747
daniel 0.0003929273084479371 1.0969100130080565 0.00043100589902084733
grew 0.0003929273084479371 0.494850021680094 0.00019444008710416266
secure 0.0003929273084479371 0.958607314841775 0.00037666299207928287
loving 0.0003929273084479371 1.3010299956639813 0.0005112102144062794
environment 0.0003929273084479371 1.2218487496163564 0.00048009774051723235
disciplinarian 0.0003929273084479371 1.6989700043360187 0.0006675717109375319
wife 0.0007858546168958742 0.3098039199714864 0.0002434608408420325
gentleness 0.0003929273084479371 1.6989700043360187 0.0006675717109375319
easily 0.0003929273084479371 1.2218487496163564 0.00048009774051723235
balanced 0.0007858546168958742 1.5228787452803376 0.0011967612929511494
strict 0.0003929273084479371 1.3010299956639813 0.0005112102144062794
hand 0.0003929273084479371 0.7958800173440752 0.000312722993062505
though 0.0011787819253438114 0.3665315444204135 0.0004320607596311358
undoubtedly 0.0003929273084479371 2.0 0.0007858546168958742
tried 0.0007858546168958742 0.8239087409443188 0.0006474724879719597
parent 0.0007858546168958742 0.4559319556497244 0.00035829623233770086
shield 0.0003929273084479371 1.5228787452803376 0.0005983806464755747
completely 0.0003929273084479371 1.045757490560675 0.000410906676055275
racism 0.0007858546168958742 0.853871964321762 0.0006710192254002059
fought 0.0003929273084479371 0.7958800173440752 0.000312722993062505
racial 0.002357563850687623 0.6989700043360189 0.0016478664149375691
prejudice 0.0003929273084479371 1.5228787452803376 0.0005983806464755747
suffered 0.0003929273084479371 0.6575773191777938 0.00025838008612094057
considered 0.0007858546168958742 0.721246399047171 0.0005667948126107434
affront 0.0003929273084479371 2.0 0.0007858546168958742
god 0.0003929273084479371 0.9208187539523752 0.00036181483455889006
strongly 0.0003929273084479371 1.5228787452803376 0.0005983806464755747
discouraged 0.0007858546168958742 1.5228787452803376 0.0011967612929511494
sense 0.0003929273084479371 1.045757490560675 0.000410906676055275
class 0.0019646365422396855 0.44369749923271273 0.0008717043206929523
superiority 0.0003929273084479371 2.0 0.0007858546168958742
left 0.0003929273084479371 0.2924298239020636 0.00011490366361574209
lasting 0.0003929273084479371 1.2218487496163564 0.00048009774051723235
impression 0.0007858546168958742 1.3010299956639813 0.0010224204288125588
growing 0.0003929273084479371 0.585026652029182 0.0002298729477521344
entered 0.0015717092337917485 0.721246399047171 0.0011335896252214867
public 0.002357563850687623 0.2596373105057561 0.0006121115375381284
school 0.0015717092337917485 1.0026136156026868 0.0015758170775680735
age 0.0007858546168958742 0.11350927482751813 8.920178768370776e-05
five 0.0007858546168958742 0.48148606012211254 0.00037837804331796663
baptized 0.0003929273084479371 1.6989700043360187 0.0006675717109375319
event 0.0011787819253438114 0.721246399047171 0.0008501922189161152
little 0.0003929273084479371 0.6989700043360189 0.0002746444024895948
old 0.0015717092337917485 0.28399665636520083 0.00044636016717516827
grandmother 0.0003929273084479371 0.6777807052660807 0.00026631854823814567
died 0.0011787819253438114 0.31875876262441283 0.0003757470679266163
heart 0.0003929273084479371 0.5228787452803376 0.00020545333802763756
attack 0.0007858546168958742 0.7958800173440752 0.00062544598612501
traumatic 0.0003929273084479371 1.6989700043360187 0.0006675717109375319
watching 0.0003929273084479371 1.2218487496163564 0.00048009774051723235
parade 0.0003929273084479371 2.0 0.0007858546168958742
wish 0.0003929273084479371 1.5228787452803376 0.0005983806464755747
distraught 0.0003929273084479371 2.0 0.0007858546168958742
news 0.0007858546168958742 0.585026652029182 0.0004597458955042688
young 0.00275049115913556 0.3010299956639812 0.0008279803417083962
jumped 0.0003929273084479371 1.6989700043360187 0.0006675717109375319
second 0.0011787819253438114 0.19382002601611284 0.0002284715434374611
story 0.0015717092337917485 0.7332980331159121 0.0011525312897696064
window 0.0003929273084479371 1.3010299956639813 0.0005112102144062794
allegedly 0.0003929273084479371 0.853871964321762 0.00033550961270010295
attempting 0.0003929273084479371 1.1549019599857433 0.0004537925186584453
suicide 0.0003929273084479371 0.958607314841775 0.00037666299207928287
attended 0.0011787819253438114 0.5376020021010439 0.0006337155231053563
booker 0.0003929273084479371 1.5228787452803376 0.0005983806464755747
washington 0.0019646365422396855 0.3979400086720376 0.0007818074826562624
high 0.0003929273084479371 0.27572413039921095 0.00010833954043190999
said 0.0003929273084479371 0.2518119729937996 9.89438007834183e-05
precocious 0.0003929273084479371 1.6989700043360187 0.0006675717109375319
student 0.003536345776031434 1.4559319556497243 0.005148678821551088
skipped 0.0003929273084479371 1.3979400086720377 0.0005492888049791896
ninth 0.0003929273084479371 1.6989700043360187 0.0006675717109375319
eleventh 0.0003929273084479371 2.0 0.0007858546168958742
grade 0.0003929273084479371 1.3010299956639813 0.0005112102144062794
popular 0.0003929273084479371 0.4685210829577449 0.00018409472807769936
especially 0.0003929273084479371 1.0 0.0003929273084479371
female 0.0003929273084479371 0.6020599913279624 0.00023656581191668462
classmate 0.0003929273084479371 1.3979400086720377 0.0005492888049791896
unmotivated 0.0003929273084479371 2.0 0.0007858546168958742
floated 0.0003929273084479371 2.0 0.0007858546168958742
first 0.0019646365422396855 0.0655015487564323 0.00012868673626018133
although 0.0003929273084479371 0.431798275933005 0.00016966533435481531
deeply 0.0011787819253438114 1.0969100130080565 0.001293017697062542
involved 0.0011787819253438114 0.4559319556497244 0.0005374443485065513
worship 0.0007858546168958742 2.0 0.0015717092337917485
questioned 0.0003929273084479371 1.3979400086720377 0.0005492888049791896
religion 0.0003929273084479371 1.045757490560675 0.000410906676055275
general 0.0003929273084479371 0.4559319556497244 0.00017914811616885043
felt 0.0019646365422396855 0.6020599913279624 0.001182829059583423
uncomfortable 0.0003929273084479371 1.5228787452803376 0.0005983806464755747
overly 0.0003929273084479371 2.0 0.0007858546168958742
emotional 0.0003929273084479371 0.9208187539523752 0.00036181483455889006
display 0.0003929273084479371 2.0 0.0007858546168958742
discomfort 0.0003929273084479371 2.0 0.0007858546168958742
continued 0.0015717092337917485 0.3372421683184259 0.0005300466299700211
much 0.0007858546168958742 0.37675070960209955 0.0002960712845596067
adolescence 0.0003929273084479371 1.3979400086720377 0.0005492888049791896
initially 0.0003929273084479371 0.7695510786217261 0.0003023776340360417
leading 0.0003929273084479371 0.5228787452803376 0.00020545333802763756
decide 0.0003929273084479371 1.5228787452803376 0.0005983806464755747
entering 0.0003929273084479371 1.045757490560675 0.000410906676055275
ministry 0.0007858546168958742 2.0 0.0015717092337917485
dismay 0.0003929273084479371 1.5228787452803376 0.0005983806464755747
junior 0.0003929273084479371 0.853871964321762 0.00033550961270010295
bible 0.0003929273084479371 1.6989700043360187 0.0006675717109375319
renewed 0.0003929273084479371 1.3979400086720377 0.0005492888049791896
faith 0.0003929273084479371 0.7958800173440752 0.000312722993062505
began 0.002357563850687623 0.20065945054641826 0.00047306746690707645
envision 0.0003929273084479371 2.0 0.0007858546168958742
career 0.0003929273084479371 0.17392519729917358 6.833995964604069e-05
fall 0.0003929273084479371 0.7695510786217261 0.0003023776340360417
senior 0.0003929273084479371 1.0 0.0003929273084479371
told 0.0007858546168958742 0.44369749923271273 0.0003486817282771809
decision 0.0007858546168958742 0.585026652029182 0.0004597458955042688
extraordinary 0.0003929273084479371 1.5228787452803376 0.0005983806464755747
gallery 0.0011787819253438114 1.0 0.0011787819253438114
earned 0.0011787819253438114 0.40893539297350084 0.0004820456498705314
sociology 0.0003929273084479371 1.3979400086720377 0.0005492888049791896
degree 0.0007858546168958742 0.5228787452803376 0.00041090667605527513
liberal 0.0003929273084479371 0.8860566476931633 0.0003481558537104767
chester 0.0003929273084479371 1.6989700043360187 0.0006675717109375319
pennsylvania 0.0003929273084479371 0.8860566476931633 0.0003481558537104767
thrived 0.0003929273084479371 2.0 0.0007858546168958742
study 0.0015717092337917485 1.7746907182741372 0.002789297789035972
valedictorian 0.0003929273084479371 1.3010299956639813 0.0005112102144062794
elected 0.0007858546168958742 0.3665315444204135 0.0002880405064207572
body 0.0003929273084479371 0.5686362358410126 0.0002234327056349755
president 0.002357563850687623 0.16749108729376372 0.00039487093271614235
also 0.00275049115913556 0.0861861476162833 0.00023705423705853957
fellowship 0.0003929273084479371 1.3979400086720377 0.0005492888049791896
graduate 0.0003929273084479371 1.045757490560675 0.000410906676055275
rebelled 0.0003929273084479371 1.6989700043360187 0.0006675717109375319
conservative 0.0003929273084479371 0.8239087409443188 0.00032373624398597984
influence 0.0007858546168958742 1.8538719643217623 0.0014568738422960803
beer 0.0003929273084479371 1.6989700043360187 0.0006675717109375319
playing 0.0003929273084479371 0.8860566476931633 0.0003481558537104767
pool 0.0003929273084479371 1.045757490560675 0.000410906676055275
white 0.004322200392927309 0.3872161432802645 0.0016736257666337562
woman 0.0003929273084479371 0.3979400086720376 0.0001563614965312525
went 0.0003929273084479371 0.32790214206428253 0.00012884170611563163
difficult 0.0003929273084479371 1.0 0.0003929273084479371
could 0.0007858546168958742 0.4202164033831899 0.0003302290006940588
break 0.0003929273084479371 0.8860566476931633 0.0003481558537104767
affair 0.0003929273084479371 0.9208187539523752 0.00036181483455889006
last 0.0011787819253438114 0.0655015487564323 7.72120417561088e-05
guidance 0.0003929273084479371 1.3979400086720377 0.0005492888049791896
benjamin 0.0003929273084479371 0.958607314841775 0.00037666299207928287
e 0.0015717092337917485 0.04575749056067514 7.19174704293519e-05
influenced 0.0003929273084479371 1.0 0.0003929273084479371
development 0.0003929273084479371 0.7695510786217261 0.0003023776340360417
outspoken 0.0003929273084479371 1.3010299956639813 0.0005112102144062794
advocate 0.0003929273084479371 0.9208187539523752 0.00036181483455889006
equality 0.0003929273084479371 0.8239087409443188 0.00032373624398597984
encouraged 0.0007858546168958742 0.8239087409443188 0.0006474724879719597
view 0.0003929273084479371 0.958607314841775 0.00037666299207928287
christianity 0.0007858546168958742 1.5228787452803376 0.0011967612929511494
potential 0.0003929273084479371 0.958607314841775 0.00037666299207928287
force 0.0003929273084479371 0.6575773191777938 0.00025838008612094057
social 0.0011787819253438114 0.5228787452803376 0.0006163600140829127
change 0.0011787819253438114 0.5686362358410126 0.0006702981169049264
accepted 0.0003929273084479371 0.619788758288394 0.00024353192860054773
doctoral 0.0003929273084479371 2.0 0.0007858546168958742
enrolled 0.0003929273084479371 1.0 0.0003929273084479371
work 0.0019646365422396855 1.2676062401770314 0.002490385540622851
doctorate 0.0003929273084479371 1.3979400086720377 0.0005492888049791896
met 0.0019646365422396855 0.44369749923271273 0.0008717043206929523
coretta 0.0019646365422396855 1.5228787452803376 0.002991903232377873
scott 0.002357563850687623 1.045757490560675 0.0024654400563316504
aspiring 0.0003929273084479371 1.3979400086720377 0.0005492888049791896
singer 0.0007858546168958742 0.4202164033831899 0.0003302290006940588
musician 0.0003929273084479371 0.6575773191777938 0.00025838008612094057
new 0.0011787819253438114 0.14266750356873154 0.00016817387454074443
england 0.0003929273084479371 0.8860566476931633 0.0003481558537104767
conservatory 0.0003929273084479371 2.0 0.0007858546168958742
june 0.0003929273084479371 0.28399665636520083 0.00011159004179379207
yolanda 0.0003929273084479371 1.5228787452803376 0.0005983806464755747
iii 0.0003929273084479371 1.045757490560675 0.000410906676055275
dexter 0.0007858546168958742 1.6989700043360187 0.0013351434218750638
bernice 0.0011787819253438114 2.0 0.002357563850687623
still 0.0003929273084479371 0.431798275933005 0.00016966533435481531
working 0.0003929273084479371 0.35654732351381263 0.00014009718016259827
dissertation 0.0003929273084479371 2.0 0.0007858546168958742
avenue 0.0007858546168958742 1.5228787452803376 0.0011967612929511494
montgomery 0.003929273084479371 1.045757490560675 0.00410906676055275
alabama 0.002357563850687623 0.7447274948966939 0.0017557426205815966
completed 0.0003929273084479371 1.1549019599857433 0.0004537925186584453
ph 0.0003929273084479371 1.3979400086720377 0.0005492888049791896
bus 0.003929273084479371 1.1549019599857433 0.004537925186584453
boycott 0.0015717092337917485 1.2218487496163564 0.0019203909620689294
march 0.006286836935166994 1.7986028756795487 0.011307522990519755
girl 0.0003929273084479371 0.6989700043360189 0.0002746444024895948
refused 0.0015717092337917485 0.7447274948966939 0.0011704950803877309
give 0.0015717092337917485 0.721246399047171 0.0011335896252214867
seat 0.0015717092337917485 1.7746907182741372 0.002789297789035972
city 0.005108055009823182 1.58838029403677 0.008113533918458942
violation 0.0003929273084479371 1.5228787452803376 0.0005983806464755747
local 0.002357563850687623 0.6989700043360189 0.0016478664149375691
teenager 0.0003929273084479371 0.958607314841775 0.00037666299207928287
claudette 0.0003929273084479371 2.0 0.0007858546168958742
colvin 0.0011787819253438114 2.0 0.002357563850687623
arrested 0.0015717092337917485 0.8239087409443188 0.0012949449759439193
taken 0.0007858546168958742 0.6989700043360189 0.0005492888049791896
jail 0.0015717092337917485 1.0969100130080565 0.0017240235960833893
chapter 0.0007858546168958742 1.1549019599857433 0.0009075850373168906
naacp 0.0007858546168958742 0.958607314841775 0.0007533259841585657
excellent 0.0003929273084479371 1.5228787452803376 0.0005983806464755747
test 0.0003929273084479371 1.0 0.0003929273084479371
case 0.0007858546168958742 0.5228787452803376 0.00041090667605527513
segregated 0.0011787819253438114 1.1549019599857433 0.0013613775559753359
revealed 0.0007858546168958742 0.5086383061657272 0.00039971576123043397
pregnant 0.0003929273084479371 1.3979400086720377 0.0005492888049791896
feared 0.0003929273084479371 2.0 0.0007858546168958742
scandalize 0.0003929273084479371 2.0 0.0007858546168958742
black 0.003143418467583497 0.3872161432802645 0.0012171823757336408
thus 0.0003929273084479371 1.3010299956639813 0.0005112102144062794
group 0.0011787819253438114 0.37675070960209955 0.00044410692683941006
credible 0.0003929273084479371 1.6989700043360187 0.0006675717109375319
eye 0.0003929273084479371 1.0969100130080565 0.00043100589902084733
sympathetic 0.0003929273084479371 2.0 0.0007858546168958742
december 0.0003929273084479371 0.40893539297350084 0.00016068188329017714
got 0.0003929273084479371 0.5376020021010439 0.0002112385077017854
another 0.0011787819253438114 0.40893539297350084 0.0004820456498705314
chance 0.0003929273084479371 0.853871964321762 0.00033550961270010295
evening 0.0003929273084479371 1.3979400086720377 0.0005492888049791896
rosa 0.0003929273084479371 1.3010299956639813 0.0005112102144062794
boarded 0.0007858546168958742 2.0 0.0015717092337917485
cleveland 0.0003929273084479371 1.1549019599857433 0.0004537925186584453
go 0.0003929273084479371 0.494850021680094 0.00019444008710416266
exhausting 0.0003929273084479371 2.0 0.0007858546168958742
sat 0.0003929273084479371 1.3010299956639813 0.0005112102144062794
row 0.0003929273084479371 1.5228787452803376 0.0005983806464755747
colored 0.0007858546168958742 1.2218487496163564 0.0009601954810344647
section 0.0011787819253438114 1.1549019599857433 0.0013613775559753359
traveled 0.0003929273084479371 0.8860566476931633 0.0003481558537104767
route 0.0003929273084479371 1.3010299956639813 0.0005112102144062794
filled 0.0003929273084479371 1.1549019599857433 0.0004537925186584453
passenger 0.0007858546168958742 2.0 0.0015717092337917485
driver 0.0007858546168958742 1.3979400086720377 0.0010985776099583793
noted 0.0003929273084479371 1.0 0.0003929273084479371
standing 0.0011787819253438114 1.0 0.0011787819253438114
demanded 0.0003929273084479371 1.2218487496163564 0.00048009774051723235
three 0.0003929273084479371 0.2076083105017461 8.15749746568747e-05
reluctantly 0.0003929273084479371 2.0 0.0007858546168958742
gave 0.0011787819253438114 0.6020599913279624 0.0007096974357500539
remained 0.0007858546168958742 0.585026652029182 0.0004597458955042688
seated 0.0007858546168958742 1.6989700043360187 0.0013351434218750638
asked 0.0007858546168958742 1.0 0.0007858546168958742
booked 0.0003929273084479371 1.5228787452803376 0.0005983806464755747
violating 0.0011787819253438114 1.5228787452803376 0.001795141939426724
code 0.0003929273084479371 1.3010299956639813 0.0005112102144062794
trial 0.0003929273084479371 0.7447274948966939 0.0002926237700969327
week 0.0003929273084479371 0.7958800173440752 0.000312722993062505
later 0.0003929273084479371 0.09151498112135023 3.595873521467593e-05
minute 0.0003929273084479371 1.0 0.0003929273084479371
hearing 0.0003929273084479371 1.0969100130080565 0.00043100589902084733
found 0.0003929273084479371 0.3372421683184259 0.00013251165749250527
guilty 0.0007858546168958742 0.7958800173440752 0.00062544598612501
fined 0.0003929273084479371 2.0 0.0007858546168958742
assessed 0.0003929273084479371 2.0 0.0007858546168958742
court 0.0011787819253438114 0.4202164033831899 0.0004953435010410883
fee 0.0003929273084479371 1.5228787452803376 0.0005983806464755747
night 0.0003929273084479371 0.638272163982407 0.00025079456345084754
nixon 0.0007858546168958742 0.8860566476931633 0.0006963117074209534
head 0.0007858546168958742 0.5228787452803376 0.00041090667605527513
plan 0.0011787819253438114 1.5228787452803376 0.001795141939426724
trained 0.0003929273084479371 1.2218487496163564 0.00048009774051723235
solid 0.0003929273084479371 1.3010299956639813 0.0005112102144062794
connection 0.0003929273084479371 1.2218487496163564 0.00048009774051723235
professional 0.0003929273084479371 0.8239087409443188 0.00032373624398597984
strong 0.0007858546168958742 0.7958800173440752 0.00062544598612501
credibility 0.0003929273084479371 2.0 0.0007858546168958742
declared 0.0003929273084479371 0.5528419686577808 0.00021722670674176062
alternative 0.0003929273084479371 1.1549019599857433 0.0004537925186584453
protest 0.0015717092337917485 1.5686362358410126 0.0024654400563316504
shown 0.0003929273084479371 1.5228787452803376 0.0005983806464755747
amazing 0.0003929273084479371 1.3010299956639813 0.0005112102144062794
sometimes 0.0007858546168958742 0.958607314841775 0.0007533259841585657
given 0.0003929273084479371 0.6777807052660807 0.00026631854823814567
feeling 0.0003929273084479371 0.8239087409443188 0.00032373624398597984
liked 0.0003929273084479371 1.5228787452803376 0.0005983806464755747
way 0.0007858546168958742 0.431798275933005 0.00033933066870963063
treated 0.0003929273084479371 1.0969100130080565 0.00043100589902084733
skillful 0.0003929273084479371 2.0 0.0007858546168958742
rhetoric 0.0003929273084479371 1.3010299956639813 0.0005112102144062794
put 0.0003929273084479371 0.6777807052660807 0.00026631854823814567
energy 0.0003929273084479371 0.8239087409443188 0.00032373624398597984
struggle 0.0011787819253438114 0.9208187539523752 0.0010854445036766701
walking 0.0003929273084479371 1.2218487496163564 0.00048009774051723235
harassment 0.0003929273084479371 1.0969100130080565 0.00043100589902084733
intimidation 0.0003929273084479371 2.0 0.0007858546168958742
attacked 0.0003929273084479371 1.0969100130080565 0.00043100589902084733
action 0.0007858546168958742 0.585026652029182 0.0004597458955042688
ordinance 0.0003929273084479371 2.0 0.0007858546168958742
arguing 0.0003929273084479371 1.5228787452803376 0.0005983806464755747
unconstitutional 0.0003929273084479371 1.1549019599857433 0.0004537925186584453
based 0.0003929273084479371 0.619788758288394 0.00024353192860054773
supreme 0.0003929273084479371 0.585026652029182 0.0002298729477521344
separate 0.0003929273084479371 1.3979400086720377 0.0005492888049791896
never 0.0003929273084479371 0.431798275933005 0.00016966533435481531
equal 0.0003929273084479371 1.0969100130080565 0.00043100589902084733
brown 0.0003929273084479371 0.8239087409443188 0.00032373624398597984
v 0.0003929273084479371 0.8860566476931633 0.0003481558537104767
board 0.0003929273084479371 0.8239087409443188 0.00032373624398597984
lower 0.0003929273084479371 0.958607314841775 0.00037666299207928287
ruling 0.0003929273084479371 1.5228787452803376 0.0005983806464755747
suffering 0.0003929273084479371 0.7958800173440752 0.000312722993062505
large 0.0007858546168958742 0.8860566476931633 0.0006963117074209534
financial 0.0003929273084479371 0.8860566476931633 0.0003481558537104767
loss 0.0003929273084479371 1.3979400086720377 0.0005492888049791896
lifted 0.0003929273084479371 1.045757490560675 0.000410906676055275
mandating 0.0003929273084479371 2.0 0.0007858546168958742
transportation 0.0003929273084479371 1.2218487496163564 0.00048009774051723235
flush 0.0003929273084479371 2.0 0.0007858546168958742
victory 0.0003929273084479371 0.5686362358410126 0.0002234327056349755
recognized 0.0003929273084479371 1.0 0.0003929273084479371
need 0.0003929273084479371 0.638272163982407 0.00025079456345084754
national 0.002357563850687623 0.3010299956639812 0.0007096974357500539
organization 0.0015717092337917485 1.473660722610156 0.0023161661652026026
help 0.0011787819253438114 0.4559319556497244 0.0005374443485065513
coordinate 0.0003929273084479371 2.0 0.0007858546168958742
ralph 0.0003929273084479371 1.1549019599857433 0.0004537925186584453
abernathy 0.0003929273084479371 1.3010299956639813 0.0005112102144062794
founded 0.0003929273084479371 0.619788758288394 0.00024353192860054773
harness 0.0003929273084479371 1.6989700043360187 0.0006675717109375319
authority 0.0003929273084479371 1.2218487496163564 0.00048009774051723235
organizing 0.0003929273084479371 1.1549019599857433 0.0004537925186584453
conduct 0.0007858546168958742 1.0969100130080565 0.0008620117980416947
violent 0.0015717092337917485 0.958607314841775 0.0015066519683171315
promote 0.0003929273084479371 0.958607314841775 0.00037666299207928287
reform 0.0003929273084479371 0.7958800173440752 0.000312722993062505
participation 0.0003929273084479371 1.1549019599857433 0.0004537925186584453
base 0.0007858546168958742 1.0 0.0007858546168958742
operation 0.0003929273084479371 0.958607314841775 0.00037666299207928287
throughout 0.0011787819253438114 0.6020599913279624 0.0007096974357500539
south 0.0007858546168958742 0.40893539297350084 0.0003213637665803543
platform 0.0003929273084479371 1.1549019599857433 0.0004537925186584453
start 0.0003929273084479371 0.7695510786217261 0.0003023776340360417
voice 0.0003929273084479371 0.7447274948966939 0.0002926237700969327
enfranchise 0.0003929273084479371 1.6989700043360187 0.0006675717109375319
process 0.0003929273084479371 0.7958800173440752 0.000312722993062505
sponsored 0.0003929273084479371 1.045757490560675 0.000410906676055275
mass 0.0007858546168958742 0.958607314841775 0.0007533259841585657
meeting 0.0007858546168958742 2.283996656365201 0.0017948893173793327
key 0.0003929273084479371 0.958607314841775 0.00037666299207928287
register 0.0003929273084479371 1.3979400086720377 0.0005492888049791896
voter 0.0003929273084479371 1.0 0.0003929273084479371
lectured 0.0003929273084479371 2.0 0.0007858546168958742
country 0.0007858546168958742 0.27572413039921095 0.00021667908086381998
related 0.0003929273084479371 0.7695510786217261 0.0003023776340360417
issue 0.0011787819253438114 1.3979400086720377 0.0016478664149375691
service 0.0007858546168958742 0.5086383061657272 0.00039971576123043397
committee 0.0007858546168958742 0.638272163982407 0.0005015891269016951
inspired 0.0003929273084479371 0.6989700043360189 0.0002746444024895948
mahatma 0.0003929273084479371 1.5228787452803376 0.0005983806464755747
gandhi 0.0015717092337917485 1.3979400086720377 0.0021971552199167585
success 0.0003929273084479371 0.431798275933005 0.00016966533435481531
visited 0.0003929273084479371 1.0969100130080565 0.00043100589902084733
birthplace 0.0003929273084479371 1.5228787452803376 0.0005983806464755747
india 0.0003929273084479371 1.0 0.0003929273084479371
trip 0.0003929273084479371 0.8860566476931633 0.0003481558537104767
affected 0.0003929273084479371 1.045757490560675 0.000410906676055275
profound 0.0003929273084479371 1.2218487496163564 0.00048009774051723235
increasing 0.0011787819253438114 0.958607314841775 0.0011299889762378488
commitment 0.0003929273084479371 1.045757490560675 0.000410906676055275
america 0.0011787819253438114 0.37675070960209955 0.00044410692683941006
bayard 0.0003929273084479371 1.5228787452803376 0.0005983806464755747
rustin 0.0015717092337917485 1.5228787452803376 0.002393522585902299
studied 0.0003929273084479371 0.7958800173440752 0.000312722993062505
teaching 0.0003929273084479371 1.5228787452803376 0.0005983806464755747
associate 0.0003929273084479371 1.5228787452803376 0.0005983806464755747
counseled 0.0003929273084479371 2.0 0.0007858546168958742
dedicate 0.0003929273084479371 1.5228787452803376 0.0005983806464755747
nonviolence 0.0007858546168958742 1.5228787452803376 0.0011967612929511494
served 0.0003929273084479371 0.2676062401770315 0.0001051497996766332
mentor 0.0003929273084479371 1.6989700043360187 0.0006675717109375319
advisor 0.0003929273084479371 1.1549019599857433 0.0004537925186584453
organizer 0.0003929273084479371 1.0969100130080565 0.00043100589902084733
inspiration 0.0003929273084479371 1.5228787452803376 0.0005983806464755747
controversial 0.0007858546168958742 0.721246399047171 0.0005667948126107434
figure 0.0007858546168958742 0.6777807052660807 0.0005326370964762913
homosexual 0.0003929273084479371 2.0 0.0007858546168958742
alleged 0.0003929273084479371 0.958607314841775 0.00037666299207928287
tie 0.0003929273084479371 0.9208187539523752 0.00036181483455889006
communist 0.0007858546168958742 1.2218487496163564 0.0009601954810344647
party 0.0003929273084479371 0.3979400086720376 0.0001563614965312525
counsel 0.0003929273084479371 0.958607314841775 0.00037666299207928287
invaluable 0.0003929273084479371 1.5228787452803376 0.0005983806464755747
supporter 0.0015717092337917485 0.9208187539523752 0.0014472593382355602
urged 0.0003929273084479371 1.045757490560675 0.000410906676055275
distance 0.0003929273084479371 1.6989700043360187 0.0006675717109375319
download 0.0003929273084479371 1.1549019599857433 0.0004537925186584453
card 0.0003929273084479371 1.0969100130080565 0.00043100589902084733
greensboro 0.0007858546168958742 1.6989700043360187 0.0013351434218750638
sit 0.002357563850687623 0.958607314841775 0.0022599779524756975
north 0.0007858546168958742 0.6777807052660807 0.0005326370964762913
carolina 0.0007858546168958742 0.7958800173440752 0.00062544598612501
known 0.0007858546168958742 0.06048074738138145 4.752907456297167e-05
next 0.0007858546168958742 0.07058107428570728 5.546646309289374e-05
bella 0.0003929273084479371 0.0655015487564323 2.5737347252036266e-05
hadid 0.0003929273084479371 0.0655015487564323 2.5737347252036266e-05
sadie 0.0003929273084479371 0.06048074738138145 2.3764537281485834e-05
alexander 0.0003929273084479371 0.05551732784983141 2.1814274204255955e-05
adrienne 0.0003929273084479371 0.0655015487564323 2.5737347252036266e-05
kennedy 0.0011787819253438114 0.06048074738138145 7.12936118444575e-05
racially 0.0003929273084479371 1.1549019599857433 0.0004537925186584453
lunch 0.0011787819253438114 1.5228787452803376 0.001795141939426724
counter 0.0015717092337917485 3.221848749616356 0.005063809429652426
store 0.0007858546168958742 2.920818753952375 0.0022953389029095285
leave 0.0007858546168958742 0.6575773191777938 0.0005167601722418811
subjecting 0.0003929273084479371 2.0 0.0007858546168958742
verbal 0.0003929273084479371 1.6989700043360187 0.0006675717109375319
physical 0.0003929273084479371 1.1549019599857433 0.0004537925186584453
abuse 0.0003929273084479371 0.958607314841775 0.00037666299207928287
quickly 0.0007858546168958742 0.619788758288394 0.00048706385720109546
gained 0.0003929273084479371 0.853871964321762 0.00033550961270010295
traction 0.0003929273084479371 1.3010299956639813 0.0005112102144062794
held 0.0003929273084479371 0.48148606012211254 0.00018918902165898332
shaw 0.0003929273084479371 2.0 0.0007858546168958742
raleigh 0.0003929273084479371 2.0 0.0007858546168958742
nonviolent 0.0019646365422396855 1.0969100130080565 0.0021550294951042364
method 0.0007858546168958742 1.3010299956639813 0.0010224204288125588
coordinating 0.0003929273084479371 1.6989700043360187 0.0006675717109375319
formed 0.0003929273084479371 0.721246399047171 0.0002833974063053717
worked 0.0003929273084479371 0.3098039199714864 0.00012173042042101625
closely 0.0003929273084479371 1.0969100130080565 0.00043100589902084733
august 0.0011787819253438114 0.494850021680094 0.000583320261312488
in 0.0003929273084479371 1.5228787452803376 0.0005983806464755747
gaining 0.0003929273084479371 1.3979400086720377 0.0005492888049791896
exposure 0.0003929273084479371 1.3979400086720377 0.0005492888049791896
returned 0.0003929273084479371 0.5086383061657272 0.00019985788061521699
co 0.0003929273084479371 0.4202164033831899 0.0001651145003470294
october 0.0003929273084479371 0.37675070960209955 0.00014803564227980335
department 0.0003929273084479371 0.7447274948966939 0.0002926237700969327
requested 0.0003929273084479371 1.5228787452803376 0.0005983806464755747
denied 0.0003929273084479371 1.045757490560675 0.000410906676055275
area 0.0003929273084479371 0.7447274948966939 0.0002926237700969327
realizing 0.0003929273084479371 2.0 0.0007858546168958742
incident 0.0003929273084479371 0.8860566476931633 0.0003481558537104767
hurt 0.0003929273084479371 1.3010299956639813 0.0005112102144062794
reputation 0.0003929273084479371 0.7958800173440752 0.000312722993062505
mayor 0.0007858546168958742 0.6777807052660807 0.0005326370964762913
negotiated 0.0003929273084479371 1.3010299956639813 0.0005112102144062794
truce 0.0003929273084479371 2.0 0.0007858546168958742
charge 0.0003929273084479371 0.9208187539523752 0.00036181483455889006
eventually 0.0007858546168958742 0.3979400086720376 0.000312722993062505
dropped 0.0003929273084479371 0.853871964321762 0.00033550961270010295
soon 0.0007858546168958742 0.40893539297350084 0.0003213637665803543
imprisoned 0.0003929273084479371 1.5228787452803376 0.0005983806464755747
probation 0.0003929273084479371 1.6989700043360187 0.0006675717109375319
traffic 0.0007858546168958742 2.0 0.0015717092337917485
conviction 0.0003929273084479371 1.045757490560675 0.000410906676055275
imprisonment 0.0003929273084479371 1.3979400086720377 0.0005492888049791896
presidential 0.0003929273084479371 0.3665315444204135 0.0001440202532103786
campaign 0.0007858546168958742 0.3872161432802645 0.0003042955939334102
candidate 0.0003929273084479371 0.585026652029182 0.0002298729477521344
john 0.0003929273084479371 0.37675070960209955 0.00014803564227980335
f 0.0003929273084479371 0.721246399047171 0.0002833974063053717
phone 0.0003929273084479371 1.0969100130080565 0.00043100589902084733
call 0.0003929273084479371 0.6989700043360189 0.0002746444024895948
expressed 0.0003929273084479371 0.8239087409443188 0.00032373624398597984
concern 0.0003929273084479371 1.0 0.0003929273084479371
harsh 0.0003929273084479371 1.2218487496163564 0.00048009774051723235
treatment 0.0007858546168958742 1.0969100130080565 0.0008620117980416947
ticket 0.0003929273084479371 1.1549019599857433 0.0004537925186584453
political 0.0003929273084479371 0.3098039199714864 0.00012173042042101625
pressure 0.0003929273084479371 0.9208187539523752 0.00036181483455889006
set 0.0011787819253438114 0.494850021680094 0.000583320261312488
motion 0.0003929273084479371 1.6989700043360187 0.0006675717109375319
released 0.0007858546168958742 0.3010299956639812 0.00023656581191668462
letter 0.0007858546168958742 1.0969100130080565 0.0008620117980416947
birmingham 0.0015717092337917485 1.6989700043360187 0.0026702868437501275
spring 0.0007858546168958742 1.0969100130080565 0.0008620117980416947
organized 0.0003929273084479371 0.7958800173440752 0.000312722993062505
demonstration 0.0019646365422396855 2.045757490560675 0.0040191699225160605
downtown 0.0003929273084479371 2.0 0.0007858546168958742
entire 0.0003929273084479371 1.045757490560675 0.000410906676055275
attendance 0.0003929273084479371 1.5228787452803376 0.0005983806464755747
police 0.0011787819253438114 0.5376020021010439 0.0006337155231053563
turned 0.0011787819253438114 0.638272163982407 0.0007523836903525427
dog 0.0003929273084479371 1.3010299956639813 0.0005112102144062794
fire 0.0003929273084479371 0.958607314841775 0.00037666299207928287
hose 0.0003929273084479371 2.0 0.0007858546168958742
demonstrator 0.0011787819253438114 1.5228787452803376 0.001795141939426724
jailed 0.0003929273084479371 1.6989700043360187 0.0006675717109375319
along 0.0003929273084479371 0.4202164033831899 0.0001651145003470294
number 0.0007858546168958742 1.6234230429434882 0.0012757744934722892
drew 0.0011787819253438114 0.8239087409443188 0.0009712087319579396
nationwide 0.0003929273084479371 1.3010299956639813 0.0005112102144062794
attention 0.0007858546168958742 0.6777807052660807 0.0005326370964762913
however 0.0007858546168958742 0.32790214206428253 0.00025768341223126326
personally 0.0003929273084479371 1.5228787452803376 0.0005983806464755747
criticized 0.0003929273084479371 0.958607314841775 0.00037666299207928287
clergy 0.0003929273084479371 2.0 0.0007858546168958742
alike 0.0003929273084479371 1.6989700043360187 0.0006675717109375319
taking 0.0007858546168958742 0.6020599913279624 0.00047313162383336925
endangering 0.0003929273084479371 1.6989700043360187 0.0006675717109375319
famous 0.0011787819253438114 0.494850021680094 0.000583320261312488
eloquently 0.0003929273084479371 2.0 0.0007858546168958742
spelled 0.0003929273084479371 1.5228787452803376 0.0005983806464755747
theory 0.0003929273084479371 1.5228787452803376 0.0005983806464755747
direct 0.0003929273084479371 1.0969100130080565 0.00043100589902084733
create 0.0003929273084479371 0.8239087409443188 0.00032373624398597984
crisis 0.0003929273084479371 0.8860566476931633 0.0003481558537104767
foster 0.0003929273084479371 1.3010299956639813 0.0005112102144062794
tension 0.0007858546168958742 1.3010299956639813 0.0010224204288125588
constantly 0.0003929273084479371 1.6989700043360187 0.0006675717109375319
negotiate 0.0003929273084479371 1.3979400086720377 0.0005492888049791896
forced 0.0003929273084479371 0.721246399047171 0.0002833974063053717
confront 0.0003929273084479371 2.0 0.0007858546168958742
inspiring 0.0007858546168958742 1.3979400086720377 0.0010985776099583793
making 0.0007858546168958742 0.3979400086720376 0.000312722993062505
massive 0.0003929273084479371 1.0 0.0003929273084479371
capital 0.0007858546168958742 1.0 0.0007858546168958742
composed 0.0003929273084479371 1.5228787452803376 0.0005983806464755747
multiple 0.0003929273084479371 0.721246399047171 0.0002833974063053717
asking 0.0003929273084479371 1.045757490560675 0.000410906676055275
peaceful 0.0007858546168958742 1.0969100130080565 0.0008620117980416947
historic 0.0007858546168958742 0.6989700043360189 0.0005492888049791896
shadow 0.0003929273084479371 1.5228787452803376 0.0005983806464755747
lincoln 0.0003929273084479371 0.9208187539523752 0.00036181483455889006
memorial 0.0007858546168958742 0.9208187539523752 0.0007236296691177801
emphasizing 0.0003929273084479371 1.6989700043360187 0.0006675717109375319
belief 0.0003929273084479371 1.045757490560675 0.000410906676055275
someday 0.0003929273084479371 1.3979400086720377 0.0005492888049791896
rising 0.0003929273084479371 0.8860566476931633 0.0003481558537104767
tide 0.0003929273084479371 1.3010299956639813 0.0005112102144062794
agitation 0.0003929273084479371 1.6989700043360187 0.0006675717109375319
produced 0.0003929273084479371 0.7958800173440752 0.000312722993062505
effect 0.0003929273084479371 1.0969100130080565 0.00043100589902084733
opinion 0.0003929273084479371 1.045757490560675 0.000410906676055275
experiencing 0.0003929273084479371 2.0 0.0007858546168958742
question 0.0003929273084479371 1.1549019599857433 0.0004537925186584453
jim 0.0003929273084479371 1.0 0.0003929273084479371
crow 0.0003929273084479371 1.3010299956639813 0.0005112102144062794
near 0.0003929273084479371 0.8860566476931633 0.0003481558537104767
century 0.0007858546168958742 0.494850021680094 0.0003888801742083253
almost 0.0003929273084479371 0.8860566476931633 0.0003481558537104767
phrase 0.0003929273084479371 2.0 0.0007858546168958742
resulted 0.0003929273084479371 0.8860566476931633 0.0003481558537104767
passage 0.0003929273084479371 1.0 0.0003929273084479371
authorizing 0.0003929273084479371 1.5228787452803376 0.0005983806464755747
federal 0.0007858546168958742 0.6020599913279624 0.00047313162383336925
government 0.0011787819253438114 0.494850021680094 0.000583320261312488
enforce 0.0003929273084479371 1.3979400086720377 0.0005492888049791896
desegregation 0.0003929273084479371 1.3010299956639813 0.0005112102144062794
accommodation 0.0003929273084479371 2.0 0.0007858546168958742
outlawing 0.0003929273084479371 1.5228787452803376 0.0005983806464755747
discrimination 0.0007858546168958742 0.9208187539523752 0.0007236296691177801
publicly 0.0003929273084479371 0.619788758288394 0.00024353192860054773
owned 0.0003929273084479371 1.045757490560675 0.000410906676055275
facility 0.0003929273084479371 1.3010299956639813 0.0005112102144062794
receiving 0.0003929273084479371 0.619788758288394 0.00024353192860054773
often 0.0003929273084479371 0.5376020021010439 0.0002112385077017854
seemed 0.0003929273084479371 0.9208187539523752 0.00036181483455889006
pattern 0.0003929273084479371 1.6989700043360187 0.0006675717109375319
progress 0.0007858546168958742 1.0 0.0007858546168958742
step 0.0007858546168958742 1.8927900303521317 0.0014874577841667046
forward 0.0003929273084479371 0.7695510786217261 0.0003023776340360417
back 0.0007858546168958742 0.4202164033831899 0.0003302290006940588
planned 0.0007858546168958742 0.7958800173440752 0.00062544598612501
selma 0.0007858546168958742 1.2218487496163564 0.0009601954810344647
nightstick 0.0003929273084479371 2.0 0.0007858546168958742
tear 0.0003929273084479371 1.6989700043360187 0.0006675717109375319
gas 0.0003929273084479371 1.0969100130080565 0.00043100589902084733
cross 0.0007858546168958742 1.3010299956639813 0.0010224204288125588
edmund 0.0003929273084479371 1.3979400086720377 0.0005492888049791896
pettus 0.0007858546168958742 1.5228787452803376 0.0011967612929511494
bridge 0.0007858546168958742 1.1549019599857433 0.0009075850373168906
televised 0.0007858546168958742 1.3010299956639813 0.0010224204288125588
showing 0.0003929273084479371 1.1549019599857433 0.0004537925186584453
horrifying 0.0003929273084479371 1.3979400086720377 0.0005492888049791896
marcher 0.0011787819253438114 1.5228787452803376 0.001795141939426724
bloodied 0.0003929273084479371 1.6989700043360187 0.0006675717109375319
severely 0.0003929273084479371 1.3010299956639813 0.0005112102144062794
injured 0.0003929273084479371 1.0969100130080565 0.00043100589902084733
seventeen 0.0003929273084479371 2.0 0.0007858546168958742
hospitalized 0.0003929273084479371 1.0969100130080565 0.00043100589902084733
called 0.0003929273084479371 0.3010299956639812 0.00011828290595834231
bloody 0.0003929273084479371 1.1549019599857433 0.0004537925186584453
sunday 0.0003929273084479371 1.3010299956639813 0.0005112102144062794
canceled 0.0003929273084479371 1.3979400086720377 0.0005492888049791896
restraining 0.0007858546168958742 1.5228787452803376 0.0011967612929511494
order 0.0007858546168958742 0.494850021680094 0.0003888801742083253
prevent 0.0007858546168958742 1.0 0.0007858546168958742
third 0.0003929273084479371 0.4202164033831899 0.0001651145003470294
sure 0.0003929273084479371 0.8860566476931633 0.0003481558537104767
part 0.0003929273084479371 0.3372421683184259 0.00013251165749250527
wanting 0.0003929273084479371 2.0 0.0007858546168958742
alienate 0.0003929273084479371 1.6989700043360187 0.0006675717109375319
judge 0.0003929273084479371 1.2218487496163564 0.00048009774051723235
different 0.0003929273084479371 0.7695510786217261 0.0003023776340360417
approach 0.0007858546168958742 1.3979400086720377 0.0010985776099583793
procession 0.0003929273084479371 1.6989700043360187 0.0006675717109375319
confronted 0.0003929273084479371 1.3979400086720377 0.0005492888049791896
barricade 0.0003929273084479371 2.0 0.0007858546168958742
trooper 0.0003929273084479371 1.5228787452803376 0.0005983806464755747
instead 0.0003929273084479371 0.7447274948966939 0.0002926237700969327
forcing 0.0003929273084479371 1.2218487496163564 0.00048009774051723235
confrontation 0.0007858546168958742 3.221848749616356 0.002531904714826213
follower 0.0003929273084479371 1.6989700043360187 0.0006675717109375319
kneel 0.0003929273084479371 2.0 0.0007858546168958742
prayer 0.0003929273084479371 1.5228787452803376 0.0005983806464755747
governor 0.0003929273084479371 0.6575773191777938 0.00025838008612094057
george 0.0003929273084479371 0.4685210829577449 0.00018409472807769936
wallace 0.0003929273084479371 1.3979400086720377 0.0005492888049791896
try 0.0003929273084479371 1.0 0.0003929273084479371
lyndon 0.0003929273084479371 1.2218487496163564 0.00048009774051723235
b 0.0003929273084479371 0.37675070960209955 0.00014803564227980335
johnson 0.0007858546168958742 0.853871964321762 0.0006710192254002059
pledged 0.0003929273084479371 1.1549019599857433 0.0004537925186584453
ordered 0.0003929273084479371 0.9208187539523752 0.00036181483455889006
army 0.0003929273084479371 0.7695510786217261 0.0003023776340360417
troop 0.0003929273084479371 1.0 0.0003929273084479371
guard 0.0003929273084479371 0.9208187539523752 0.00036181483455889006
protect 0.0003929273084479371 0.721246399047171 0.0002833974063053717
protestors 0.0003929273084479371 1.6989700043360187 0.0006675717109375319
approximately 0.0003929273084479371 1.3010299956639813 0.0005112102144062794
capitol 0.0007858546168958742 1.0 0.0007858546168958742
grown 0.0007858546168958742 2.0 0.0015717092337917485
estimated 0.0003929273084479371 1.045757490560675 0.000410906676055275
gathered 0.0003929273084479371 1.3010299956639813 0.0005112102144062794
front 0.0003929273084479371 1.0969100130080565 0.00043100589902084733
delivered 0.0007858546168958742 0.8239087409443188 0.0006474724879719597
month 0.0007858546168958742 1.016824927962187 0.0007990765642138994
signed 0.0007858546168958742 0.494850021680094 0.0003888801742083253
late 0.0007858546168958742 0.3665315444204135 0.0002880405064207572
expanded 0.0003929273084479371 0.9208187539523752 0.00036181483455889006
larger 0.0003929273084479371 1.3010299956639813 0.0005112102144062794
including 0.0003929273084479371 0.2365720064370627 9.29556017434431e-05
chicago 0.0003929273084479371 0.638272163982407 0.00025079456345084754
los 0.0003929273084479371 0.6020599913279624 0.00023656581191668462
angeles 0.0003929273084479371 0.6020599913279624 0.00023656581191668462
criticism 0.0011787819253438114 0.9208187539523752 0.0010854445036766701
appeal 0.0003929273084479371 0.958607314841775 0.00037666299207928287
alienated 0.0003929273084479371 1.3979400086720377 0.0005492888049791896
militant 0.0003929273084479371 2.0 0.0007858546168958742
weak 0.0003929273084479371 1.2218487496163564 0.00048009774051723235
ineffective 0.0003929273084479371 1.5228787452803376 0.0005983806464755747
address 0.0007858546168958742 0.7695510786217261 0.0006047552680720834
link 0.0003929273084479371 2.0 0.0007858546168958742
poverty 0.0003929273084479371 1.1549019599857433 0.0004537925186584453
speak 0.0003929273084479371 0.958607314841775 0.00037666299207928287
vietnam 0.0007858546168958742 0.9208187539523752 0.0007236296691177801
war 0.0007858546168958742 0.35654732351381263 0.00028019436032519654
involvement 0.0007858546168958742 0.958607314841775 0.0007533259841585657
politically 0.0003929273084479371 1.045757490560675 0.000410906676055275
untenable 0.0003929273084479371 2.0 0.0007858546168958742
discriminatory 0.0003929273084479371 1.5228787452803376 0.0005983806464755747
sought 0.0003929273084479371 0.721246399047171 0.0002833974063053717
broaden 0.0003929273084479371 2.0 0.0007858546168958742
forming 0.0003929273084479371 1.5228787452803376 0.0005983806464755747
multi 0.0003929273084479371 0.6020599913279624 0.00023656581191668462
coalition 0.0003929273084479371 1.0969100130080565 0.00043100589902084733
economic 0.0007858546168958742 0.585026652029182 0.0004597458955042688
unemployment 0.0003929273084479371 1.2218487496163564 0.00048009774051723235
problem 0.0003929273084479371 0.7958800173440752 0.000312722993062505
disadvantaged 0.0003929273084479371 2.0 0.0007858546168958742
wear 0.0003929273084479371 1.1549019599857433 0.0004537925186584453
tired 0.0003929273084479371 2.0 0.0007858546168958742
going 0.0003929273084479371 0.6020599913279624 0.00023656581191668462
living 0.0003929273084479371 0.619788758288394 0.00024353192860054773
constant 0.0003929273084479371 2.0 0.0007858546168958742
becoming 0.0003929273084479371 0.3372421683184259 0.00013251165749250527
slow 0.0003929273084479371 1.5228787452803376 0.0005983806464755747
revive 0.0003929273084479371 1.5228787452803376 0.0005983806464755747
bring 0.0003929273084479371 0.7447274948966939 0.0002926237700969327
widening 0.0003929273084479371 2.0 0.0007858546168958742
range 0.0003929273084479371 1.2218487496163564 0.00048009774051723235
labor 0.0003929273084479371 0.8860566476931633 0.0003481558537104767
strike 0.0003929273084479371 1.2218487496163564 0.00048009774051723235
sanitation 0.0003929273084479371 2.0 0.0007858546168958742
worker 0.0003929273084479371 0.958607314841775 0.00037666299207928287
crusade 0.0003929273084479371 1.6989700043360187 0.0006675717109375319
final 0.0003929273084479371 0.6989700043360189 0.0002746444024895948
proved 0.0003929273084479371 0.8860566476931633 0.0003481558537104767
eerily 0.0003929273084479371 2.0 0.0007858546168958742
prophetic 0.0003929273084479371 2.0 0.0007858546168958742
x 0.0007858546168958742 0.4559319556497244 0.00035829623233770086
c 0.0007858546168958742 0.35654732351381263 0.00028019436032519654
mountaintop 0.0003929273084479371 2.0 0.0007858546168958742
mason 0.0003929273084479371 2.0 0.0007858546168958742
temple 0.0003929273084479371 1.3010299956639813 0.0005112102144062794
balcony 0.0003929273084479371 1.3979400086720377 0.0005492888049791896
outside 0.0003929273084479371 0.6989700043360189 0.0002746444024895948
room 0.0003929273084479371 0.8860566476931633 0.0003481558537104767
lorraine 0.0003929273084479371 2.0 0.0007858546168958742
motel 0.0003929273084479371 2.0 0.0007858546168958742
sniper 0.0003929273084479371 1.5228787452803376 0.0005983806464755747
bullet 0.0003929273084479371 1.6989700043360187 0.0006675717109375319
shooter 0.0003929273084479371 1.6989700043360187 0.0006675717109375319
malcontent 0.0003929273084479371 2.0 0.0007858546168958742
drifter 0.0003929273084479371 2.0 0.0007858546168958742
former 0.0003929273084479371 0.27572413039921095 0.00010833954043190999
convict 0.0003929273084479371 1.6989700043360187 0.0006675717109375319
named 0.0007858546168958742 0.494850021680094 0.0003888801742083253
james 0.0003929273084479371 0.6020599913279624 0.00023656581191668462
earl 0.0003929273084479371 1.3979400086720377 0.0005492888049791896
ray 0.0007858546168958742 1.0969100130080565 0.0008620117980416947
apprehended 0.0003929273084479371 2.0 0.0007858546168958742
international 0.0003929273084479371 0.40893539297350084 0.00016068188329017714
manhunt 0.0003929273084479371 2.0 0.0007858546168958742
sparked 0.0003929273084479371 1.0 0.0003929273084479371
riot 0.0007858546168958742 1.5228787452803376 0.0011967612929511494
across 0.0003929273084479371 0.8239087409443188 0.00032373624398597984
pleaded 0.0003929273084479371 1.1549019599857433 0.0004537925186584453
assassinating 0.0003929273084479371 2.0 0.0007858546168958742
sentenced 0.0003929273084479371 0.958607314841775 0.00037666299207928287
prison 0.0007858546168958742 0.6020599913279624 0.00047313162383336925
mlk 0.0003929273084479371 2.0 0.0007858546168958742
aftermath 0.0003929273084479371 1.0 0.0003929273084479371
legacy 0.0007858546168958742 0.6989700043360189 0.0005492888049791896
widely 0.0003929273084479371 1.1549019599857433 0.0004537925186584453
era 0.0003929273084479371 0.8239087409443188 0.00032373624398597984
honored 0.0003929273084479371 1.0 0.0003929273084479371
holiday 0.0007858546168958742 1.045757490560675 0.00082181335211055
building 0.0003929273084479371 2.0 0.0007858546168958742
independence 0.0003929273084479371 0.958607314841775 0.00037666299207928287
mall 0.0003929273084479371 2.0 0.0007858546168958742
remains 0.0003929273084479371 1.2218487496163564 0.00048009774051723235
fbi 0.0003929273084479371 1.0 0.0003929273084479371
file 0.0003929273084479371 1.6989700043360187 0.0006675717109375319
information 0.0007858546168958742 0.07058107428570728 5.546646309289374e-05
surveillance 0.0003929273084479371 1.3979400086720377 0.0005492888049791896
suggested 0.0003929273084479371 0.8239087409443188 0.00032373624398597984
adulterous 0.0003929273084479371 2.0 0.0007858546168958742
relationship 0.0003929273084479371 1.1549019599857433 0.0004537925186584453
extensive 0.0003929273084479371 1.2218487496163564 0.00048009774051723235
archival 0.0003929273084479371 2.0 0.0007858546168958742
comprehensive 0.0003929273084479371 1.0969100130080565 0.00043100589902084733
assessment 0.0003929273084479371 1.6989700043360187 0.0006675717109375319
portraying 0.0003929273084479371 1.3010299956639813 0.0005112102144062794
complex 0.0003929273084479371 1.5228787452803376 0.0005983806464755747
flawed 0.0003929273084479371 1.6989700043360187 0.0006675717109375319
fallible 0.0003929273084479371 2.0 0.0007858546168958742
limited 0.0003929273084479371 0.9208187539523752 0.00036181483455889006
control 0.0003929273084479371 0.5528419686577808 0.00021722670674176062
associated 0.0003929273084479371 1.1549019599857433 0.0004537925186584453
yet 0.0003929273084479371 0.6777807052660807 0.00026631854823814567
visionary 0.0003929273084479371 2.0 0.0007858546168958742
committed 0.0003929273084479371 0.9208187539523752 0.00036181483455889006
achieving 0.0003929273084479371 1.5228787452803376 0.0005983806464755747
mean 0.0003929273084479371 1.0969100130080565 0.00043100589902084733
ronald 0.0003929273084479371 1.0 0.0003929273084479371
reagan 0.0003929273084479371 1.045757490560675 0.000410906676055275
bill 0.0003929273084479371 0.4202164033831899 0.0001651145003470294
creating 0.0003929273084479371 1.0 0.0003929273084479371
honoring 0.0003929273084479371 2.0 0.0007858546168958742
slain 0.0003929273084479371 2.0 0.0007858546168958742
celebrated 0.0003929273084479371 1.0969100130080565 0.00043100589902084733
check 0.0003929273084479371 0.07058107428570728 2.773323154644687e-05
strive 0.0003929273084479371 0.07058107428570728 2.773323154644687e-05
accuracy 0.0003929273084479371 0.07058107428570728 2.773323154644687e-05
fairness 0.0003929273084479371 0.07058107428570728 2.773323154644687e-05
see 0.0007858546168958742 0.04575749056067514 3.595873521467595e-05
look 0.0003929273084479371 0.07058107428570728 2.773323154644687e-05
citation 0.0003929273084479371 0.07058107428570728 2.773323154644687e-05
article 0.0003929273084479371 0.07058107428570728 2.773323154644687e-05
title 0.0003929273084479371 0.07058107428570728 2.773323154644687e-05
author 0.0003929273084479371 0.06048074738138145 2.3764537281485834e-05
com 0.0011787819253438114 0.06048074738138145 7.12936118444575e-05
editor 0.0011787819253438114 1.1481303992702336 0.001353395362597525
website 0.0007858546168958742 0.0655015487564323 5.147469450407253e-05
url 0.0003929273084479371 0.07058107428570728 2.773323154644687e-05
access 0.0003929273084479371 0.07058107428570728 2.773323154644687e-05
publisher 0.0003929273084479371 0.07058107428570728 2.773323154644687e-05
television 0.0007858546168958742 0.04575749056067514 3.595873521467595e-05
network 0.0007858546168958742 0.04575749056067514 3.595873521467595e-05
updated 0.0003929273084479371 0.07058107428570728 2.773323154644687e-05
original 0.0003929273084479371 0.0655015487564323 2.5737347252036266e-05
published 0.0003929273084479371 0.07058107428570728 2.773323154644687e-05
receive 0.0003929273084479371 0.05551732784983141 2.1814274204255955e-05
shaped 0.0007858546168958742 0.05551732784983141 4.362854840851191e-05
world 0.0003929273084479371 0.04575749056067514 1.7979367607337974e-05
sign 0.0003929273084479371 0.05551732784983141 2.1814274204255955e-05
person 0.003143418467583497 0.05060999335508724 0.0001590883877566593
andrew 0.0007858546168958742 0.7447274948966939 0.0005852475401938654
alongside 0.0003929273084479371 0.7695510786217261 0.0003023776340360417
congress 0.0003929273084479371 0.4202164033831899 0.0001651145003470294
ambassador 0.0003929273084479371 0.8239087409443188 0.00032373624398597984
monk 0.0003929273084479371 1.3979400086720377 0.0005492888049791896
forever 0.0003929273084479371 1.1549019599857433 0.0004537925186584453
nailed 0.0003929273084479371 1.5228787452803376 0.0005983806464755747
thesis 0.0003929273084479371 1.5228787452803376 0.0005983806464755747
door 0.0003929273084479371 1.2218487496163564 0.00048009774051723235
sparking 0.0003929273084479371 1.1549019599857433 0.0004537925186584453
reformation 0.0003929273084479371 1.5228787452803376 0.0005983806464755747
reverend 0.0003929273084479371 1.6989700043360187 0.0006675717109375319
youngest 0.0003929273084479371 0.5228787452803376 0.00020545333802763756
chief 0.0003929273084479371 0.5686362358410126 0.0002234327056349755
executive 0.0003929273084479371 0.5528419686577808 0.00021722670674176062
officer 0.0007858546168958742 1.9829666607012197 0.001558323505462648
whitney 0.0007858546168958742 1.1549019599857433 0.0009075850373168906
urban 0.0003929273084479371 0.9208187539523752 0.00036181483455889006
league 0.0003929273084479371 0.8239087409443188 0.00032373624398597984
forefront 0.0003929273084479371 1.0969100130080565 0.00043100589902084733
integration 0.0003929273084479371 1.1549019599857433 0.0004537925186584453
empowerment 0.0003929273084479371 1.045757490560675 0.000410906676055275
peacefully 0.0003929273084479371 2.0 0.0007858546168958742
message 0.0003929273084479371 0.9208187539523752 0.00036181483455889006
assassinated 0.0003929273084479371 1.0969100130080565 0.00043100589902084733
jan 0.0003929273084479371 0.9208187539523752 0.00036181483455889006
robison 0.0007858546168958742 1.5228787452803376 0.0011967612929511494
delany 0.0007858546168958742 1.5228787452803376 0.0011967612929511494
abolitionist 0.0003929273084479371 1.0969100130080565 0.00043100589902084733
physician 0.0003929273084479371 0.8239087409443188 0.00032373624398597984
newspaper 0.0003929273084479371 1.0969100130080565 0.00043100589902084733
anti 0.0003929273084479371 0.721246399047171 0.0002833974063053717
slavery 0.0003929273084479371 1.0 0.0003929273084479371
th 0.0003929273084479371 0.2076083105017461 8.15749746568747e-05
rodney 0.0007858546168958742 2.0 0.0015717092337917485
mostly 0.0003929273084479371 0.8239087409443188 0.00032373624398597984
jury 0.0003929273084479371 0.853871964321762 0.00033550961270010295
acquitted 0.0003929273084479371 1.3010299956639813 0.0005112102144062794
caught 0.0003929273084479371 1.1549019599857433 0.0004537925186584453
beating 0.0003929273084479371 1.3010299956639813 0.0005112102144062794
l 0.0003929273084479371 1.0 0.0003929273084479371
dean 0.0007858546168958742 0.958607314841775 0.0007533259841585657
actor 0.0003929273084479371 0.4685210829577449 0.00018409472807769936
starred 0.0003929273084479371 0.7695510786217261 0.0003023776340360417
film 0.0003929273084479371 0.721246399047171 0.0002833974063053717
jerry 0.0003929273084479371 1.1549019599857433 0.0004537925186584453
lewis 0.0003929273084479371 0.8860566476931633 0.0003481558537104767
belonged 0.0003929273084479371 1.3979400086720377 0.0005492888049791896
rat 0.0003929273084479371 1.3979400086720377 0.0005492888049791896
pack 0.0003929273084479371 1.1549019599857433 0.0004537925186584453
included 0.0003929273084479371 0.48148606012211254 0.00018918902165898332
frank 0.0003929273084479371 0.853871964321762 0.00033550961270010295
sinatra 0.0003929273084479371 1.3010299956639813 0.0005112102144062794
sammy 0.0003929273084479371 1.3010299956639813 0.0005112102144062794
davis 0.0003929273084479371 1.0969100130080565 0.00043100589902084733
loading 0.0003929273084479371 0.04575749056067514 1.7979367607337974e-05
logo 0.0003929273084479371 0.04575749056067514 1.7979367607337974e-05
registered 0.0003929273084479371 0.04575749056067514 1.7979367607337974e-05
trademark 0.0003929273084479371 0.04575749056067514 1.7979367607337974e-05
llc 0.0003929273084479371 0.04575749056067514 1.7979367607337974e-05
close 0.0015717092337917485 0.04575749056067514 7.19174704293519e-05
