prince 0.02099737532808399 0.6989700043360189 0.014676535524115882
michael 0.051181102362204724 0.494850021680094 0.02532696961354812
blanket 0.013123359580052493 0.9208187539523752 0.012084235616172903
jackson 0.08136482939632547 1.4814860601221125 0.12054086053487006
ii 0.011811023622047244 0.48148606012211254 0.005686843229788731
mother 0.009186351706036745 0.21467016498923297 0.0019720356363840297
age 0.003937007874015748 0.11350927482751813 0.0004468869087697564
fact 0.003937007874015748 0.14116214857141457 0.00055575649043864
biography 0.013123359580052493 0.04575749056067514 0.0006004920021085977
skip 0.0013123359580052493 0.04575749056067514 6.0049200210859766e-05
main 0.0013123359580052493 0.04575749056067514 6.0049200210859766e-05
content 0.0013123359580052493 0.04575749056067514 6.0049200210859766e-05
people 0.006561679790026247 0.04575749056067514 0.00030024600105429884
nostalgia 0.003937007874015748 0.04575749056067514 0.0001801476006325793
celebrity 0.003937007874015748 0.04575749056067514 0.0001801476006325793
history 0.006561679790026247 0.04575749056067514 0.00030024600105429884
culture 0.003937007874015748 0.04575749056067514 0.0001801476006325793
crime 0.003937007874015748 0.04575749056067514 0.0001801476006325793
scandal 0.003937007874015748 0.04575749056067514 0.0001801476006325793
video 0.003937007874015748 0.04575749056067514 0.0001801476006325793
contact 0.003937007874015748 0.04575749056067514 0.0001801476006325793
u 0.003937007874015748 0.04575749056067514 0.0001801476006325793
advertise 0.0026246719160104987 0.04575749056067514 0.00012009840042171953
privacy 0.003937007874015748 0.04575749056067514 0.0001801476006325793
notice 0.0026246719160104987 0.04575749056067514 0.00012009840042171953
term 0.0026246719160104987 0.04575749056067514 0.00012009840042171953
use 0.0026246719160104987 0.04575749056067514 0.00012009840042171953
copyright 0.0026246719160104987 0.04575749056067514 0.00012009840042171953
policy 0.0026246719160104987 0.04575749056067514 0.00012009840042171953
ad 0.0026246719160104987 0.04575749056067514 0.00012009840042171953
choice 0.0026246719160104987 0.04575749056067514 0.00012009840042171953
accessibility 0.0026246719160104987 0.04575749056067514 0.00012009840042171953
support 0.0026246719160104987 0.04575749056067514 0.00012009840042171953
setting 0.0013123359580052493 0.04575749056067514 6.0049200210859766e-05
february 0.003937007874015748 0.04575749056067514 0.0001801476006325793
subscribe 0.0026246719160104987 0.04575749056067514 0.00012009840042171953
newsletter 0.003937007874015748 0.04575749056067514 0.0001801476006325793
photo 0.0013123359580052493 0.12493873660829993 0.0001639615965988188
jason 0.0013123359580052493 1.6989700043360187 0.002229619428262492
laveris 0.0013123359580052493 1.6989700043360187 0.002229619428262492
filmmagic 0.0013123359580052493 1.3010299956639813 0.0017073884457532561
quick 0.0013123359580052493 0.07058107428570728 9.262608173977333e-05
name 0.007874015748031496 0.05551732784983141 0.0004371443137782001
birth 0.003937007874015748 0.07058107428570728 0.00027787824521932
date 0.005249343832020997 0.07058107428570728 0.00037050432695909333
know 0.0026246719160104987 0.4559319556497244 0.0011966717996055758
famous 0.003937007874015748 0.494850021680094 0.0019482284318113937
photograph 0.0013123359580052493 1.3979400086720377 0.0018345669405144852
taken 0.0013123359580052493 0.6989700043360189 0.0009172834702572426
month 0.0026246719160104987 0.431798275933005 0.0011333288082231103
old 0.003937007874015748 0.28399665636520083 0.0011180970723039401
dangled 0.0013123359580052493 1.6989700043360187 0.002229619428262492
balcony 0.0013123359580052493 1.3979400086720377 0.0018345669405144852
berlin 0.0013123359580052493 1.3010299956639813 0.0017073884457532561
changed 0.0026246719160104987 0.6989700043360189 0.0018345669405144852
bigi 0.010498687664041995 1.045757490560675 0.010979081265728871
bullied 0.0026246719160104987 1.1549019599857433 0.003031238740120061
year 0.006561679790026247 0.24995468798823245 0.001640122624594701
nickname 0.0026246719160104987 0.9208187539523752 0.0024168471232345807
place 0.0013123359580052493 0.07572071393811834 9.937101566682197e-05
la 0.0013123359580052493 1.0 0.0013123359580052493
mesa 0.0013123359580052493 1.6989700043360187 0.002229619428262492
california 0.005249343832020997 0.5528419686577808 0.002902057578256067
aka 0.0013123359580052493 0.853871964321762 0.0011205668823120237
zodiac 0.0013123359580052493 0.3010299956639812 0.0003950524877480068
sign 0.0026246719160104987 0.05551732784983141 0.00014571477125940004
pisces 0.0013123359580052493 1.0969100130080565 0.0014395144527664782
cite 0.0013123359580052493 0.07058107428570728 9.262608173977333e-05
page 0.0013123359580052493 0.07058107428570728 9.262608173977333e-05
publish 0.0013123359580052493 0.07058107428570728 9.262608173977333e-05
jul 0.0013123359580052493 1.3979400086720377 0.0018345669405144852
comment 0.0026246719160104987 0.07058107428570728 0.00018525216347954667
known 0.003937007874015748 0.06048074738138145 0.0002381131786668561
third 0.003937007874015748 0.4202164033831899 0.0016543952889101965
child 0.011811023622047244 0.5000381344038097 0.005905962217367831
pop 0.011811023622047244 0.5686362358410126 0.006716176013870228
legend 0.003937007874015748 0.5686362358410126 0.0022387253379567425
youngest 0.0026246719160104987 0.5228787452803376 0.0013723851582161093
late 0.003937007874015748 0.3665315444204135 0.0014430375764583208
xa 0.011811023622047244 0.17392519729917358 0.0020542346137697666
identity 0.0026246719160104987 1.2218487496163564 0.003206952098730594
biological 0.005249343832020997 1.045757490560675 0.0054895406328644356
surrogate 0.0026246719160104987 1.5228787452803376 0.0039970570742266075
unknown 0.0026246719160104987 1.0 0.0026246719160104987
seven 0.0026246719160104987 0.619788758288394 0.0016267421477385669
father 0.007874015748031496 0.14874165128092467 0.00117119410457421
died 0.003937007874015748 0.31875876262441283 0.00125495575836383
june 0.0026246719160104987 0.28399665636520083 0.0007453980482026269
allegedly 0.0013123359580052493 0.853871964321762 0.0011205668823120237
star 0.003937007874015748 0.32790214206428253 0.0012909533152137107
confirmation 0.0013123359580052493 0.958607314841775 0.0012580148488737205
ever 0.0013123359580052493 0.6989700043360189 0.0009172834702572426
made 0.0026246719160104987 0.1804560644581313 0.00047363796445703757
debbie 0.0013123359580052493 1.1549019599857433 0.0015156193700600305
rowe 0.0013123359580052493 1.2218487496163564 0.001603476049365297
two 0.0013123359580052493 0.11918640771920867 0.00015641260855539196
paris 0.007874015748031496 0.6020599913279624 0.004740629852976082
katherine 0.006561679790026247 0.9208187539523752 0.0060421178080864515
joseph 0.005249343832020997 0.585026652029182 0.003071006047397281
publicly 0.0013123359580052493 0.619788758288394 0.0008133710738692834
denied 0.0013123359580052493 1.045757490560675 0.0013723851582161089
following 0.0013123359580052493 0.2518119729937996 0.00033046190681600997
subsequent 0.0013123359580052493 0.9208187539523752 0.0012084235616172904
medium 0.0013123359580052493 0.5086383061657272 0.000667504338800167
speculation 0.0013123359580052493 1.045757490560675 0.0013723851582161089
regarding 0.0013123359580052493 0.9208187539523752 0.0012084235616172904
conception 0.0013123359580052493 1.6989700043360187 0.002229619428262492
death 0.011811023622047244 0.2365720064370627 0.0027941575563432603
suffered 0.0013123359580052493 0.6575773191777938 0.0008629623611257136
cardiac 0.0013123359580052493 1.1549019599857433 0.0015156193700600305
arrest 0.0013123359580052493 0.8860566476931633 0.001162803999597327
home 0.0013123359580052493 0.31875876262441283 0.00041831858612127666
los 0.0026246719160104987 0.6020599913279624 0.0015802099509920273
angeles 0.0026246719160104987 0.6020599913279624 0.0015802099509920273
shortly 0.0013123359580052493 0.585026652029182 0.0007677515118493202
thereafter 0.0013123359580052493 1.2218487496163564 0.001603476049365297
time 0.003937007874015748 0.1023729087095586 0.00040304294767542755
grandmother 0.0026246719160104987 0.6777807052660807 0.001778951982325671
became 0.0013123359580052493 0.07572071393811834 9.937101566682197e-05
legal 0.0026246719160104987 0.5086383061657272 0.001335008677600334
guardian 0.0026246719160104987 1.045757490560675 0.0027447703164322178
well 0.0026246719160104987 0.20065945054641826 0.0005266652245312815
sibling 0.005249343832020997 1.8068754016455384 0.00948491024485847
three 0.0026246719160104987 0.2076083105017461 0.0005449037021043204
kid 0.0026246719160104987 0.9208187539523752 0.0024168471232345807
spoke 0.0013123359580052493 0.7695510786217261 0.0010099095519970158
fan 0.0013123359580052493 0.8239087409443188 0.0010812450668560613
funeral 0.0013123359580052493 1.0969100130080565 0.0014395144527664782
january 0.0013123359580052493 0.2676062401770315 0.00035118929157090746
accepting 0.0013123359580052493 1.2218487496163564 0.001603476049365297
posthumous 0.0013123359580052493 1.3010299956639813 0.0017073884457532561
lifetime 0.0013123359580052493 0.7958800173440752 0.0010444619650184714
achievement 0.0013123359580052493 0.8860566476931633 0.001162803999597327
award 0.0026246719160104987 1.216096420727265 0.0031918541226437403
grammy 0.0013123359580052493 0.6575773191777938 0.0008629623611257136
official 0.0013123359580052493 0.721246399047171 0.0009465175840514056
coroner 0.0013123359580052493 1.045757490560675 0.0013723851582161089
report 0.0026246719160104987 1.593459819566045 0.004182309237706155
released 0.0026246719160104987 0.3010299956639812 0.0007901049754960136
revealing 0.0013123359580052493 1.1549019599857433 0.0015156193700600305
singer 0.003937007874015748 0.4202164033831899 0.0016543952889101965
acute 0.0013123359580052493 1.2218487496163564 0.001603476049365297
propofol 0.0013123359580052493 1.1549019599857433 0.0015156193700600305
intoxication 0.0013123359580052493 1.2218487496163564 0.001603476049365297
aided 0.0013123359580052493 0.9208187539523752 0.0012084235616172904
personal 0.0013123359580052493 0.3372421683184259 0.000442575024039929
physician 0.0013123359580052493 0.8239087409443188 0.0010812450668560613
dr 0.0026246719160104987 0.7958800173440752 0.0020889239300369428
conrad 0.0026246719160104987 1.0 0.0026246719160104987
murray 0.005249343832020997 1.0969100130080565 0.005758057811065913
used 0.0013123359580052493 0.5086383061657272 0.000667504338800167
drug 0.0013123359580052493 0.6575773191777938 0.0008629623611257136
among 0.0026246719160104987 0.35654732351381263 0.0009358197467554138
others 0.0013123359580052493 0.494850021680094 0.0006494094772704646
help 0.0013123359580052493 0.4559319556497244 0.0005983358998027879
sleep 0.0013123359580052493 1.045757490560675 0.0013723851582161089
read 0.0013123359580052493 0.0655015487564323 8.596003773810013e-05
next 0.0013123359580052493 0.07058107428570728 9.262608173977333e-05
bella 0.0013123359580052493 0.0655015487564323 8.596003773810013e-05
hadid 0.0013123359580052493 0.0655015487564323 8.596003773810013e-05
sadie 0.0013123359580052493 0.06048074738138145 7.937105955561869e-05
alexander 0.0013123359580052493 0.05551732784983141 7.285738562970002e-05
adrienne 0.0013123359580052493 0.0655015487564323 8.596003773810013e-05
kennedy 0.0013123359580052493 0.06048074738138145 7.937105955561869e-05
police 0.0013123359580052493 0.5376020021010439 0.0007055144384528135
investigation 0.0013123359580052493 0.958607314841775 0.0012580148488737205
revealed 0.0013123359580052493 0.5086383061657272 0.000667504338800167
later 0.0013123359580052493 0.09151498112135023 0.00012009840042171946
licensed 0.0013123359580052493 1.0969100130080565 0.0014395144527664782
prescribe 0.0013123359580052493 1.1549019599857433 0.0015156193700600305
controlled 0.0013123359580052493 0.8239087409443188 0.0010812450668560613
medication 0.0013123359580052493 1.3979400086720377 0.0018345669405144852
doctor 0.0013123359580052493 1.1549019599857433 0.0015156193700600305
action 0.0026246719160104987 1.2628073572952627 0.0033144550060243117
caretaker 0.0013123359580052493 1.3979400086720377 0.0018345669405144852
subsequently 0.0013123359580052493 0.7695510786217261 0.0010099095519970158
scrutinized 0.0013123359580052493 1.1549019599857433 0.0015156193700600305
found 0.0013123359580052493 0.3372421683184259 0.000442575024039929
guilty 0.0013123359580052493 0.7958800173440752 0.0010444619650184714
homicide 0.0013123359580052493 1.0969100130080565 0.0014395144527664782
november 0.0013123359580052493 0.24412514432750856 0.0003203742051542107
receiving 0.0013123359580052493 0.619788758288394 0.0008133710738692834
four 0.0013123359580052493 0.28399665636520083 0.00037269902410131344
prison 0.0013123359580052493 0.6020599913279624 0.0007901049754960136
sentence 0.0013123359580052493 0.8239087409443188 0.0010812450668560613
wrongful 0.0026246719160104987 1.2218487496163564 0.003206952098730594
lawsuit 0.0026246719160104987 0.853871964321762 0.0022411337646240474
believing 0.0013123359580052493 1.045757490560675 0.0013723851582161089
e 0.009186351706036745 0.04575749056067514 0.00042034440147601835
g 0.006561679790026247 0.8239087409443188 0.005406225334280307
live 0.0026246719160104987 0.431798275933005 0.0011333288082231103
entertainment 0.0013123359580052493 1.0 0.0013123359580052493
company 0.0026246719160104987 0.494850021680094 0.0012988189545409291
promoted 0.0013123359580052493 0.8860566476931633 0.001162803999597327
planned 0.0013123359580052493 0.7958800173440752 0.0010444619650184714
comeback 0.0013123359580052493 1.0969100130080565 0.0014395144527664782
concert 0.0013123359580052493 0.853871964321762 0.0011205668823120237
failed 0.0013123359580052493 0.5376020021010439 0.0007055144384528135
effectively 0.0013123359580052493 0.958607314841775 0.0012580148488737205
protect 0.0013123359580052493 0.721246399047171 0.0009465175840514056
care 0.0013123359580052493 0.5376020021010439 0.0007055144384528135
family 0.005249343832020997 0.11918640771920867 0.0006256504342215678
decided 0.0013123359580052493 0.494850021680094 0.0006494094772704646
take 0.0013123359580052493 0.48148606012211254 0.0006318714699765257
officially 0.0013123359580052493 0.6989700043360189 0.0009172834702572426
filed 0.0013123359580052493 0.7958800173440752 0.0010444619650184714
trial 0.0013123359580052493 0.7447274948966939 0.0009773326704681023
began 0.0026246719160104987 0.20065945054641826 0.0005266652245312815
april 0.003937007874015748 0.1549019599857432 0.0006098502361643433
lawyer 0.0026246719160104987 1.6363880201078558 0.004294981680073112
sought 0.0013123359580052493 0.721246399047171 0.0009465175840514056
billion 0.0013123359580052493 0.8860566476931633 0.001162803999597327
estimation 0.0013123359580052493 1.2218487496163564 0.001603476049365297
could 0.0013123359580052493 0.4202164033831899 0.0005514650963033987
earned 0.0013123359580052493 0.40893539297350084 0.0005366606207001324
since 0.0013123359580052493 0.3372421683184259 0.000442575024039929
still 0.0013123359580052493 0.431798275933005 0.0005666644041115551
alive 0.0013123359580052493 1.0 0.0013123359580052493
case 0.0013123359580052493 0.5228787452803376 0.0006861925791080547
october 0.0013123359580052493 0.37675070960209955 0.0004944235034148288
jury 0.0013123359580052493 0.853871964321762 0.0011205668823120237
determined 0.0013123359580052493 0.7695510786217261 0.0010099095519970158
responsible 0.0013123359580052493 0.7695510786217261 0.0010099095519970158
although 0.0013123359580052493 0.431798275933005 0.0005666644041115551
terrible 0.0013123359580052493 1.0969100130080565 0.0014395144527664782
tragedy 0.0026246719160104987 0.853871964321762 0.0022411337646240474
making 0.0013123359580052493 0.3979400086720376 0.0005222309825092357
said 0.0013123359580052493 0.2518119729937996 0.00033046190681600997
marvin 0.0013123359580052493 1.0969100130080565 0.0014395144527664782
putnam 0.0013123359580052493 1.2218487496163564 0.001603476049365297
change 0.0013123359580052493 0.5686362358410126 0.0007462417793189142
several 0.0013123359580052493 0.32790214206428253 0.00043031777173790356
surfaced 0.0013123359580052493 1.045757490560675 0.0013723851582161089
longer 0.0013123359580052493 0.8239087409443188 0.0010812450668560613
wished 0.0013123359580052493 1.5228787452803376 0.0019985285371133038
called 0.0013123359580052493 0.3010299956639812 0.0003950524877480068
radar 0.0013123359580052493 1.6989700043360187 0.002229619428262492
online 0.0013123359580052493 1.0969100130080565 0.0014395144527664782
claimed 0.0013123359580052493 0.7447274948966939 0.0009773326704681023
young 0.0026246719160104987 0.3010299956639812 0.0007901049754960136
teen 0.0013123359580052493 0.8860566476931633 0.001162803999597327
wanted 0.0013123359580052493 0.5528419686577808 0.0007255143945640168
addressed 0.0013123359580052493 1.0969100130080565 0.0014395144527664782
took 0.0013123359580052493 0.28399665636520083 0.00037269902410131344
moniker 0.0013123359580052493 1.5228787452803376 0.0019985285371133038
today 0.0013123359580052493 0.7447274948966939 0.0009773326704681023
life 0.0026246719160104987 0.05060999335508724 0.00013283462822857544
calabasas 0.0013123359580052493 1.6989700043360187 0.002229619428262492
attends 0.0013123359580052493 1.5228787452803376 0.0019985285371133038
buckley 0.0013123359580052493 1.3979400086720377 0.0018345669405144852
school 0.0026246719160104987 0.14874165128092467 0.00039039803485807
private 0.0013123359580052493 0.6020599913279624 0.0007901049754960136
sherman 0.0013123359580052493 1.2218487496163564 0.001603476049365297
oak 0.0013123359580052493 1.5228787452803376 0.0019985285371133038
due 0.0013123359580052493 0.6777807052660807 0.0008894759911628355
advanced 0.0013123359580052493 1.2218487496163564 0.001603476049365297
along 0.0013123359580052493 0.4202164033831899 0.0005514650963033987
leaving 0.0013123359580052493 0.5686362358410126 0.0007462417793189142
nest 0.0013123359580052493 1.6989700043360187 0.002229619428262492
adult 0.0013123359580052493 1.045757490560675 0.0013723851582161089
supervision 0.0013123359580052493 1.3010299956639813 0.0017073884457532561
older 0.0026246719160104987 0.721246399047171 0.0018930351681028111
cousin 0.003937007874015748 2.3979400086720375 0.009440708695559203
j 0.0013123359580052493 0.7958800173440752 0.0010444619650184714
source 0.0013123359580052493 1.045757490560675 0.0013723851582161089
told 0.0013123359580052493 0.44369749923271273 0.0005822801827200955
magazine 0.0013123359580052493 0.8239087409443188 0.0010812450668560613
hardest 0.0013123359580052493 1.5228787452803376 0.0019985285371133038
adjusting 0.0013123359580052493 1.6989700043360187 0.002229619428262492
focusing 0.0013123359580052493 1.2218487496163564 0.001603476049365297
grade 0.0013123359580052493 1.3010299956639813 0.0017073884457532561
sport 0.0013123359580052493 1.0 0.0013123359580052493
spending 0.0013123359580052493 0.721246399047171 0.0009465175840514056
generally 0.0013123359580052493 1.1549019599857433 0.0015156193700600305
stayed 0.0013123359580052493 0.8239087409443188 0.0010812450668560613
spotlight 0.0013123359580052493 0.7958800173440752 0.0010444619650184714
however 0.0013123359580052493 0.32790214206428253 0.00043031777173790356
rare 0.0013123359580052493 1.3010299956639813 0.0017073884457532561
appearance 0.0013123359580052493 0.8860566476931633 0.001162803999597327
brother 0.0026246719160104987 0.494850021680094 0.0012988189545409291
graduation 0.0013123359580052493 1.045757490560675 0.0013723851582161089
loyola 0.0013123359580052493 1.5228787452803376 0.0019985285371133038
marymount 0.0013123359580052493 1.5228787452803376 0.0019985285371133038
university 0.0013123359580052493 0.2596373105057561 0.00034073137861647784
may 0.0013123359580052493 0.3098039199714864 0.0004065668241095622
check 0.0013123359580052493 0.07058107428570728 9.262608173977333e-05
strive 0.0013123359580052493 0.07058107428570728 9.262608173977333e-05
accuracy 0.0013123359580052493 0.07058107428570728 9.262608173977333e-05
fairness 0.0013123359580052493 0.07058107428570728 9.262608173977333e-05
see 0.0026246719160104987 0.04575749056067514 0.00012009840042171953
something 0.0013123359580052493 0.07058107428570728 9.262608173977333e-05
look 0.0013123359580052493 0.07058107428570728 9.262608173977333e-05
right 0.0013123359580052493 0.07058107428570728 9.262608173977333e-05
citation 0.0013123359580052493 0.07058107428570728 9.262608173977333e-05
information 0.0013123359580052493 0.07058107428570728 9.262608173977333e-05
article 0.0013123359580052493 0.07058107428570728 9.262608173977333e-05
title 0.0013123359580052493 0.07058107428570728 9.262608173977333e-05
author 0.0013123359580052493 0.06048074738138145 7.937105955561869e-05
com 0.0026246719160104987 0.06048074738138145 0.00015874211911123739
editor 0.0013123359580052493 0.1023729087095586 0.00013434764922514252
website 0.0026246719160104987 0.0655015487564323 0.00017192007547620026
url 0.0013123359580052493 0.07058107428570728 9.262608173977333e-05
access 0.0013123359580052493 0.07058107428570728 9.262608173977333e-05
publisher 0.0013123359580052493 0.07058107428570728 9.262608173977333e-05
television 0.0026246719160104987 0.04575749056067514 0.00012009840042171953
network 0.0026246719160104987 0.04575749056067514 0.00012009840042171953
last 0.0013123359580052493 0.0655015487564323 8.596003773810013e-05
updated 0.0013123359580052493 0.07058107428570728 9.262608173977333e-05
original 0.0013123359580052493 0.0655015487564323 8.596003773810013e-05
published 0.0013123359580052493 0.07058107428570728 9.262608173977333e-05
receive 0.0013123359580052493 0.05551732784983141 7.285738562970002e-05
story 0.003937007874015748 0.05551732784983141 0.00021857215688910004
shaped 0.0026246719160104987 0.05551732784983141 0.00014571477125940004
world 0.0013123359580052493 0.04575749056067514 6.0049200210859766e-05
person 0.011811023622047244 0.05060999335508724 0.0005977558270285894
jr 0.0013123359580052493 0.32790214206428253 0.00043031777173790356
nicknamed 0.0013123359580052493 0.9208187539523752 0.0012084235616172904
first 0.0013123359580052493 0.0655015487564323 8.596003773810013e-05
second 0.0013123359580052493 0.19382002601611284 0.0002543569895224578
daughter 0.0013123359580052493 0.31875876262441283 0.00041831858612127666
multi 0.0013123359580052493 0.6020599913279624 0.0007901049754960136
talented 0.0013123359580052493 0.7447274948966939 0.0009773326704681023
musical 0.0026246719160104987 0.48148606012211254 0.0012637429399530514
entertainer 0.0013123359580052493 0.8239087409443188 0.0010812450668560613
enjoyed 0.0013123359580052493 0.6575773191777938 0.0008629623611257136
chart 0.0013123359580052493 0.6777807052660807 0.0008894759911628355
topping 0.0013123359580052493 0.7958800173440752 0.0010444619650184714
career 0.0013123359580052493 0.17392519729917358 0.00022824829041886296
solo 0.0013123359580052493 0.6575773191777938 0.0008629623611257136
artist 0.0026246719160104987 1.341035157335565 0.0035197773158413778
one 0.003937007874015748 0.08092190762392613 0.00031859018749577216
best 0.005249343832020997 0.13667713987954408 0.0007174653012049558
selling 0.0026246719160104987 0.6575773191777938 0.0017259247222514273
album 0.0026246719160104987 0.5686362358410126 0.0014924835586378284
thriller 0.0013123359580052493 0.7958800173440752 0.0010444619650184714
number 0.0013123359580052493 0.4685210829577449 0.0006148570642490091
hit 0.0026246719160104987 0.8751698505861407 0.0022970337285725478
bad 0.0013123359580052493 0.6020599913279624 0.0007901049754960136
wall 0.0013123359580052493 0.5528419686577808 0.0007255143945640168
international 0.0026246719160104987 0.40893539297350084 0.0010733212414002647
superstar 0.0026246719160104987 0.853871964321762 0.0022411337646240474
rest 0.0026246719160104987 0.6020599913279624 0.0015802099509920273
tj 0.0026246719160104987 1.045757490560675 0.0027447703164322178
performing 0.0013123359580052493 0.8239087409443188 0.0010812450668560613
group 0.003937007874015748 0.37675070960209955 0.0014832705102444865
temporary 0.0013123359580052493 0.853871964321762 0.0011205668823120237
guardianship 0.0013123359580052493 1.0 0.0013123359580052493
randy 0.0026246719160104987 0.9208187539523752 0.0024168471232345807
musician 0.0013123359580052493 0.6575773191777938 0.0008629623611257136
came 0.0013123359580052493 0.3010299956639812 0.0003950524877480068
fame 0.0013123359580052493 0.48148606012211254 0.0006318714699765257
member 0.0026246719160104987 0.3010299956639812 0.0007901049754960136
r 0.0013123359580052493 0.5086383061657272 0.000667504338800167
b 0.0013123359580052493 0.37675070960209955 0.0004944235034148288
jermaine 0.0026246719160104987 0.958607314841775 0.002516029697747441
music 0.0013123359580052493 0.4559319556497244 0.0005983358998027879
janet 0.0026246719160104987 0.8860566476931633 0.002325607999194654
contemporary 0.0013123359580052493 0.7958800173440752 0.0010444619650184714
roster 0.0013123359580052493 0.958607314841775 0.0012580148488737205
includes 0.0013123359580052493 0.8860566476931633 0.001162803999597327
control 0.0013123359580052493 0.5528419686577808 0.0007255143945640168
rhythm 0.0013123359580052493 1.0 0.0013123359580052493
nation 0.0013123359580052493 0.35654732351381263 0.0004679098733777069
velvet 0.0013123359580052493 0.9208187539523752 0.0012084235616172904
rope 0.0013123359580052493 0.958607314841775 0.0012580148488737205
unbreakable 0.0013123359580052493 0.8860566476931633 0.001162803999597327
loading 0.0013123359580052493 0.04575749056067514 6.0049200210859766e-05
logo 0.0013123359580052493 0.04575749056067514 6.0049200210859766e-05
registered 0.0013123359580052493 0.04575749056067514 6.0049200210859766e-05
trademark 0.0013123359580052493 0.04575749056067514 6.0049200210859766e-05
llc 0.0013123359580052493 0.04575749056067514 6.0049200210859766e-05
close 0.005249343832020997 0.04575749056067514 0.00024019680084343906
