john 0.011715481171548118 0.37675070960209955 0.00441381584471079
coltrane 0.03765690376569038 1.5228787452803376 0.05734689835783698
song 0.002510460251046025 0.638272163982407 0.0016023568970269632
giant 0.0041841004184100415 1.3979400086720377 0.00584912137519681
step 0.0041841004184100415 1.0969100130080565 0.004589581644385173
death 0.005857740585774059 0.2365720064370627 0.001385777443564384
biography 0.008368200836820083 0.04575749056067514 0.0003829078708006288
skip 0.0008368200836820083 0.04575749056067514 3.8290787080062876e-05
main 0.0008368200836820083 0.04575749056067514 3.8290787080062876e-05
content 0.0008368200836820083 0.04575749056067514 3.8290787080062876e-05
people 0.00502092050209205 0.04575749056067514 0.0002297447224803773
nostalgia 0.002510460251046025 0.04575749056067514 0.00011487236124018865
celebrity 0.002510460251046025 0.04575749056067514 0.00011487236124018865
history 0.002510460251046025 0.04575749056067514 0.00011487236124018865
culture 0.002510460251046025 0.04575749056067514 0.00011487236124018865
crime 0.002510460251046025 0.04575749056067514 0.00011487236124018865
scandal 0.002510460251046025 0.04575749056067514 0.00011487236124018865
video 0.002510460251046025 0.04575749056067514 0.00011487236124018865
contact 0.002510460251046025 0.04575749056067514 0.00011487236124018865
u 0.002510460251046025 0.04575749056067514 0.00011487236124018865
advertise 0.0016736401673640166 0.04575749056067514 7.658157416012575e-05
privacy 0.002510460251046025 0.04575749056067514 0.00011487236124018865
notice 0.0016736401673640166 0.04575749056067514 7.658157416012575e-05
term 0.0016736401673640166 0.04575749056067514 7.658157416012575e-05
use 0.002510460251046025 0.04575749056067514 0.00011487236124018865
copyright 0.0016736401673640166 0.04575749056067514 7.658157416012575e-05
policy 0.0016736401673640166 0.04575749056067514 7.658157416012575e-05
ad 0.0016736401673640166 0.04575749056067514 7.658157416012575e-05
choice 0.0016736401673640166 0.04575749056067514 7.658157416012575e-05
accessibility 0.0016736401673640166 0.04575749056067514 7.658157416012575e-05
support 0.0016736401673640166 0.04575749056067514 7.658157416012575e-05
setting 0.0008368200836820083 0.04575749056067514 3.8290787080062876e-05
february 0.0008368200836820083 0.04575749056067514 3.8290787080062876e-05
subscribe 0.0016736401673640166 0.04575749056067514 7.658157416012575e-05
newsletter 0.002510460251046025 0.04575749056067514 0.00011487236124018865
photo 0.0008368200836820083 0.12493873660829993 0.00010455124402368194
cbs 0.0008368200836820083 1.2218487496163564 0.0010224675729007167
via 0.0008368200836820083 0.5086383061657272 0.00042563874992947886
getty 0.0008368200836820083 0.2291479883578558 0.00019175563879318477
image 0.0008368200836820083 0.2218487496163564 0.00018564748921870826
quick 0.0008368200836820083 0.07058107428570728 5.9063660490131616e-05
fact 0.0016736401673640166 0.14116214857141457 0.00023625464196052646
name 0.002510460251046025 0.05551732784983141 0.00013937404481129223
birth 0.0016736401673640166 0.07058107428570728 0.00011812732098026323
date 0.0041841004184100415 0.07058107428570728 0.0002953183024506581
september 0.0016736401673640166 0.5086383061657272 0.0008512774998589577
july 0.002510460251046025 0.37675070960209955 0.0009458176810094549
education 0.0008368200836820083 0.19382002601611284 0.0001621924903900526
ornstein 0.0016736401673640166 2.0 0.0033472803347280333
school 0.0033472803347280333 0.14874165128092467 0.0004978800042876139
music 0.008368200836820083 0.4559319556497244 0.0038153301728010404
place 0.0016736401673640166 0.07572071393811834 0.0001267292283483152
hamlet 0.0016736401673640166 2.0 0.0033472803347280333
north 0.0033472803347280333 0.6777807052660807 0.002268722025995249
carolina 0.002510460251046025 0.7958800173440752 0.001998025148144122
huntington 0.002510460251046025 2.0 0.00502092050209205
long 0.002510460251046025 0.4559319556497244 0.0011445990518403123
island 0.002510460251046025 0.958607314841775 0.0024065455602722383
new 0.005857740585774059 0.14266750356873154 0.000835709225925624
york 0.002510460251046025 0.3467874862246563 0.0008705961997271706
final 0.002510460251046025 0.6989700043360189 0.0017547364125590431
year 0.0100418410041841 0.24995468798823245 0.0025100052350282755
cite 0.0008368200836820083 0.07058107428570728 5.9063660490131616e-05
page 0.0008368200836820083 0.07058107428570728 5.9063660490131616e-05
quote 0.0008368200836820083 0.3872161432802645 0.0003240302454228155
play 0.002510460251046025 0.7958800173440752 0.001998025148144122
shoestring 0.0008368200836820083 2.0 0.0016736401673640166
sincere 0.0008368200836820083 2.0 0.0016736401673640166
think 0.0016736401673640166 0.585026652029182 0.0009791241038145306
expression 0.0016736401673640166 1.5228787452803376 0.002548751038126088
human 0.002510460251046025 0.8860566476931633 0.002224409994208778
heart 0.0016736401673640166 0.5228787452803376 0.0008751108707620713
express 0.0008368200836820083 1.3979400086720377 0.001169824275039362
happening 0.0008368200836820083 1.5228787452803376 0.001274375519063044
whole 0.0008368200836820083 0.958607314841775 0.0008021818534240795
experience 0.0008368200836820083 0.619788758288394 0.0005186516805760618
particular 0.0008368200836820083 1.0969100130080565 0.0009179163288770346
time 0.005857740585774059 0.1023729087095586 0.0005996739422317241
expressed 0.0008368200836820083 0.8239087409443188 0.000689463381543363
situation 0.0008368200836820083 1.1549019599857433 0.0009664451547997851
find 0.0008368200836820083 0.7958800173440752 0.0006660083827147072
life 0.005857740585774058 0.13679614097137055 0.0008013163069452668
something 0.0016736401673640166 0.07058107428570728 0.00011812732098026323
feel 0.0008368200836820083 0.8860566476931633 0.0007414699980695927
better 0.0016736401673640166 0.638272163982407 0.0010682379313513089
must 0.0008368200836820083 0.8239087409443188 0.000689463381543363
exert 0.0008368200836820083 2.0 0.0016736401673640166
effort 0.0008368200836820083 0.853871964321762 0.0007145372086374577
try 0.0008368200836820083 1.0 0.0008368200836820083
make 0.0016736401673640166 0.3872161432802645 0.000648060490845631
socially 0.0008368200836820083 1.5228787452803376 0.001274375519063044
musically 0.0008368200836820083 2.0 0.0016736401673640166
politically 0.0008368200836820083 1.045757490560675 0.0008751108707620711
department 0.0008368200836820083 0.7447274948966939 0.0006232029245997438
instrument 0.0016736401673640166 2.8239087409443187 0.004726207097814759
create 0.002510460251046025 0.8239087409443188 0.002068390144630089
initial 0.0008368200836820083 0.8239087409443188 0.000689463381543363
thought 0.0008368200836820083 0.7958800173440752 0.0006660083827147072
pattern 0.0008368200836820083 2.0 0.0016736401673640166
change 0.0008368200836820083 0.5686362358410126 0.0004758462224610984
thinking 0.0008368200836820083 1.3010299956639813 0.0010887280298443357
want 0.002510460251046025 0.585026652029182 0.0014686861557217958
force 0.00502092050209205 1.543633966870957 0.007750463431988069
real 0.0008368200836820083 0.6989700043360189 0.000584912137519681
good 0.0016736401673640166 0.585026652029182 0.0009791241038145306
word 0.0008368200836820083 0.7447274948966939 0.0006232029245997438
know 0.0008368200836820083 0.4559319556497244 0.0003815330172801041
bad 0.0008368200836820083 0.6020599913279624 0.0005038158923246547
bring 0.0008368200836820083 0.7447274948966939 0.0006232029245997438
suffering 0.0008368200836820083 0.7958800173440752 0.0006660083827147072
others 0.002510460251046025 0.494850021680094 0.0012423013096571397
misery 0.0008368200836820083 1.6989700043360187 0.0014217322212016893
world 0.005857740585774059 0.04575749056067514 0.0002680355095604402
opposite 0.0008368200836820083 1.6989700043360187 0.0014217322212016893
truly 0.0008368200836820083 0.958607314841775 0.0008021818534240795
publish 0.0008368200836820083 0.07058107428570728 5.9063660490131616e-05
apr 0.0008368200836820083 0.5528419686577808 0.0004626292624751303
comment 0.0016736401673640166 0.07058107428570728 0.00011812732098026323
acclaimed 0.0016736401673640166 0.7958800173440752 0.0013320167654294144
american 0.0016736401673640166 0.1023729087095586 0.00017133541206620687
saxophonist 0.0041841004184100415 1.3979400086720377 0.00584912137519681
bandleader 0.005857740585774059 3.5228787452803374 0.020636109804989426
composer 0.002510460251046025 1.2218487496163564 0.0030674027187021498
becoming 0.0008368200836820083 0.3372421683184259 0.0002822110195133271
iconic 0.0008368200836820083 1.045757490560675 0.0008751108707620711
figure 0.0008368200836820083 0.6777807052660807 0.0005671805064988122
jazz 0.014225941422594143 1.0969100130080565 0.01560457759090959
th 0.0008368200836820083 0.2076083105017461 0.00017373080376715156
century 0.0008368200836820083 0.494850021680094 0.0004141004365523799
album 0.011715481171548118 1.1214782044987934 0.013138656789107203
like 0.0041841004184100415 0.2365720064370627 0.000989841031117417
favorite 0.00502092050209205 0.8239087409443188 0.004136780289260178
thing 0.0041841004184100415 0.6989700043360189 0.002924560687598405
love 0.0033472803347280333 0.5086383061657272 0.0017025549997179154
supreme 0.0033472803347280333 0.585026652029182 0.001958248207629061
xa 0.01506276150627615 0.17392519729917358 0.0026197937668494763
developed 0.0016736401673640166 0.7958800173440752 0.0013320167654294144
craft 0.0008368200836820083 1.3979400086720377 0.001169824275039362
working 0.002510460251046025 0.35654732351381263 0.0008950978832982743
famed 0.0016736401673640166 0.8860566476931633 0.0014829399961391854
musician 0.0033472803347280333 1.958607314841775 0.006556007748424351
dizzy 0.0041841004184100415 1.5228787452803376 0.00637187759531522
gillespie 0.00502092050209205 1.5228787452803376 0.007646253114378264
duke 0.0041841004184100415 1.5228787452803376 0.00637187759531522
ellington 0.00502092050209205 1.6989700043360187 0.008530393327210136
mile 0.00502092050209205 1.3010299956639813 0.006532368179066015
davis 0.009205020920502092 1.0969100130080565 0.010097079617647381
turned 0.0008368200836820083 0.638272163982407 0.0005341189656756544
head 0.0008368200836820083 0.5228787452803376 0.00043755543538103565
technically 0.0008368200836820083 1.6989700043360187 0.0014217322212016893
marvelous 0.0008368200836820083 1.6989700043360187 0.0014217322212016893
innovative 0.0016736401673640166 2.0 0.0033472803347280333
playing 0.0016736401673640166 0.8860566476931633 0.0014829399961391854
thrillingly 0.0008368200836820083 2.0 0.0016736401673640166
dense 0.0008368200836820083 2.0 0.0016736401673640166
fluid 0.0008368200836820083 1.6989700043360187 0.0014217322212016893
understanding 0.0008368200836820083 1.2218487496163564 0.0010224675729007167
genre 0.0008368200836820083 1.3010299956639813 0.0010887280298443357
virtuosity 0.0008368200836820083 2.0 0.0016736401673640166
vision 0.0016736401673640166 1.2218487496163564 0.0020449351458014333
could 0.0008368200836820083 0.4202164033831899 0.00035164552584367355
heard 0.0008368200836820083 0.958607314841775 0.0008021818534240795
revered 0.0008368200836820083 1.3010299956639813 0.0010887280298443357
among 0.0008368200836820083 0.35654732351381263 0.0002983659610994248
died 0.0016736401673640166 0.31875876262441283 0.0005334874688274692
liver 0.0016736401673640166 1.5228787452803376 0.002548751038126088
cancer 0.0016736401673640166 0.8239087409443188 0.001378926763086726
old 0.0016736401673640166 0.28399665636520083 0.0004753082114898758
background 0.0008368200836820083 0.7958800173440752 0.0006660083827147072
early 0.0016736401673640166 0.07572071393811834 0.0001267292283483152
revolutionary 0.0008368200836820083 1.1549019599857433 0.0009664451547997851
groundbreaking 0.0016736401673640166 1.1549019599857433 0.0019328903095995702
william 0.0008368200836820083 0.8239087409443188 0.000689463381543363
born 0.0008368200836820083 0.09151498112135023 7.658157416012571e-05
growing 0.0008368200836820083 0.585026652029182 0.0004895620519072653
nearby 0.0008368200836820083 1.0969100130080565 0.0009179163288770346
high 0.0016736401673640166 0.27572413039921095 0.0004614629797476334
point 0.0008368200836820083 0.7447274948966939 0.0006232029245997438
surrounded 0.0008368200836820083 1.045757490560675 0.0008751108707620711
child 0.0016736401673640166 0.5000381344038097 0.0008368839069519828
father 0.0016736401673640166 0.14874165128092467 0.00024894000214380695
r 0.0016736401673640166 0.5086383061657272 0.0008512774998589577
worked 0.0016736401673640166 0.3098039199714864 0.0005185002844711069
tailor 0.0008368200836820083 2.0 0.0016736401673640166
passion 0.0008368200836820083 1.2218487496163564 0.0010224675729007167
several 0.00502092050209205 0.32790214206428253 0.0016463705877704563
younger 0.0008368200836820083 0.585026652029182 0.0004895620519072653
influence 0.0008368200836820083 1.1549019599857433 0.0009664451547997851
included 0.0041841004184100415 0.48148606012211254 0.0020145860256155336
legend 0.0008368200836820083 2.0 0.0016736401673640166
count 0.0008368200836820083 1.3979400086720377 0.001169824275039362
basie 0.0008368200836820083 1.6989700043360187 0.0014217322212016893
lester 0.0008368200836820083 1.5228787452803376 0.001274375519063044
young 0.0008368200836820083 0.3010299956639812 0.00025190794616232736
teen 0.0008368200836820083 1.1549019599857433 0.0009664451547997851
picked 0.0008368200836820083 1.0969100130080565 0.0009179163288770346
alto 0.0008368200836820083 1.6989700043360187 0.0014217322212016893
saxophone 0.0008368200836820083 2.0 0.0016736401673640166
displayed 0.0008368200836820083 1.5228787452803376 0.001274375519063044
immediate 0.0008368200836820083 1.0969100130080565 0.0009179163288770346
talent 0.0016736401673640166 0.853871964321762 0.0014290744172749154
family 0.002510460251046025 0.11918640771920867 0.0002992127390440385
took 0.0008368200836820083 0.28399665636520083 0.0002376541057449379
tragic 0.0008368200836820083 1.3010299956639813 0.0010887280298443357
turn 0.0008368200836820083 0.7958800173440752 0.0006660083827147072
passing 0.0008368200836820083 1.045757490560675 0.0008751108707620711
along 0.0016736401673640166 0.4202164033831899 0.0007032910516873471
relative 0.0008368200836820083 1.3010299956639813 0.0010887280298443357
financial 0.0008368200836820083 0.8860566476931633 0.0007414699980695927
struggle 0.0008368200836820083 1.3979400086720377 0.001169824275039362
defined 0.0016736401673640166 2.0 0.0033472803347280333
period 0.0016736401673640166 0.958607314841775 0.001604363706848159
eventually 0.0008368200836820083 0.3979400086720376 0.0003330041913573536
mother 0.0008368200836820083 0.21467016498923297 0.00017964030543032047
alice 0.002510460251046025 2.0 0.00502092050209205
member 0.0008368200836820083 0.5376020021010439 0.00044987615238581077
moved 0.0016736401673640166 0.3872161432802645 0.000648060490845631
jersey 0.0008368200836820083 1.2218487496163564 0.0010224675729007167
hope 0.0008368200836820083 1.0969100130080565 0.0009179163288770346
improved 0.0008368200836820083 1.3979400086720377 0.001169824275039362
remained 0.0008368200836820083 0.585026652029182 0.0004895620519072653
graduated 0.0008368200836820083 0.6575773191777938 0.0005502739072617522
specifically 0.0008368200836820083 1.1549019599857433 0.0009664451547997851
philadelphia 0.0016736401673640166 1.045757490560675 0.0017502217415241422
go 0.0008368200836820083 0.494850021680094 0.0004141004365523799
short 0.0008368200836820083 0.8239087409443188 0.000689463381543363
studied 0.0016736401673640166 0.7958800173440752 0.0013320167654294144
country 0.0016736401673640166 0.27572413039921095 0.0004614629797476334
throe 0.0008368200836820083 2.0 0.0016736401673640166
war 0.0008368200836820083 0.35654732351381263 0.0002983659610994248
called 0.0016736401673640166 0.3010299956639812 0.0005038158923246547
duty 0.0008368200836820083 0.958607314841775 0.0008021818534240795
enlisted 0.0008368200836820083 1.2218487496163564 0.0010224675729007167
navy 0.0008368200836820083 0.958607314841775 0.0008021818534240795
service 0.0008368200836820083 0.5086383061657272 0.00042563874992947886
stationed 0.0008368200836820083 1.6989700043360187 0.0014217322212016893
hawaii 0.0008368200836820083 1.0 0.0008368200836820083
regularly 0.0008368200836820083 1.5228787452803376 0.001274375519063044
performed 0.0008368200836820083 0.7695510786217261 0.0006439757980098126
made 0.0016736401673640166 0.1804560644581313 0.00030201851792155865
first 0.002510460251046025 0.0655015487564323 0.00016443903453497647
recording 0.0033472803347280333 2.1249387366083 0.007112765645550794
quartet 0.0016736401673640166 1.6989700043360187 0.0028434644424033787
fellow 0.0008368200836820083 0.6020599913279624 0.0005038158923246547
sailor 0.0008368200836820083 2.0 0.0016736401673640166
joining 0.0016736401673640166 0.7695510786217261 0.0012879515960196252
upon 0.0008368200836820083 0.721246399047171 0.0006035534720060009
return 0.0008368200836820083 0.7447274948966939 0.0006232029245997438
civilian 0.0008368200836820083 1.1549019599857433 0.0009664451547997851
summer 0.0008368200836820083 0.6989700043360189 0.000584912137519681
landed 0.0008368200836820083 1.045757490560675 0.0008751108707620711
back 0.0008368200836820083 0.4202164033831899 0.00035164552584367355
granoff 0.0008368200836820083 2.0 0.0016736401673640166
proceeded 0.0008368200836820083 1.3979400086720377 0.001169824275039362
hook 0.0008368200836820083 1.3010299956639813 0.0010887280298443357
number 0.0008368200836820083 0.4685210829577449 0.00039206785184748525
band 0.0041841004184100415 2.2218487496163566 0.009296438282913625
one 0.0041841004184100415 0.08092190762392613 0.00033858538754780805
earliest 0.0008368200836820083 1.5228787452803376 0.001274375519063044
group 0.0041841004184100415 0.37675070960209955 0.0015763628016824249
led 0.002510460251046025 0.37675070960209955 0.0009458176810094549
eddie 0.0008368200836820083 1.3979400086720377 0.001169824275039362
cleanhead 0.0008368200836820083 2.0 0.0016736401673640166
vinson 0.0008368200836820083 2.0 0.0016736401673640166
switched 0.0008368200836820083 1.3979400086720377 0.001169824275039362
tenor 0.0008368200836820083 2.0 0.0016736401673640166
sax 0.0016736401673640166 1.6989700043360187 0.0028434644424033787
later 0.0016736401673640166 0.09151498112135023 0.00015316314832025142
joined 0.0008368200836820083 0.4685210829577449 0.00039206785184748525
jimmy 0.0016736401673640166 1.045757490560675 0.0017502217415241422
heath 0.0008368200836820083 2.0 0.0016736401673640166
began 0.0016736401673640166 0.20065945054641826 0.0003358317163956791
fully 0.0008368200836820083 1.1549019599857433 0.0009664451547997851
explore 0.0008368200836820083 1.1549019599857433 0.0009664451547997851
experimental 0.0008368200836820083 1.6989700043360187 0.0014217322212016893
side 0.0008368200836820083 0.585026652029182 0.0004895620519072653
fall 0.0008368200836820083 0.7695510786217261 0.0006439757980098126
signed 0.0008368200836820083 0.494850021680094 0.0004141004365523799
big 0.0033472803347280333 0.5228787452803376 0.0017502217415241426
trumpeter 0.002510460251046025 2.0 0.00502092050209205
remaining 0.0008368200836820083 1.0 0.0008368200836820083
next 0.0033472803347280333 0.07058107428570728 0.00023625464196052646
half 0.0008368200836820083 0.853871964321762 0.0007145372086374577
started 0.0008368200836820083 0.6020599913279624 0.0005038158923246547
earn 0.0008368200836820083 0.9208187539523752 0.0007705596267383892
case 0.0008368200836820083 0.5228787452803376 0.00043755543538103565
performer 0.0008368200836820083 1.1549019599857433 0.0009664451547997851
drug 0.0033472803347280333 1.6575773191777938 0.005548375963775042
mainly 0.0008368200836820083 1.3979400086720377 0.001169824275039362
heroin 0.0016736401673640166 1.6989700043360187 0.0028434644424033787
earned 0.0008368200836820083 0.40893539297350084 0.00034220534976861993
gig 0.0008368200836820083 2.0 0.0016736401673640166
addiction 0.0016736401673640166 3.221848749616356 0.005392215480529466
ended 0.0008368200836820083 0.5686362358410126 0.0004758462224610984
prematurely 0.0008368200836820083 2.0 0.0016736401673640166
brought 0.0008368200836820083 0.619788758288394 0.0005186516805760618
temporarily 0.0008368200836820083 1.2218487496163564 0.0010224675729007167
replace 0.0008368200836820083 1.0969100130080565 0.0009179163288770346
johnny 0.0008368200836820083 1.3010299956639813 0.0010887280298443357
hodges 0.0008368200836820083 1.6989700043360187 0.0014217322212016893
soon 0.0008368200836820083 0.40893539297350084 0.00034220534976861993
fired 0.002510460251046025 1.045757490560675 0.0026253326122862132
dependency 0.0008368200836820083 2.0 0.0016736401673640166
rebounded 0.0008368200836820083 1.5228787452803376 0.001274375519063044
mid 0.0016736401673640166 0.585026652029182 0.0009791241038145306
asked 0.0008368200836820083 1.0 0.0008368200836820083
join 0.0008368200836820083 0.9208187539523752 0.0007705596267383892
quintet 0.0016736401673640166 2.0 0.0033472803347280333
encouraged 0.0008368200836820083 0.8239087409443188 0.000689463381543363
push 0.0008368200836820083 1.1549019599857433 0.0009664451547997851
creative 0.0008368200836820083 1.2218487496163564 0.0010224675729007167
boundary 0.0008368200836820083 1.6989700043360187 0.0014217322212016893
holding 0.0008368200836820083 1.1549019599857433 0.0009664451547997851
accountable 0.0008368200836820083 1.5228787452803376 0.001274375519063044
habit 0.0016736401673640166 3.5228787452803374 0.005896031372854121
record 0.0041841004184100415 1.193820026016113 0.004995062870360304
contract 0.0008368200836820083 0.9208187539523752 0.0007705596267383892
columbia 0.0008368200836820083 0.8239087409443188 0.000689463381543363
proved 0.0008368200836820083 0.8860566476931633 0.0007414699980695927
fruitful 0.0008368200836820083 2.0 0.0016736401673640166
artistically 0.0008368200836820083 2.0 0.0016736401673640166
rewarding 0.0008368200836820083 1.5228787452803376 0.001274375519063044
round 0.0008368200836820083 1.2218487496163564 0.0010224675729007167
midnight 0.0008368200836820083 1.0969100130080565 0.0009179163288770346
also 0.0041841004184100415 0.0861861476162833 0.0003606114963024406
played 0.0016736401673640166 0.6575773191777938 0.0011005478145235043
seminal 0.0008368200836820083 2.0 0.0016736401673640166
masterpiece 0.0008368200836820083 1.6989700043360187 0.0014217322212016893
kind 0.0008368200836820083 0.7958800173440752 0.0006660083827147072
blue 0.002510460251046025 0.8239087409443188 0.002068390144630089
train 0.0016736401673640166 1.0 0.0016736401673640166
previously 0.0016736401673640166 0.7695510786217261 0.0012879515960196252
rehired 0.0008368200836820083 2.0 0.0016736401673640166
bandmate 0.0008368200836820083 1.6989700043360187 0.0014217322212016893
failed 0.0008368200836820083 0.5376020021010439 0.00044987615238581077
give 0.0008368200836820083 0.721246399047171 0.0006035534720060009
whether 0.0008368200836820083 0.8860566476931633 0.0007414699980695927
exact 0.0008368200836820083 1.5228787452803376 0.001274375519063044
impetus 0.0008368200836820083 2.0 0.0016736401673640166
finally 0.0016736401673640166 0.7447274948966939 0.0012464058491994875
getting 0.0008368200836820083 0.7695510786217261 0.0006439757980098126
sober 0.0008368200836820083 2.0 0.0016736401673640166
certain 0.0008368200836820083 1.2218487496163564 0.0010224675729007167
kicked 0.0008368200836820083 1.6989700043360187 0.0014217322212016893
pianist 0.0033472803347280333 1.0969100130080565 0.0036716653155081385
thelonious 0.002510460251046025 2.0 0.00502092050209205
monk 0.002510460251046025 1.3979400086720377 0.0035094728251180863
month 0.0008368200836820083 0.431798275933005 0.00036133746940000415
developing 0.0008368200836820083 1.3010299956639813 0.0010887280298443357
solo 0.0008368200836820083 0.6575773191777938 0.0005502739072617522
artist 0.0016736401673640166 1.341035157335565 0.0022444103051641254
heralded 0.0016736401673640166 1.3979400086720377 0.002339648550078724
release 0.0016736401673640166 0.5686362358410126 0.0009516924449221968
soultrane 0.0008368200836820083 2.0 0.0016736401673640166
start 0.0016736401673640166 0.7695510786217261 0.0012879515960196252
decade 0.0016736401673640166 1.4621809049267258 0.002447164694438035
debut 0.0008368200836820083 0.8239087409443188 0.000689463381543363
atlantic 0.0008368200836820083 1.3979400086720377 0.001169824275039362
penning 0.0008368200836820083 2.0 0.0016736401673640166
material 0.002510460251046025 2.0 0.00502092050209205
nurtured 0.0008368200836820083 2.0 0.0016736401673640166
distinctive 0.0008368200836820083 1.6989700043360187 0.0014217322212016893
sound 0.0033472803347280333 2.346787486224656 0.007855355602425626
part 0.0016736401673640166 0.3372421683184259 0.0005644220390266542
ability 0.0008368200836820083 0.7958800173440752 0.0006660083827147072
note 0.0008368200836820083 1.5228787452803376 0.001274375519063044
amid 0.0008368200836820083 1.3010299956639813 0.0010887280298443357
wondrous 0.0008368200836820083 2.0 0.0016736401673640166
cascade 0.0008368200836820083 2.0 0.0016736401673640166
scale 0.0008368200836820083 2.0 0.0016736401673640166
dubbed 0.0008368200836820083 1.1549019599857433 0.0009664451547997851
critic 0.0008368200836820083 1.3979400086720377 0.001169824275039362
ira 0.0008368200836820083 2.0 0.0016736401673640166
gitler 0.0008368200836820083 2.0 0.0016736401673640166
sheet 0.0008368200836820083 1.6989700043360187 0.0014217322212016893
technique 0.0016736401673640166 2.920818753952375 0.004888399588204811
reportedly 0.0008368200836820083 0.721246399047171 0.0006035534720060009
described 0.0016736401673640166 0.6989700043360189 0.001169824275039362
way 0.0008368200836820083 0.431798275933005 0.00036133746940000415
middle 0.0008368200836820083 0.585026652029182 0.0004895620519072653
sentence 0.0008368200836820083 0.8239087409443188 0.000689463381543363
move 0.0008368200836820083 0.721246399047171 0.0006035534720060009
direction 0.002510460251046025 1.5228787452803376 0.003823126557189132
x 0.0008368200836820083 0.4559319556497244 0.0003815330172801041
read 0.0008368200836820083 0.0655015487564323 5.4813011511658826e-05
bella 0.0008368200836820083 0.0655015487564323 5.4813011511658826e-05
hadid 0.0008368200836820083 0.0655015487564323 5.4813011511658826e-05
sadie 0.0008368200836820083 0.06048074738138145 5.0611504084838026e-05
alexander 0.0008368200836820083 0.05551732784983141 4.645801493709741e-05
adrienne 0.0008368200836820083 0.0655015487564323 5.4813011511658826e-05
kennedy 0.0008368200836820083 0.06048074738138145 5.0611504084838026e-05
autumn 0.0008368200836820083 1.5228787452803376 0.001274375519063044
mccoy 0.0016736401673640166 2.0 0.0033472803347280333
tyner 0.0016736401673640166 2.0 0.0033472803347280333
bassist 0.0008368200836820083 1.5228787452803376 0.001274375519063044
steve 0.0008368200836820083 1.0969100130080565 0.0009179163288770346
drummer 0.0008368200836820083 1.3979400086720377 0.001169824275039362
elvin 0.0016736401673640166 2.0 0.0033472803347280333
jones 0.0016736401673640166 1.0 0.0016736401673640166
title 0.0016736401673640166 0.07058107428570728 0.00011812732098026323
track 0.0016736401673640166 2.1079053973095196 0.0035278751419406183
additional 0.0008368200836820083 0.853871964321762 0.0007145372086374577
standard 0.0008368200836820083 1.2218487496163564 0.0010224675729007167
ev 0.0008368200836820083 2.0 0.0016736401673640166
ry 0.0008368200836820083 2.0 0.0016736401673640166
say 0.0008368200836820083 0.721246399047171 0.0006035534720060009
goodbye 0.0008368200836820083 1.5228787452803376 0.001274375519063044
summertime 0.0008368200836820083 2.0 0.0016736401673640166
enduring 0.0008368200836820083 1.1549019599857433 0.0009664451547997851
performance 0.0008368200836820083 0.8860566476931633 0.0007414699980695927
soprano 0.0008368200836820083 2.0 0.0016736401673640166
catapulted 0.0008368200836820083 1.6989700043360187 0.0014217322212016893
stardom 0.0008368200836820083 1.5228787452803376 0.001274375519063044
lauded 0.0008368200836820083 1.5228787452803376 0.001274375519063044
smaller 0.0008368200836820083 1.3979400086720377 0.001169824275039362
degree 0.0008368200836820083 0.5228787452803376 0.00043755543538103565
criticized 0.0008368200836820083 0.958607314841775 0.0008021818534240795
impression 0.0016736401673640166 2.0 0.0033472803347280333
live 0.0016736401673640166 0.431798275933005 0.0007226749388000083
birdland 0.0008368200836820083 2.0 0.0016736401673640166
arguably 0.0008368200836820083 2.0 0.0016736401673640166
globally 0.0008368200836820083 2.0 0.0016736401673640166
succinct 0.0008368200836820083 2.0 0.0016736401673640166
four 0.0016736401673640166 0.28399665636520083 0.0004753082114898758
suite 0.0008368200836820083 2.0 0.0016736401673640166
seller 0.0008368200836820083 1.3010299956639813 0.0010887280298443357
went 0.0008368200836820083 0.32790214206428253 0.0002743950979617427
gold 0.0008368200836820083 0.853871964321762 0.0007145372086374577
noted 0.002510460251046025 1.0 0.002510460251046025
astounding 0.0008368200836820083 1.6989700043360187 0.0014217322212016893
technical 0.0008368200836820083 1.2218487496163564 0.0010224675729007167
nuanced 0.0008368200836820083 2.0 0.0016736401673640166
spiritual 0.0008368200836820083 1.6989700043360187 0.0014217322212016893
exploration 0.0008368200836820083 1.6989700043360187 0.0014217322212016893
ultimate 0.0008368200836820083 1.5228787452803376 0.001274375519063044
transcendence 0.0008368200836820083 2.0 0.0016736401673640166
work 0.002510460251046025 0.2218487496163564 0.0005569424676561248
nominated 0.0008368200836820083 0.853871964321762 0.0007145372086374577
two 0.0033472803347280333 0.11918640771920867 0.00039895031872538465
grammys 0.0008368200836820083 1.3010299956639813 0.0010887280298443357
considered 0.0008368200836820083 0.721246399047171 0.0006035534720060009
hallmark 0.0008368200836820083 1.6989700043360187 0.0014217322212016893
historian 0.0008368200836820083 2.0 0.0016736401673640166
around 0.0008368200836820083 0.4559319556497244 0.0003815330172801041
wife 0.002510460251046025 1.707743928643524 0.0042872232518247465
married 0.0008368200836820083 0.24412514432750856 0.00020428882370502807
juanita 0.0008368200836820083 1.6989700043360187 0.0014217322212016893
naima 0.0008368200836820083 2.0 0.0016736401673640166
grubbs 0.0008368200836820083 2.0 0.0016736401673640166
wed 0.0008368200836820083 1.045757490560675 0.0008751108707620711
harpist 0.0008368200836820083 2.0 0.0016736401673640166
mcleod 0.0008368200836820083 2.0 0.0016736401673640166
macleod 0.0008368200836820083 1.6989700043360187 0.0014217322212016893
according 0.0008368200836820083 0.638272163982407 0.0005341189656756544
source 0.0008368200836820083 1.045757490560675 0.0008751108707620711
would 0.0008368200836820083 0.2291479883578558 0.00019175563879318477
husband 0.0008368200836820083 0.7447274948966939 0.0006232029245997438
establish 0.0008368200836820083 1.0969100130080565 0.0009179163288770346
unique 0.0008368200836820083 1.5228787452803376 0.001274375519063044
career 0.002510460251046025 0.17392519729917358 0.0004366322944749127
asian 0.0008368200836820083 1.3010299956639813 0.0010887280298443357
stylistic 0.0008368200836820083 2.0 0.0016736401673640166
fusion 0.0008368200836820083 2.0 0.0016736401673640166
divine 0.0008368200836820083 1.3979400086720377 0.001169824275039362
orientation 0.0008368200836820083 1.6989700043360187 0.0014217322212016893
wrote 0.0008368200836820083 0.5528419686577808 0.0004626292624751303
recorded 0.0033472803347280333 0.8860566476931633 0.002965879992278371
considerable 0.0008368200836820083 1.6989700043360187 0.0014217322212016893
amount 0.0008368200836820083 1.5228787452803376 0.001274375519063044
avant 0.0008368200836820083 2.0 0.0016736401673640166
garde 0.0008368200836820083 2.0 0.0016736401673640166
steeped 0.0008368200836820083 2.0 0.0016736401673640166
poignant 0.0008368200836820083 2.0 0.0016736401673640166
spirituality 0.0008368200836820083 1.6989700043360187 0.0014217322212016893
spurned 0.0008368200836820083 2.0 0.0016736401673640166
last 0.0016736401673640166 0.0655015487564323 0.00010962602302331765
released 0.0016736401673640166 0.3010299956639812 0.0005038158923246547
alive 0.0008368200836820083 1.0 0.0008368200836820083
kulu 0.0008368200836820083 2.0 0.0016736401673640166
se 0.0008368200836820083 2.0 0.0016736401673640166
mama 0.0008368200836820083 2.0 0.0016736401673640166
meditation 0.0008368200836820083 2.0 0.0016736401673640166
finalized 0.0008368200836820083 1.3979400086720377 0.001169824275039362
day 0.0016736401673640166 0.7013652168755644 0.0011738329989549195
survived 0.0008368200836820083 1.0 0.0008368200836820083
second 0.0008368200836820083 0.19382002601611284 0.0001621924903900526
lost 0.0033472803347280333 0.6989700043360189 0.002339648550078724
june 0.0008368200836820083 0.28399665636520083 0.0002376541057449379
impulse 0.0008368200836820083 2.0 0.0016736401673640166
announced 0.0008368200836820083 0.40893539297350084 0.00034220534976861993
plan 0.0008368200836820083 0.8239087409443188 0.000689463381543363
b 0.0016736401673640166 0.37675070960209955 0.0006305451206729699
oth 0.0008368200836820083 2.0 0.0016736401673640166
collection 0.0016736401673640166 0.853871964321762 0.0014290744172749154
recently 0.0008368200836820083 1.5228787452803376 0.001274375519063044
found 0.0008368200836820083 0.3372421683184259 0.0002822110195133271
single 0.0008368200836820083 0.585026652029182 0.0004895620519072653
march 0.0008368200836820083 0.27572413039921095 0.0002307314898738167
classic 0.0008368200836820083 1.3010299956639813 0.0010887280298443357
garrison 0.0008368200836820083 1.6989700043360187 0.0014217322212016893
studio 0.0008368200836820083 1.045757490560675 0.0008751108707620711
version 0.0008368200836820083 1.045757490560675 0.0008751108707620711
concert 0.0008368200836820083 0.853871964321762 0.0007145372086374577
well 0.0016736401673640166 0.20065945054641826 0.0003358317163956791
original 0.0016736401673640166 0.0655015487564323 0.00010962602302331765
untitled 0.0008368200836820083 2.0 0.0016736401673640166
believed 0.0008368200836820083 0.6020599913279624 0.0005038158923246547
solely 0.0008368200836820083 1.6989700043360187 0.0014217322212016893
legacy 0.0008368200836820083 0.6989700043360189 0.000584912137519681
voracious 0.0008368200836820083 2.0 0.0016736401673640166
reader 0.0008368200836820083 2.0 0.0016736401673640166
gentleness 0.0008368200836820083 1.6989700043360187 0.0014217322212016893
immense 0.0008368200836820083 1.6989700043360187 0.0014217322212016893
impact 0.0008368200836820083 1.0 0.0008368200836820083
revolutionized 0.0008368200836820083 2.0 0.0016736401673640166
demanding 0.0008368200836820083 1.1549019599857433 0.0009664451547997851
showing 0.0008368200836820083 1.1549019599857433 0.0009664451547997851
deep 0.0008368200836820083 0.8860566476931633 0.0007414699980695927
reverence 0.0008368200836820083 2.0 0.0016736401673640166
locale 0.0008368200836820083 2.0 0.0016736401673640166
africa 0.0008368200836820083 0.7447274948966939 0.0006232029245997438
latin 0.0008368200836820083 1.3979400086720377 0.001169824275039362
america 0.0008368200836820083 0.37675070960209955 0.00031527256033648496
far 0.0008368200836820083 1.0 0.0008368200836820083
east 0.0008368200836820083 0.8860566476931633 0.0007414699980695927
south 0.0008368200836820083 0.40893539297350084 0.00034220534976861993
asia 0.0008368200836820083 1.1549019599857433 0.0009664451547997851
received 0.0008368200836820083 0.28399665636520083 0.0002376541057449379
grammy 0.0033472803347280333 0.6575773191777938 0.0022010956290470086
posthumously 0.0008368200836820083 1.3979400086720377 0.001169824275039362
bye 0.0016736401673640166 2.0 0.0033472803347280333
blackbird 0.0008368200836820083 2.0 0.0016736401673640166
given 0.0008368200836820083 0.6777807052660807 0.0005671805064988122
lifetime 0.0008368200836820083 0.7958800173440752 0.0006660083827147072
achievement 0.0008368200836820083 0.8860566476931633 0.0007414699980695927
award 0.002510460251046025 0.494850021680094 0.0012423013096571397
array 0.0008368200836820083 1.3979400086720377 0.001169824275039362
unearthed 0.0008368200836820083 2.0 0.0016736401673640166
reissue 0.0008368200836820083 2.0 0.0016736401673640166
since 0.0016736401673640166 0.3372421683184259 0.0005644220390266542
pulitzer 0.0008368200836820083 1.5228787452803376 0.001274375519063044
prize 0.0008368200836820083 0.853871964321762 0.0007145372086374577
board 0.0008368200836820083 0.8239087409443188 0.000689463381543363
awarded 0.0008368200836820083 0.8239087409443188 0.000689463381543363
special 0.0008368200836820083 0.638272163982407 0.0005341189656756544
posthumous 0.0008368200836820083 1.3010299956639813 0.0010887280298443357
citation 0.0016736401673640166 0.07058107428570728 0.00011812732098026323
continues 0.0008368200836820083 1.0 0.0008368200836820083
integral 0.0008368200836820083 2.0 0.0016736401673640166
sonic 0.0008368200836820083 1.6989700043360187 0.0014217322212016893
landscape 0.0008368200836820083 1.6989700043360187 0.0014217322212016893
major 0.0016736401673640166 0.4202164033831899 0.0007032910516873471
inspiration 0.0008368200836820083 1.5228787452803376 0.001274375519063044
newer 0.0008368200836820083 2.0 0.0016736401673640166
generation 0.0008368200836820083 0.8860566476931633 0.0007414699980695927
check 0.0008368200836820083 0.07058107428570728 5.9063660490131616e-05
strive 0.0008368200836820083 0.07058107428570728 5.9063660490131616e-05
accuracy 0.0008368200836820083 0.07058107428570728 5.9063660490131616e-05
fairness 0.0008368200836820083 0.07058107428570728 5.9063660490131616e-05
see 0.0016736401673640166 0.04575749056067514 7.658157416012575e-05
look 0.0008368200836820083 0.07058107428570728 5.9063660490131616e-05
right 0.002510460251046025 0.39848321634998984 0.001000376275355623
information 0.0008368200836820083 0.07058107428570728 5.9063660490131616e-05
article 0.0008368200836820083 0.07058107428570728 5.9063660490131616e-05
author 0.0008368200836820083 0.06048074738138145 5.0611504084838026e-05
com 0.0016736401673640166 0.06048074738138145 0.00010122300816967605
editor 0.0008368200836820083 0.1023729087095586 8.566770603310343e-05
website 0.0016736401673640166 0.0655015487564323 0.00010962602302331765
url 0.0008368200836820083 0.07058107428570728 5.9063660490131616e-05
access 0.0008368200836820083 0.07058107428570728 5.9063660490131616e-05
publisher 0.0008368200836820083 0.07058107428570728 5.9063660490131616e-05
e 0.0016736401673640166 0.04575749056067514 7.658157416012575e-05
television 0.0016736401673640166 0.04575749056067514 7.658157416012575e-05
network 0.0016736401673640166 0.04575749056067514 7.658157416012575e-05
updated 0.0008368200836820083 0.07058107428570728 5.9063660490131616e-05
april 0.0016736401673640166 0.1549019599857432 0.00025925014223555345
published 0.0008368200836820083 0.07058107428570728 5.9063660490131616e-05
receive 0.0008368200836820083 0.05551732784983141 4.645801493709741e-05
story 0.002510460251046025 0.05551732784983141 0.00013937404481129223
shaped 0.0016736401673640166 0.05551732784983141 9.291602987419482e-05
sign 0.0008368200836820083 0.05551732784983141 4.645801493709741e-05
person 0.007531380753138075 0.05060999335508724 0.00038116312987094994
billie 0.0016736401673640166 1.5228787452803376 0.002548751038126088
holiday 0.0016736401673640166 1.045757490560675 0.0017502217415241422
influential 0.0008368200836820083 0.6777807052660807 0.0005671805064988122
singer 0.0016736401673640166 1.8181564120552276 0.003042939601766071
thriving 0.0008368200836820083 1.3010299956639813 0.0010887280298443357
many 0.0008368200836820083 0.28399665636520083 0.0002376541057449379
battle 0.0008368200836820083 0.721246399047171 0.0006035534720060009
winner 0.0008368200836820083 0.853871964321762 0.0007145372086374577
trumpet 0.0008368200836820083 1.3979400086720377 0.001169824275039362
player 0.0008368200836820083 0.958607314841775 0.0008021818534240795
charlie 0.002510460251046025 1.3010299956639813 0.0032661840895330074
parker 0.002510460251046025 1.1549019599857433 0.0028993354643993556
legendary 0.0008368200836820083 0.853871964321762 0.0007145372086374577
winning 0.0008368200836820083 0.4202164033831899 0.00035164552584367355
invented 0.0008368200836820083 1.5228787452803376 0.001274375519063044
musical 0.0008368200836820083 0.48148606012211254 0.0004029172051231067
style 0.0008368200836820083 0.8239087409443188 0.000689463381543363
bop 0.0008368200836820083 1.5228787452803376 0.001274375519063044
bebop 0.0016736401673640166 1.5228787452803376 0.002548751038126088
greatest 0.0008368200836820083 0.6777807052660807 0.0005671805064988122
creator 0.0008368200836820083 2.0 0.0016736401673640166
modern 0.0008368200836820083 1.1549019599857433 0.0009664451547997851
ray 0.0016736401673640166 1.0969100130080565 0.0018358326577540692
charles 0.0016736401673640166 0.8860566476931633 0.0014829399961391854
pioneer 0.0008368200836820083 0.958607314841775 0.0008021818534240795
soul 0.0008368200836820083 0.853871964321762 0.0007145372086374577
integrating 0.0008368200836820083 1.0969100130080565 0.0009179163288770346
gospel 0.0008368200836820083 0.958607314841775 0.0008021818534240795
pop 0.0008368200836820083 0.5686362358410126 0.0004758462224610984
hit 0.0016736401673640166 0.8751698505861407 0.00146471941520693
unchain 0.0008368200836820083 1.3979400086720377 0.001169824275039362
road 0.0008368200836820083 0.853871964321762 0.0007145372086374577
jack 0.0008368200836820083 0.853871964321762 0.0007145372086374577
georgia 0.0008368200836820083 0.721246399047171 0.0006035534720060009
mind 0.0008368200836820083 1.0 0.0008368200836820083
louis 0.0016736401673640166 1.0969100130080565 0.0018358326577540692
armstrong 0.0016736401673640166 1.3979400086720377 0.002339648550078724
known 0.002510460251046025 0.06048074738138145 0.00015183451225451409
wonderful 0.0008368200836820083 1.3979400086720377 0.001169824275039362
hello 0.0008368200836820083 2.0 0.0016736401673640166
dolly 0.0008368200836820083 1.6989700043360187 0.0014217322212016893
star 0.0008368200836820083 0.32790214206428253 0.0002743950979617427
dust 0.0008368200836820083 2.0 0.0016736401673640166
la 0.0008368200836820083 1.0 0.0008368200836820083
vie 0.0008368200836820083 2.0 0.0016736401673640166
en 0.0008368200836820083 1.3010299956639813 0.0010887280298443357
rose 0.0008368200836820083 0.7447274948966939 0.0006232029245997438
originator 0.0008368200836820083 2.0 0.0016736401673640166
composed 0.0008368200836820083 1.5228787452803376 0.001274375519063044
thousand 0.0008368200836820083 0.9208187539523752 0.0007705596267383892
score 0.0008368200836820083 1.5228787452803376 0.001274375519063044
lewis 0.0016736401673640166 0.8860566476931633 0.0014829399961391854
six 0.0008368200836820083 0.5686362358410126 0.0004758462224610984
leader 0.0008368200836820083 0.48148606012211254 0.0004029172051231067
civil 0.0008368200836820083 0.3467874862246563 0.00029019873324239023
movement 0.0008368200836820083 0.48148606012211254 0.0004029172051231067
continued 0.0008368200836820083 0.3372421683184259 0.0002822110195133271
fight 0.0008368200836820083 0.5376020021010439 0.00044987615238581077
congress 0.0008368200836820083 0.4202164033831899 0.00035164552584367355
best 0.0008368200836820083 0.13667713987954408 0.00011437417563141764
composition 0.0008368200836820083 1.6989700043360187 0.0014217322212016893
include 0.0008368200836820083 0.619788758288394 0.0005186516805760618
oop 0.0008368200836820083 2.0 0.0016736401673640166
bob 0.0008368200836820083 1.045757490560675 0.0008751108707620711
sh 0.0008368200836820083 2.0 0.0016736401673640166
bam 0.0008368200836820083 2.0 0.0016736401673640166
salt 0.0008368200836820083 1.6989700043360187 0.0014217322212016893
peanut 0.0008368200836820083 2.0 0.0016736401673640166
night 0.0008368200836820083 0.638272163982407 0.0005341189656756544
tunisia 0.0008368200836820083 2.0 0.0016736401673640166
loading 0.0008368200836820083 0.04575749056067514 3.8290787080062876e-05
logo 0.0008368200836820083 0.04575749056067514 3.8290787080062876e-05
registered 0.0008368200836820083 0.04575749056067514 3.8290787080062876e-05
trademark 0.0008368200836820083 0.04575749056067514 3.8290787080062876e-05
llc 0.0008368200836820083 0.04575749056067514 3.8290787080062876e-05
close 0.0033472803347280333 0.04575749056067514 0.0001531631483202515
