cedric 0.011299435028248588 1.5228787452803376 0.017207669438195905
richmond 0.02937853107344633 1.3979400086720377 0.04106942398358529
career 0.0022598870056497176 0.17392519729917358 0.0003930512933314657
family 0.0011299435028248588 0.11918640771920867 0.00013467390702735443
fact 0.0033898305084745766 0.14116214857141457 0.00047851575786920196
biography 0.011299435028248588 0.04575749056067514 0.0005170337916460469
skip 0.0011299435028248588 0.04575749056067514 5.1703379164604685e-05
main 0.0011299435028248588 0.04575749056067514 5.1703379164604685e-05
content 0.0011299435028248588 0.04575749056067514 5.1703379164604685e-05
people 0.004519774011299435 0.04575749056067514 0.00020681351665841874
nostalgia 0.003389830508474576 0.04575749056067514 0.00015511013749381405
celebrity 0.003389830508474576 0.04575749056067514 0.00015511013749381405
history 0.003389830508474576 0.04575749056067514 0.00015511013749381405
culture 0.003389830508474576 0.04575749056067514 0.00015511013749381405
crime 0.003389830508474576 0.04575749056067514 0.00015511013749381405
scandal 0.003389830508474576 0.04575749056067514 0.00015511013749381405
video 0.003389830508474576 0.04575749056067514 0.00015511013749381405
contact 0.003389830508474576 0.04575749056067514 0.00015511013749381405
u 0.013559322033898305 0.20065945054641832 0.0027208061091039772
advertise 0.0022598870056497176 0.04575749056067514 0.00010340675832920937
privacy 0.003389830508474576 0.04575749056067514 0.00015511013749381405
notice 0.0022598870056497176 0.04575749056067514 0.00010340675832920937
term 0.005649717514124294 0.5406075122407692 0.003054279730173837
use 0.003389830508474576 0.04575749056067514 0.00015511013749381405
copyright 0.0022598870056497176 0.04575749056067514 0.00010340675832920937
policy 0.0022598870056497176 0.04575749056067514 0.00010340675832920937
ad 0.0022598870056497176 0.04575749056067514 0.00010340675832920937
choice 0.0022598870056497176 0.04575749056067514 0.00010340675832920937
accessibility 0.0022598870056497176 0.04575749056067514 0.00010340675832920937
support 0.003389830508474576 0.04575749056067514 0.00015511013749381405
setting 0.0011299435028248588 0.04575749056067514 5.1703379164604685e-05
february 0.0022598870056497176 0.04575749056067514 0.00010340675832920937
subscribe 0.0022598870056497176 0.04575749056067514 0.00010340675832920937
newsletter 0.003389830508474576 0.04575749056067514 0.00015511013749381405
photo 0.0011299435028248588 0.12493873660829993 0.00014117371368169485
congress 0.0022598870056497176 0.4202164033831899 0.0009496415895665309
quick 0.0011299435028248588 0.07058107428570728 7.975262631153366e-05
name 0.003389830508474576 0.05551732784983141 0.00018819433169434377
birth 0.0022598870056497176 0.07058107428570728 0.00015950525262306732
date 0.004519774011299435 0.07058107428570728 0.00031901050524613464
september 0.0022598870056497176 0.5086383061657272 0.0011494650986796097
age 0.0022598870056497176 0.11350927482751813 0.0002565181352034308
place 0.0011299435028248588 0.07572071393811834 8.556012874363655e-05
new 0.00903954802259887 0.14266750356873154 0.0012896497497738445
orleans 0.005649717514124294 1.3979400086720377 0.00789796615068948
louisiana 0.00903954802259887 1.2218487496163564 0.011044960448509436
full 0.0011299435028248588 0.3010299956639812 0.000340146887755911
levon 0.0022598870056497176 2.0 0.004519774011299435
cite 0.0011299435028248588 0.07058107428570728 7.975262631153366e-05
page 0.0011299435028248588 0.07058107428570728 7.975262631153366e-05
publish 0.0011299435028248588 0.07058107428570728 7.975262631153366e-05
dec 0.0011299435028248588 1.1549019599857433 0.0013049739660855857
comment 0.0022598870056497176 0.07058107428570728 0.00015950525262306732
former 0.004519774011299435 0.27572413039921095 0.0012462107588664902
five 0.0011299435028248588 0.48148606012211254 0.0005440520453357204
congressman 0.004519774011299435 0.958607314841775 0.00433268842866339
co 0.006779661016949152 0.4202164033831899 0.0028489247686995923
chairing 0.0022598870056497176 1.5228787452803376 0.003441533887639181
joe 0.006779661016949152 0.5228787452803376 0.0035449406459683907
biden 0.013559322033898305 0.6575773191777938 0.008916302632919239
presidential 0.006779661016949152 0.3665315444204135 0.0024849596231892443
campaign 0.006779661016949152 0.3872161432802645 0.0026251941917306066
named 0.004519774011299435 0.494850021680094 0.002236610267480651
president 0.012429378531073447 1.0213630516155257 0.012694907986181675
elect 0.003389830508474576 0.8860566476931633 0.003003581856586994
senior 0.004519774011299435 1.0 0.004519774011299435
advisor 0.0011299435028248588 1.1549019599857433 0.0013049739660855857
director 0.005649717514124294 2.0915149811213505 0.011816468819894635
white 0.004519774011299435 0.3872161432802645 0.0017501294611537378
house 0.012429378531073447 0.32790214206428253 0.0040756198448667885
office 0.003389830508474576 0.31875876262441283 0.0010805381783878401
public 0.003389830508474576 0.2596373105057561 0.0008801264762906987
engagement 0.003389830508474576 1.0969100130080565 0.003718339027145954
born 0.0022598870056497176 0.09151498112135023 0.0002068135166584186
raised 0.0011299435028248588 0.585026652029182 0.0006610470644397538
elected 0.003389830508474576 0.3665315444204135 0.0012424798115946221
state 0.004519774011299435 0.2924298239020636 0.0013217167182014175
legislature 0.003389830508474576 1.045757490560675 0.00354494064596839
moved 0.0011299435028248588 0.3872161432802645 0.00043753236528843445
congressional 0.00903954802259887 0.721246399047171 0.0065197414603134106
seat 0.004519774011299435 0.619788758288394 0.0028013051222074304
eventually 0.0011299435028248588 0.3979400086720376 0.0004496497273130369
joining 0.0011299435028248588 0.7695510786217261 0.0008695492413804815
judiciary 0.003389830508474576 1.045757490560675 0.00354494064596839
way 0.003389830508474576 0.9208187539523752 0.0031214195049233057
mean 0.003389830508474576 1.0969100130080565 0.003718339027145954
committee 0.007909604519774011 1.7351821769904636 0.013724604789755079
becoming 0.0011299435028248588 0.3372421683184259 0.00038106459696997277
chair 0.004519774011299435 0.958607314841775 0.00433268842866339
black 0.005649717514124294 0.3872161432802645 0.002187661826442172
caucus 0.004519774011299435 1.3010299956639813 0.005880361562323079
successful 0.0022598870056497176 0.4559319556497244 0.0010303547020332755
appointed 0.0022598870056497176 0.6777807052660807 0.0015317078085109168
adviser 0.004519774011299435 0.7447274948966939 0.00336599997693421
early 0.004519774011299435 0.07572071393811834 0.0003422405149745462
life 0.0033898305084745766 0.13679614097137055 0.0004637157321063409
education 0.003389830508474576 0.19382002601611284 0.0006570170373427554
eastern 0.0011299435028248588 1.3010299956639813 0.0014700903905807698
enduring 0.0011299435028248588 1.1549019599857433 0.0013049739660855857
death 0.0011299435028248588 0.2365720064370627 0.00026731300162379965
father 0.0011299435028248588 0.14874165128092467 0.00016806966246432167
year 0.0011299435028248588 0.11918640771920867 0.00013467390702735443
old 0.0011299435028248588 0.28399665636520083 0.00032090017668384273
credit 0.0022598870056497176 2.318758762624413 0.005240132796891329
mother 0.0011299435028248588 0.21467016498923297 0.00024256515817992427
maple 0.0011299435028248588 2.0 0.0022598870056497176
recreational 0.0011299435028248588 2.0 0.0022598870056497176
coach 0.0011299435028248588 1.3979400086720377 0.0015795932301378957
local 0.0011299435028248588 0.6989700043360189 0.0007897966150689479
playground 0.0011299435028248588 2.0 0.0022598870056497176
providing 0.0011299435028248588 1.0969100130080565 0.0012394463423819847
firm 0.0011299435028248588 0.6020599913279624 0.000680293775511822
guidance 0.0011299435028248588 1.3979400086720377 0.0015795932301378957
became 0.003389830508474576 0.07572071393811834 0.00025668038623090963
multi 0.0011299435028248588 0.6020599913279624 0.000680293775511822
sport 0.0011299435028248588 1.3010299956639813 0.0014700903905807698
star 0.0022598870056497176 0.32790214206428253 0.0007410217899757798
benjamin 0.0011299435028248588 0.958607314841775 0.0010831721071658475
franklin 0.0011299435028248588 0.8239087409443188 0.0009309703287506427
high 0.0011299435028248588 0.27572413039921095 0.00031155268971662256
school 0.004519774011299435 0.14874165128092467 0.0006722786498572867
continued 0.0011299435028248588 0.3372421683184259 0.00038106459696997277
playing 0.0011299435028248588 0.8860566476931633 0.0010011939521956648
baseball 0.0022598870056497176 1.1549019599857433 0.0026099479321711715
morehouse 0.0011299435028248588 1.5228787452803376 0.0017207669438195905
college 0.0022598870056497176 0.40893539297350084 0.0009241477807310754
earning 0.003389830508474576 0.6989700043360189 0.0023693898452068437
b 0.0011299435028248588 0.37675070960209955 0.00042570701649954755
went 0.0011299435028248588 0.32790214206428253 0.0003705108949878899
attend 0.0011299435028248588 0.7958800173440752 0.0008992994546260738
tulane 0.0022598870056497176 2.0 0.004519774011299435
university 0.0022598870056497176 0.2596373105057561 0.0005867509841937992
law 0.004519774011299435 0.3665315444204135 0.0016566397487928295
complete 0.0011299435028248588 0.9208187539523752 0.0010404731683077686
harvard 0.0011299435028248588 0.7447274948966939 0.0008414999942335525
executive 0.0011299435028248588 0.5528419686577808 0.0006246801905737637
program 0.0022598870056497176 0.5528419686577808 0.0012493603811475273
john 0.0011299435028248588 0.37675070960209955 0.00042570701649954755
f 0.0011299435028248588 0.721246399047171 0.0008149676825391763
kennedy 0.0022598870056497176 0.06048074738138145 0.00013667965509916712
government 0.0011299435028248588 0.494850021680094 0.0005591525668701627
embarked 0.0011299435028248588 1.1549019599857433 0.0013049739660855857
lengthy 0.0011299435028248588 1.045757490560675 0.0011816468819894634
political 0.003389830508474576 0.3098039199714864 0.0010501827795643605
election 0.003389830508474576 0.44369749923271273 0.0015040593194329244
district 0.003389830508474576 0.721246399047171 0.002444903047617529
democrat 0.004519774011299435 1.5654310959658013 0.007075394784026221
rose 0.0011299435028248588 0.7447274948966939 0.0008414999942335525
become 0.0011299435028248588 0.3372421683184259 0.00038106459696997277
chairman 0.003389830508474576 0.8860566476931633 0.003003581856586994
legislative 0.0011299435028248588 0.8239087409443188 0.0009309703287506427
audit 0.0011299435028248588 2.0 0.0022598870056497176
advisory 0.0011299435028248588 1.6989700043360187 0.0019197401178938066
council 0.0022598870056497176 0.7695510786217261 0.001739098482760963
accomplishment 0.0011299435028248588 0.8860566476931633 0.0010011939521956648
including 0.0022598870056497176 0.2365720064370627 0.0005346260032475993
creation 0.0011299435028248588 0.853871964321762 0.0009648270783296747
market 0.0011299435028248588 1.3979400086720377 0.0015795932301378957
tax 0.0011299435028248588 0.7958800173440752 0.0008992994546260738
brought 0.0011299435028248588 0.619788758288394 0.0007003262805518576
million 0.0011299435028248588 0.5228787452803376 0.0005908234409947318
area 0.0011299435028248588 1.0969100130080565 0.0012394463423819847
devastated 0.0011299435028248588 1.5228787452803376 0.0017207669438195905
hurricane 0.0011299435028248588 1.2218487496163564 0.0013806200560636795
katrina 0.0011299435028248588 1.2218487496163564 0.0013806200560636795
popularity 0.0011299435028248588 1.3010299956639813 0.0014700903905807698
helped 0.0011299435028248588 0.3372421683184259 0.00038106459696997277
survive 0.0011299435028248588 1.5228787452803376 0.0017207669438195905
bumpy 0.0011299435028248588 2.0 0.0022598870056497176
patch 0.0011299435028248588 2.0 0.0022598870056497176
period 0.0011299435028248588 0.958607314841775 0.0010831721071658475
misrepresented 0.0011299435028248588 2.0 0.0022598870056497176
primary 0.0022598870056497176 0.7695510786217261 0.001739098482760963
residence 0.0011299435028248588 1.1549019599857433 0.0013049739660855857
seeking 0.0011299435028248588 0.958607314841775 0.0010831721071658475
city 0.0011299435028248588 0.3665315444204135 0.0004141599371982074
leading 0.0011299435028248588 0.5228787452803376 0.0005908234409947318
disqualification 0.0011299435028248588 2.0 0.0022598870056497176
race 0.003389830508474576 0.619788758288394 0.002100978841655573
brief 0.0011299435028248588 1.0969100130080565 0.0012394463423819847
suspension 0.0011299435028248588 1.3010299956639813 0.0014700903905807698
license 0.0011299435028248588 1.3979400086720377 0.0015795932301378957
practice 0.0011299435028248588 0.9208187539523752 0.0010404731683077686
involved 0.0011299435028248588 0.4559319556497244 0.0005151773510166378
fight 0.0011299435028248588 0.5376020021010439 0.0006074598893797107
pool 0.0011299435028248588 1.045757490560675 0.0011816468819894634
hall 0.0022598870056497176 0.9208187539523752 0.0020809463366155373
following 0.003389830508474576 0.2518119729937996 0.000853599908453558
unsuccessful 0.0011299435028248588 0.8860566476931633 0.0010011939521956648
attempt 0.0011299435028248588 0.7447274948966939 0.0008414999942335525
earned 0.0011299435028248588 0.40893539297350084 0.0004620738903655377
endorsement 0.0011299435028248588 1.3010299956639813 0.0014700903905807698
barack 0.0022598870056497176 0.3872161432802645 0.0008750647305768689
obama 0.003389830508474576 0.37675070960209955 0.0012771210494986426
en 0.0011299435028248588 1.3010299956639813 0.0014700903905807698
route 0.0011299435028248588 1.3010299956639813 0.0014700903905807698
easily 0.0011299435028248588 1.2218487496163564 0.0013806200560636795
defeating 0.0011299435028248588 1.3010299956639813 0.0014700903905807698
incumbent 0.0011299435028248588 0.8860566476931633 0.0010011939521956648
republican 0.0011299435028248588 0.6777807052660807 0.0007658539042554584
xc 0.0011299435028248588 2.0 0.0022598870056497176
nh 0.0011299435028248588 2.0 0.0022598870056497176
joseph 0.0011299435028248588 0.585026652029182 0.0006610470644397538
cao 0.0011299435028248588 2.0 0.0022598870056497176
nd 0.0011299435028248588 1.0969100130080565 0.0012394463423819847
november 0.004519774011299435 0.24412514432750856 0.001103390482836197
legislation 0.0011299435028248588 0.8239087409443188 0.0009309703287506427
member 0.0011299435028248588 0.3010299956639812 0.000340146887755911
coalition 0.0011299435028248588 1.0969100130080565 0.0012394463423819847
since 0.0011299435028248588 0.3372421683184259 0.00038106459696997277
day 0.0022598870056497176 0.7013652168755644 0.001585006139831784
representative 0.0011299435028248588 0.6575773191777938 0.0007430252194099365
also 0.003389830508474576 0.0861861476162833 0.0002921564325975705
joined 0.0011299435028248588 0.4685210829577449 0.0005294023536245706
homeland 0.0011299435028248588 1.3010299956639813 0.0014700903905807698
security 0.0011299435028248588 0.853871964321762 0.0009648270783296747
sponsored 0.0011299435028248588 1.045757490560675 0.0011816468819894634
bill 0.0022598870056497176 1.8181564120552276 0.004108828049842322
decade 0.0011299435028248588 0.8239087409443188 0.0009309703287506427
long 0.0011299435028248588 0.4559319556497244 0.0005151773510166378
tenure 0.0011299435028248588 0.9208187539523752 0.0010404731683077686
chamber 0.0011299435028248588 1.5228787452803376 0.0017207669438195905
community 0.0033898305084745766 1.5272435506827875 0.005177096781975551
lending 0.0011299435028248588 1.5228787452803376 0.0017207669438195905
small 0.0022598870056497176 0.721246399047171 0.0016299353650783526
business 0.0011299435028248588 0.6989700043360189 0.0007897966150689479
job 0.0011299435028248588 0.853871964321762 0.0009648270783296747
act 0.003389830508474576 0.4685210829577449 0.0015882070608737116
american 0.0011299435028248588 0.1023729087095586 0.00011567560306164815
housing 0.0011299435028248588 0.9208187539523752 0.0010404731683077686
economic 0.0011299435028248588 0.585026652029182 0.0006610470644397538
mobility 0.0011299435028248588 1.6989700043360187 0.0019197401178938066
beyond 0.0011299435028248588 1.045757490560675 0.0011816468819894634
box 0.0011299435028248588 1.1549019599857433 0.0013049739660855857
higher 0.0011299435028248588 1.0969100130080565 0.0012394463423819847
emerged 0.0011299435028248588 1.2218487496163564 0.0013806200560636795
prominent 0.0011299435028248588 0.7447274948966939 0.0008414999942335525
voice 0.0011299435028248588 0.7447274948966939 0.0008414999942335525
crucial 0.0011299435028248588 1.3010299956639813 0.0014700903905807698
discussion 0.0011299435028248588 1.0969100130080565 0.0012394463423819847
covid 0.0011299435028248588 1.045757490560675 0.0011816468819894634
relief 0.0011299435028248588 1.045757490560675 0.0011816468819894634
police 0.0011299435028248588 0.5376020021010439 0.0006074598893797107
reform 0.0011299435028248588 0.7958800173440752 0.0008992994546260738
read 0.0011299435028248588 0.0655015487564323 7.401304944229638e-05
next 0.0011299435028248588 0.07058107428570728 7.975262631153366e-05
bella 0.0011299435028248588 0.0655015487564323 7.401304944229638e-05
hadid 0.0011299435028248588 0.0655015487564323 7.401304944229638e-05
sadie 0.0011299435028248588 0.06048074738138145 6.833982754958356e-05
alexander 0.0011299435028248588 0.05551732784983141 6.273144389811459e-05
adrienne 0.0011299435028248588 0.0655015487564323 7.401304944229638e-05
continually 0.0011299435028248588 2.0 0.0022598870056497176
pushed 0.0011299435028248588 0.7958800173440752 0.0008992994546260738
compensation 0.0011299435028248588 1.6989700043360187 0.0019197401178938066
recovering 0.0011299435028248588 1.5228787452803376 0.0017207669438195905
coastal 0.0011299435028248588 2.0 0.0022598870056497176
came 0.0022598870056497176 0.3010299956639812 0.000680293775511822
scrutiny 0.0011299435028248588 1.5228787452803376 0.0017207669438195905
accepting 0.0011299435028248588 1.2218487496163564 0.0013806200560636795
hundred 0.0011299435028248588 1.045757490560675 0.0011816468819894634
thousand 0.0011299435028248588 0.9208187539523752 0.0010404731683077686
dollar 0.0011299435028248588 1.2218487496163564 0.0013806200560636795
donation 0.0011299435028248588 1.5228787452803376 0.0017207669438195905
oil 0.0011299435028248588 1.0 0.0011299435028248588
gas 0.0011299435028248588 1.0969100130080565 0.0012394463423819847
industry 0.0011299435028248588 0.7958800173440752 0.0008992994546260738
reportedly 0.0011299435028248588 0.721246399047171 0.0008149676825391763
turning 0.0011299435028248588 1.0 0.0011299435028248588
blind 0.0011299435028248588 1.6989700043360187 0.0019197401178938066
eye 0.0011299435028248588 1.2218487496163564 0.0013806200560636795
health 0.0011299435028248588 0.5528419686577808 0.0006246801905737637
problem 0.0011299435028248588 0.7958800173440752 0.0008992994546260738
caused 0.0011299435028248588 0.8860566476931633 0.0010011939521956648
pollutant 0.0011299435028248588 2.0 0.0022598870056497176
additionally 0.0011299435028248588 0.9208187539523752 0.0010404731683077686
one 0.0011299435028248588 0.08092190762392613 9.143718375584874e-05
group 0.0011299435028248588 0.37675070960209955 0.00042570701649954755
vote 0.0022598870056497176 0.638272163982407 0.0014424229694517674
approve 0.0011299435028248588 1.5228787452803376 0.0017207669438195905
controversial 0.0011299435028248588 0.721246399047171 0.0008149676825391763
keystone 0.0011299435028248588 1.2218487496163564 0.0013806200560636795
xl 0.0011299435028248588 1.2218487496163564 0.0013806200560636795
pipeline 0.0011299435028248588 1.1549019599857433 0.0013049739660855857
leadership 0.0022598870056497176 0.638272163982407 0.0014424229694517674
reelection 0.0011299435028248588 1.0 0.0011299435028248588
th 0.0011299435028248588 0.2076083105017461 0.00023458566158389391
immediately 0.0011299435028248588 0.853871964321762 0.0009648270783296747
sought 0.0011299435028248588 0.721246399047171 0.0008149676825391763
sway 0.0011299435028248588 1.5228787452803376 0.0017207669438195905
check 0.0022598870056497176 0.07058107428570728 0.00015950525262306732
agenda 0.0011299435028248588 1.2218487496163564 0.0013806200560636795
donald 0.0011299435028248588 0.494850021680094 0.0005591525668701627
trump 0.0011299435028248588 0.5086383061657272 0.0005747325493398049
levying 0.0011299435028248588 2.0 0.0022598870056497176
criticism 0.0011299435028248588 0.9208187539523752 0.0010404731683077686
travel 0.0011299435028248588 0.8860566476931633 0.0010011939521956648
ban 0.0011299435028248588 0.8860566476931633 0.0010011939521956648
seemingly 0.0022598870056497176 1.2218487496163564 0.002761240112127359
targeted 0.0011299435028248588 1.0969100130080565 0.0012394463423819847
resident 0.0011299435028248588 1.0969100130080565 0.0012394463423819847
muslim 0.0011299435028248588 0.9208187539523752 0.0010404731683077686
majority 0.0022598870056497176 0.7447274948966939 0.001682999988467105
nation 0.0011299435028248588 0.6575773191777938 0.0007430252194099365
opposing 0.0011299435028248588 1.3010299956639813 0.0014700903905807698
nomination 0.003389830508474576 0.5086383061657272 0.0017241976480194144
jeff 0.0011299435028248588 1.6989700043360187 0.0019197401178938066
session 0.0011299435028248588 1.2218487496163564 0.0013806200560636795
attorney 0.0022598870056497176 0.494850021680094 0.0011183051337403254
general 0.0022598870056497176 0.4559319556497244 0.0010303547020332755
although 0.0011299435028248588 0.431798275933005 0.0004879076564214746
end 0.0011299435028248588 0.44369749923271273 0.0005013531064776415
retained 0.0011299435028248588 1.6989700043360187 0.0019197401178938066
influence 0.0011299435028248588 0.6989700043360189 0.0007897966150689479
foundation 0.0011299435028248588 0.7695510786217261 0.0008695492413804815
board 0.0011299435028248588 0.8239087409443188 0.0009309703287506427
assistant 0.0011299435028248588 0.8860566476931633 0.0010011939521956648
whip 0.0011299435028248588 1.3979400086720377 0.0015795932301378957
jim 0.0011299435028248588 1.0 0.0011299435028248588
clyburn 0.0011299435028248588 2.0 0.0022598870056497176
along 0.0022598870056497176 0.4202164033831899 0.0009496415895665309
assignment 0.0011299435028248588 2.0 0.0022598870056497176
powerful 0.0011299435028248588 0.721246399047171 0.0008149676825391763
heralded 0.0011299435028248588 1.3979400086720377 0.0015795932301378957
advancement 0.0011299435028248588 1.0969100130080565 0.0012394463423819847
upper 0.0011299435028248588 1.5228787452803376 0.0017207669438195905
level 0.0011299435028248588 1.3979400086720377 0.0015795932301378957
democratic 0.005649717514124294 0.3872161432802645 0.002187661826442172
however 0.0011299435028248588 0.32790214206428253 0.0003705108949878899
announced 0.0011299435028248588 0.40893539297350084 0.0004620738903655377
relinquishing 0.0011299435028248588 2.0 0.0022598870056497176
shortly 0.0011299435028248588 0.585026652029182 0.0006610470644397538
sixth 0.0011299435028248588 1.1549019599857433 0.0013049739660855857
may 0.003389830508474576 0.3098039199714864 0.0010501827795643605
tapped 0.0011299435028248588 1.3979400086720377 0.0015795932301378957
national 0.003389830508474576 0.3010299956639812 0.001020440663267733
shoring 0.0011299435028248588 2.0 0.0022598870056497176
provided 0.0011299435028248588 0.958607314841775 0.0010831721071658475
much 0.0011299435028248588 0.37675070960209955 0.00042570701649954755
needed 0.0011299435028248588 0.8860566476931633 0.0010011939521956648
dose 0.0011299435028248588 2.0 0.0022598870056497176
tough 0.0011299435028248588 0.8860566476931633 0.0010011939521956648
love 0.0011299435028248588 0.5086383061657272 0.0005747325493398049
candidate 0.0022598870056497176 1.4710832997223453 0.003324482033270837
underwhelming 0.0011299435028248588 1.3979400086720377 0.0015795932301378957
showing 0.0011299435028248588 2.0 0.0022598870056497176
stage 0.0011299435028248588 1.6989700043360187 0.0019197401178938066
spurring 0.0011299435028248588 2.0 0.0022598870056497176
turnaround 0.0011299435028248588 2.0 0.0022598870056497176
began 0.0011299435028248588 0.20065945054641826 0.00022673384242533138
resounding 0.0011299435028248588 1.3010299956639813 0.0014700903905807698
victory 0.0011299435028248588 0.5686362358410126 0.0006425268201593363
south 0.0011299435028248588 0.40893539297350084 0.0004620738903655377
carolina 0.0011299435028248588 0.7958800173440752 0.0008992994546260738
declared 0.0011299435028248588 0.5528419686577808 0.0006246801905737637
winner 0.0011299435028248588 0.853871964321762 0.0009648270783296747
electoral 0.0011299435028248588 1.0 0.0011299435028248588
major 0.0011299435028248588 0.4202164033831899 0.00047482079478326544
medium 0.0011299435028248588 0.5086383061657272 0.0005747325493398049
outlet 0.0011299435028248588 1.2218487496163564 0.0013806200560636795
chaired 0.0011299435028248588 1.6989700043360187 0.0019197401178938066
transition 0.0011299435028248588 1.0969100130080565 0.0012394463423819847
team 0.0011299435028248588 0.619788758288394 0.0007003262805518576
appointment 0.0022598870056497176 0.958607314841775 0.002166344214331695
personal 0.0011299435028248588 0.3372421683184259 0.00038106459696997277
married 0.0011299435028248588 0.24412514432750856 0.0002758476207090492
raquel 0.0011299435028248588 2.0 0.0022598870056497176
greenup 0.0011299435028248588 2.0 0.0022598870056497176
based 0.0011299435028248588 0.619788758288394 0.0007003262805518576
consultant 0.0022598870056497176 0.958607314841775 0.002166344214331695
realtor 0.0011299435028248588 2.0 0.0022598870056497176
son 0.0022598870056497176 0.28399665636520083 0.0006418003533676855
jr 0.0011299435028248588 0.32790214206428253 0.0003705108949878899
enjoyed 0.0011299435028248588 0.6575773191777938 0.0007430252194099365
breakout 0.0011299435028248588 1.5228787452803376 0.0017207669438195905
moment 0.0011299435028248588 1.0 0.0011299435028248588
delivery 0.0011299435028248588 2.0 0.0022598870056497176
pledge 0.0011299435028248588 1.1549019599857433 0.0013049739660855857
allegiance 0.0011299435028248588 1.5228787452803376 0.0017207669438195905
four 0.0011299435028248588 0.28399665636520083 0.00032090017668384273
convention 0.0011299435028248588 0.9208187539523752 0.0010404731683077686
annual 0.0011299435028248588 0.958607314841775 0.0010831721071658475
game 0.0011299435028248588 0.958607314841775 0.0010831721071658475
taking 0.0011299435028248588 0.6020599913279624 0.000680293775511822
praise 0.0011299435028248588 1.0969100130080565 0.0012394463423819847
york 0.0011299435028248588 0.3467874862246563 0.00039185026692051565
time 0.0011299435028248588 0.37675070960209955 0.00042570701649954755
babe 0.0011299435028248588 2.0 0.0022598870056497176
ruth 0.0011299435028248588 1.1549019599857433 0.0013049739660855857
inducted 0.0011299435028248588 1.045757490560675 0.0011816468819894634
fame 0.0011299435028248588 0.48148606012211254 0.0005440520453357204
strive 0.0011299435028248588 0.07058107428570728 7.975262631153366e-05
accuracy 0.0011299435028248588 0.07058107428570728 7.975262631153366e-05
fairness 0.0011299435028248588 0.07058107428570728 7.975262631153366e-05
see 0.0022598870056497176 0.04575749056067514 0.00010340675832920937
something 0.0011299435028248588 0.07058107428570728 7.975262631153366e-05
look 0.0011299435028248588 0.07058107428570728 7.975262631153366e-05
right 0.0011299435028248588 0.07058107428570728 7.975262631153366e-05
citation 0.0011299435028248588 0.07058107428570728 7.975262631153366e-05
information 0.0011299435028248588 0.07058107428570728 7.975262631153366e-05
article 0.0011299435028248588 0.07058107428570728 7.975262631153366e-05
title 0.0011299435028248588 0.07058107428570728 7.975262631153366e-05
author 0.0011299435028248588 0.06048074738138145 6.833982754958356e-05
com 0.0022598870056497176 0.06048074738138145 0.00013667965509916712
editor 0.0011299435028248588 0.1023729087095586 0.00011567560306164815
website 0.0022598870056497176 0.0655015487564323 0.00014802609888459276
url 0.0011299435028248588 0.07058107428570728 7.975262631153366e-05
access 0.0011299435028248588 0.07058107428570728 7.975262631153366e-05
publisher 0.0011299435028248588 0.07058107428570728 7.975262631153366e-05
e 0.0022598870056497176 0.04575749056067514 0.00010340675832920937
television 0.0022598870056497176 0.04575749056067514 0.00010340675832920937
network 0.0022598870056497176 0.04575749056067514 0.00010340675832920937
last 0.0011299435028248588 0.0655015487564323 7.401304944229638e-05
updated 0.0011299435028248588 0.07058107428570728 7.975262631153366e-05
december 0.0022598870056497176 0.40893539297350084 0.0009241477807310754
original 0.0011299435028248588 0.0655015487564323 7.401304944229638e-05
published 0.0011299435028248588 0.07058107428570728 7.975262631153366e-05
receive 0.0011299435028248588 0.05551732784983141 6.273144389811459e-05
story 0.003389830508474576 0.05551732784983141 0.00018819433169434377
shaped 0.0022598870056497176 0.05551732784983141 0.00012546288779622918
world 0.0011299435028248588 0.04575749056067514 5.1703379164604685e-05
sign 0.0011299435028248588 0.05551732784983141 6.273144389811459e-05
person 0.010169491525423728 0.05060999335508724 0.0005146778985263109
jen 0.0022598870056497176 1.3979400086720377 0.0031591864602757915
malley 0.0022598870056497176 1.3979400086720377 0.0031591864602757915
dillon 0.0022598870056497176 1.3979400086720377 0.0031591864602757915
first 0.0011299435028248588 0.0655015487564323 7.401304944229638e-05
woman 0.0011299435028248588 0.3979400086720376 0.0004496497273130369
manage 0.0011299435028248588 1.3010299956639813 0.0014700903905807698
winning 0.0011299435028248588 0.4202164033831899 0.00047482079478326544
deputy 0.0011299435028248588 0.9208187539523752 0.0010404731683077686
chief 0.0022598870056497176 0.5686362358410126 0.0012850536403186726
staff 0.0022598870056497176 0.9208187539523752 0.0020809463366155373
mike 0.0022598870056497176 0.8860566476931633 0.0020023879043913296
donilon 0.0022598870056497176 1.3979400086720377 0.0031591864602757915
longtime 0.0011299435028248588 0.7447274948966939 0.0008414999942335525
pollster 0.0011299435028248588 1.3010299956639813 0.0014700903905807698
strategist 0.0011299435028248588 1.3010299956639813 0.0014700903905807698
tyler 0.0022598870056497176 1.3979400086720377 0.0031591864602757915
perry 0.0022598870056497176 1.3010299956639813 0.0029401807811615397
writer 0.0022598870056497176 0.6989700043360189 0.0015795932301378957
actor 0.0011299435028248588 0.4685210829577449 0.0005294023536245706
producer 0.0011299435028248588 0.8239087409443188 0.0009309703287506427
built 0.0011299435028248588 1.0969100130080565 0.0012394463423819847
entertainment 0.0011299435028248588 1.0 0.0011299435028248588
empire 0.0011299435028248588 1.045757490560675 0.0011816468819894634
consists 0.0011299435028248588 1.3979400086720377 0.0015795932301378957
film 0.0011299435028248588 0.721246399047171 0.0008149676825391763
play 0.0011299435028248588 1.6989700043360187 0.0019197401178938066
best 0.0011299435028248588 0.13667713987954408 0.00015443744619157525
selling 0.0011299435028248588 0.6575773191777938 0.0007430252194099365
book 0.0011299435028248588 0.721246399047171 0.0008149676825391763
amy 0.0022598870056497176 0.9208187539523752 0.0020809463366155373
coney 0.0022598870056497176 1.6989700043360187 0.003839480235787613
barrett 0.0022598870056497176 1.5228787452803376 0.003441533887639181
served 0.0022598870056497176 0.2676062401770315 0.0006047598648068509
professor 0.0011299435028248588 0.8860566476931633 0.0010011939521956648
appeal 0.0011299435028248588 1.045757490560675 0.0011816468819894634
court 0.0022598870056497176 0.4202164033831899 0.0009496415895665309
judge 0.0011299435028248588 0.585026652029182 0.0006610470644397538
supreme 0.0011299435028248588 0.585026652029182 0.0006610470644397538
justice 0.0011299435028248588 0.5376020021010439 0.0006074598893797107
october 0.0011299435028248588 0.37675070960209955 0.00042570701649954755
ron 0.0022598870056497176 1.2218487496163564 0.002761240112127359
klain 0.0022598870056497176 1.3979400086720377 0.0031591864602757915
lawyer 0.0011299435028248588 0.48148606012211254 0.0005440520453357204
operative 0.0011299435028248588 1.3979400086720377 0.0015795932301378957
aide 0.0011299435028248588 1.1549019599857433 0.0013049739660855857
clinton 0.0011299435028248588 0.5228787452803376 0.0005908234409947318
juli 0.0022598870056497176 1.2218487496163564 0.002761240112127359
n 0.0022598870056497176 0.7695510786217261 0.001739098482760963
castro 0.0022598870056497176 1.0969100130080565 0.0024788926847639694
mayor 0.0011299435028248588 0.6777807052660807 0.0007658539042554584
san 0.0011299435028248588 0.8860566476931633 0.0010011939521956648
antonio 0.0011299435028248588 1.1549019599857433 0.0013049739660855857
texas 0.0011299435028248588 0.619788758288394 0.0007003262805518576
hud 0.0011299435028248588 1.045757490560675 0.0011816468819894634
secretary 0.0011299435028248588 0.638272163982407 0.0007212114847258837
administration 0.0011299435028248588 0.6575773191777938 0.0007430252194099365
among 0.0022598870056497176 0.35654732351381263 0.0008057566633080512
beau 0.0022598870056497176 1.3010299956639813 0.0029401807811615397
delaware 0.0011299435028248588 1.0 0.0011299435028248588
guard 0.0011299435028248588 0.9208187539523752 0.0010404731683077686
truman 0.0022598870056497176 1.3979400086720377 0.0031591864602757915
capote 0.0022598870056497176 2.0 0.004519774011299435
trailblazing 0.0011299435028248588 1.3010299956639813 0.0014700903905807698
southern 0.0011299435028248588 0.6575773191777938 0.0007430252194099365
descent 0.0011299435028248588 1.5228787452803376 0.0017207669438195905
known 0.0011299435028248588 0.06048074738138145 6.833982754958356e-05
work 0.0011299435028248588 1.045757490560675 0.0011816468819894634
breakfast 0.0011299435028248588 1.5228787452803376 0.0017207669438195905
tiffany 0.0011299435028248588 1.6989700043360187 0.0019197401178938066
cold 0.0011299435028248588 1.045757490560675 0.0011816468819894634
blood 0.0011299435028248588 1.045757490560675 0.0011816468819894634
others 0.0011299435028248588 0.494850021680094 0.0005591525668701627
elizabeth 0.0022598870056497176 0.7695510786217261 0.001739098482760963
warren 0.0022598870056497176 1.045757490560675 0.002363293763978927
massachusetts 0.0011299435028248588 0.7695510786217261 0.0008695492413804815
senate 0.0011299435028248588 0.5686362358410126 0.0006425268201593363
ran 0.0011299435028248588 0.48148606012211254 0.0005440520453357204
party 0.0011299435028248588 0.3979400086720376 0.0004496497273130369
loading 0.0011299435028248588 0.04575749056067514 5.1703379164604685e-05
logo 0.0011299435028248588 0.04575749056067514 5.1703379164604685e-05
registered 0.0011299435028248588 0.04575749056067514 5.1703379164604685e-05
trademark 0.0011299435028248588 0.04575749056067514 5.1703379164604685e-05
llc 0.0011299435028248588 0.04575749056067514 5.1703379164604685e-05
close 0.004519774011299435 0.04575749056067514 0.00020681351665841874
