shinzo 0.006396588486140725 2.0 0.01279317697228145
abe 0.04548685145700071 2.0 0.09097370291400142
resignation 0.005685856432125089 1.0969100130080565 0.006236872852924273
health 0.0042643923240938165 0.5528419686577808 0.0023575350475811547
age 0.0014214641080312722 0.11350927482751813 0.0001613493600959746
biography 0.006396588486140725 0.04575749056067514 0.0002926918372751075
skip 0.0007107320540156361 0.04575749056067514 3.252131525278972e-05
main 0.0007107320540156361 0.04575749056067514 3.252131525278972e-05
content 0.0007107320540156361 0.04575749056067514 3.252131525278972e-05
people 0.0035536602700781805 0.04575749056067514 0.00016260657626394862
nostalgia 0.0021321961620469083 0.04575749056067514 9.756394575836918e-05
celebrity 0.0021321961620469083 0.04575749056067514 9.756394575836918e-05
history 0.0028429282160625444 0.04575749056067514 0.0001300852610111589
culture 0.0021321961620469083 0.04575749056067514 9.756394575836918e-05
crime 0.0021321961620469083 0.04575749056067514 9.756394575836918e-05
scandal 0.0042643923240938165 1.744727494896694 0.007440202536872895
video 0.0021321961620469083 0.04575749056067514 9.756394575836918e-05
contact 0.0021321961620469083 0.04575749056067514 9.756394575836918e-05
u 0.0035536602700781805 0.20065945054641832 0.0007130755172225242
advertise 0.0014214641080312722 0.04575749056067514 6.504263050557945e-05
privacy 0.0021321961620469083 0.04575749056067514 9.756394575836918e-05
notice 0.0014214641080312722 0.04575749056067514 6.504263050557945e-05
term 0.006396588486140725 0.5406075122407692 0.0034580437883204853
use 0.0014214641080312722 0.04575749056067514 6.504263050557945e-05
copyright 0.0014214641080312722 0.04575749056067514 6.504263050557945e-05
policy 0.0035536602700781805 0.7670038896078462 0.0027256712494948335
ad 0.0014214641080312722 0.04575749056067514 6.504263050557945e-05
choice 0.0014214641080312722 0.04575749056067514 6.504263050557945e-05
accessibility 0.0014214641080312722 0.04575749056067514 6.504263050557945e-05
support 0.0028429282160625444 0.04575749056067514 0.0001300852610111589
setting 0.0007107320540156361 0.04575749056067514 3.252131525278972e-05
february 0.0014214641080312722 0.04575749056067514 6.504263050557945e-05
subscribe 0.0014214641080312722 0.04575749056067514 6.504263050557945e-05
newsletter 0.0021321961620469083 0.04575749056067514 9.756394575836918e-05
photo 0.0007107320540156361 0.12493873660829993 8.879796489573556e-05
asahi 0.0007107320540156361 2.0 0.0014214641080312722
shimbun 0.0007107320540156361 2.0 0.0014214641080312722
via 0.0014214641080312722 0.5086383061657272 0.0007230110961844026
getty 0.0007107320540156361 0.2291479883578558 0.0001628628204391299
image 0.0007107320540156361 0.2218487496163564 0.00015767501749563355
quick 0.0007107320540156361 0.07058107428570728 5.016423190171093e-05
fact 0.0014214641080312722 0.14116214857141457 0.00020065692760684372
name 0.0021321961620469083 1.1012748184105063 0.0023481339411737874
birth 0.0014214641080312722 0.07058107428570728 0.00010032846380342186
date 0.0028429282160625444 0.07058107428570728 0.00020065692760684372
september 0.006396588486140725 0.5086383061657272 0.0032535499328298118
education 0.0014214641080312722 0.19382002601611284 0.0002755082103995918
university 0.0021321961620469083 0.2596373105057561 0.0005535976769845546
southern 0.0014214641080312722 0.6575773191777938 0.0009347225574666578
california 0.0014214641080312722 0.5528419686577808 0.0007858450158603849
los 0.0014214641080312722 0.6020599913279624 0.0008558066685543176
angeles 0.0014214641080312722 0.6020599913279624 0.0008558066685543176
place 0.0007107320540156361 0.07572071393811834 5.3817138548769256e-05
tokyo 0.0042643923240938165 2.0 0.008528784648187633
japan 0.02061122956645345 1.1549019599857433 0.02380394942401319
zodiac 0.0007107320540156361 0.3010299956639812 0.0002139516671385794
sign 0.0021321961620469083 0.05551732784983141 0.00011837383336851047
virgo 0.0007107320540156361 1.6989700043360187 0.0012075124408926928
cite 0.0007107320540156361 0.07058107428570728 5.016423190171093e-05
page 0.0007107320540156361 0.07058107428570728 5.016423190171093e-05
publish 0.0007107320540156361 0.07058107428570728 5.016423190171093e-05
sep 0.0007107320540156361 1.5228787452803376 0.001082358738649849
comment 0.0014214641080312722 0.07058107428570728 0.00010032846380342186
conservative 0.0021321961620469083 2.2218487496163566 0.004737417376580718
politician 0.0014214641080312722 0.6575773191777938 0.0009347225574666578
prime 0.01847903340440654 0.7958800173440752 0.01470709342640082
minister 0.019189765458422173 1.8386319977650252 0.035282916801461034
began 0.0014214641080312722 0.20065945054641826 0.0002852302068890096
another 0.0035536602700781805 0.40893539297350084 0.001453217459038738
served 0.0042643923240938165 0.2676062401770315 0.0011411779964905393
became 0.004975124378109453 0.07572071393811834 0.0003767199698413848
promise 0.0007107320540156361 0.9208187539523752 0.0006544554043726902
fix 0.0007107320540156361 1.5228787452803376 0.001082358738649849
ailing 0.0007107320540156361 2.0 0.0014214641080312722
economy 0.0042643923240938165 1.0 0.0042643923240938165
following 0.0021321961620469083 0.2518119729937996 0.0005369125223748392
dubbed 0.0014214641080312722 1.1549019599857433 0.0016416516844147027
abenomics 0.0021321961620469083 2.0 0.0042643923240938165
right 0.0014214641080312722 0.07058107428570728 0.00010032846380342186
wing 0.0007107320540156361 1.3979400086720377 0.0009935607737541134
family 0.0007107320540156361 0.11918640771920867 8.470960036901824e-05
deep 0.0007107320540156361 0.8860566476931633 0.0006297488611891707
political 0.0021321961620469083 0.3098039199714864 0.0006605627291502908
root 0.0007107320540156361 1.045757490560675 0.0007432533692684258
belongs 0.0007107320540156361 1.6989700043360187 0.0012075124408926928
liberal 0.0014214641080312722 0.8860566476931633 0.0012594977223783414
democratic 0.0014214641080312722 0.3872161432802645 0.0005504138497231905
party 0.004975124378109453 0.3979400086720376 0.001979801038169341
book 0.0007107320540156361 0.585026652029182 0.00041579719405059133
toward 0.0007107320540156361 0.8860566476931633 0.0006297488611891707
beautiful 0.0007107320540156361 1.3010299956639813 0.0009246837211542155
country 0.006396588486140725 1.321481620959886 0.008452974121278588
xa 0.0028429282160625444 0.17392519729917358 0.0004944568508860656
shared 0.0028429282160625444 0.7695510786217261 0.0021877784751150706
detail 0.0007107320540156361 1.5228787452803376 0.001082358738649849
life 0.0021321961620469083 0.13679614097137055 0.0002916762067619841
vision 0.0007107320540156361 1.2218487496163564 0.0008684070715112696
one 0.0028429282160625444 0.08092190762392613 0.00023005517448166634
long 0.0028429282160625444 0.4559319556497244 0.001296181821321178
standing 0.0007107320540156361 1.0 0.0007107320540156361
goal 0.0014214641080312722 0.9208187539523752 0.0013089108087453805
amend 0.0007107320540156361 1.6989700043360187 0.0012075124408926928
pacifist 0.0021321961620469083 1.6989700043360187 0.003622537322678078
constitution 0.0042643923240938165 0.853871964321762 0.003641245050412631
wearing 0.0007107320540156361 1.3010299956639813 0.0009246837211542155
super 0.0007107320540156361 1.3010299956639813 0.0009246837211542155
mario 0.0007107320540156361 1.3979400086720377 0.0009935607737541134
costume 0.0007107320540156361 1.3979400086720377 0.0009935607737541134
appeared 0.0007107320540156361 0.721246399047171 0.0005126129346461769
olympic 0.0014214641080312722 1.3010299956639813 0.001849367442308431
closing 0.0007107320540156361 1.1549019599857433 0.0008208258422073513
ceremony 0.0007107320540156361 2.0 0.0014214641080312722
rio 0.0007107320540156361 2.0 0.0014214641080312722
de 0.0007107320540156361 0.958607314841775 0.0006813129458719082
janeiro 0.0007107320540156361 2.0 0.0014214641080312722
herald 0.0007107320540156361 2.0 0.0014214641080312722
game 0.0014214641080312722 1.958607314841775 0.002784089999775089
hosted 0.0007107320540156361 1.2218487496163564 0.0008684070715112696
august 0.0014214641080312722 0.494850021680094 0.0007034115446767506
announced 0.0021321961620469083 0.40893539297350084 0.0008719304754232427
due 0.0007107320540156361 0.6777807052660807 0.000481720472825928
reason 0.0021321961620469083 2.193820026016113 0.0046776546396932045
early 0.0014214641080312722 0.07572071393811834 0.00010763427709753851
born 0.0014214641080312722 0.09151498112135023 0.0001300852610111588
site 0.0007107320540156361 1.3979400086720377 0.0009935607737541134
incorrectly 0.0007107320540156361 2.0 0.0014214641080312722
list 0.0007107320540156361 0.958607314841775 0.0006813129458719082
nagato 0.0007107320540156361 2.0 0.0014214641080312722
hometown 0.0007107320540156361 1.1549019599857433 0.0008208258422073513
yamaguchi 0.0007107320540156361 2.0 0.0014214641080312722
prefecture 0.0007107320540156361 2.0 0.0014214641080312722
birthplace 0.0007107320540156361 1.5228787452803376 0.001082358738649849
father 0.0014214641080312722 0.14874165128092467 0.00021143091866513813
shintaro 0.0007107320540156361 2.0 0.0014214641080312722
foreign 0.0014214641080312722 0.7447274948966939 0.0010586034042596928
death 0.0007107320540156361 0.2365720064370627 0.00016813930805761385
ran 0.0014214641080312722 0.48148606012211254 0.0006844151529809702
seat 0.0014214641080312722 1.7746907182741372 0.002522659158882924
diet 0.0021321961620469083 1.6989700043360187 0.003622537322678078
world 0.005685856432125089 0.04575749056067514 0.0002601705220223178
war 0.00923951670220327 0.35654732351381263 0.003294324950731744
ii 0.004975124378109453 0.48148606012211254 0.0023954530354333954
maternal 0.0014214641080312722 1.0969100130080565 0.0015592182132310682
grandfather 0.0014214641080312722 1.0 0.0014214641080312722
nobusuke 0.0007107320540156361 2.0 0.0014214641080312722
kishi 0.0014214641080312722 2.0 0.0028429282160625444
worked 0.0014214641080312722 0.3098039199714864 0.00044037515276686053
industrial 0.0007107320540156361 1.6989700043360187 0.0012075124408926928
planner 0.0007107320540156361 2.0 0.0014214641080312722
japanese 0.004975124378109453 1.0 0.004975124378109453
occupied 0.0007107320540156361 2.0 0.0014214641080312722
manchuria 0.0007107320540156361 2.0 0.0014214641080312722
arrested 0.0007107320540156361 0.8239087409443188 0.0005855783517727923
class 0.0007107320540156361 0.44369749923271273 0.00031535003499126704
criminal 0.0014214641080312722 2.619788758288394 0.003723935690530766
indicted 0.0007107320540156361 1.3979400086720377 0.0009935607737541134
anti 0.0007107320540156361 0.721246399047171 0.0005126129346461769
communist 0.0007107320540156361 1.2218487496163564 0.0008684070715112696
view 0.0014214641080312722 1.812479279163537 0.00257637424188136
helped 0.0007107320540156361 0.3372421683184259 0.00023968881898964173
secure 0.0007107320540156361 0.958607314841775 0.0006813129458719082
release 0.0014214641080312722 0.5686362358410126 0.0008082959997740051
like 0.0014214641080312722 0.2365720064370627 0.0003362786161152277
wanted 0.0014214641080312722 0.5528419686577808 0.0007858450158603849
alter 0.0007107320540156361 1.3010299956639813 0.0009246837211542155
article 0.004975124378109453 0.07058107428570728 0.00035114962331197656
receiving 0.0007107320540156361 0.619788758288394 0.00044050373723411086
science 0.0007107320540156361 0.7958800173440752 0.0005656574394769546
degree 0.0007107320540156361 0.5228787452803376 0.00037162668463421294
seikei 0.0007107320540156361 2.0 0.0014214641080312722
matriculated 0.0007107320540156361 1.6989700043360187 0.0012075124408926928
study 0.0007107320540156361 0.9208187539523752 0.0006544554043726902
parliamentary 0.0007107320540156361 1.6989700043360187 0.0012075124408926928
system 0.0007107320540156361 0.7958800173440752 0.0005656574394769546
usually 0.0007107320540156361 1.6989700043360187 0.0012075124408926928
leader 0.0028429282160625444 0.37675070960209955 0.0010710752227493946
lower 0.0007107320540156361 0.958607314841775 0.0006813129458719082
house 0.0021321961620469083 1.4828041020500258 0.003161629215458477
legislative 0.0007107320540156361 0.8239087409443188 0.0005855783517727923
body 0.0007107320540156361 0.5686362358410126 0.00040414799988700256
held 0.0007107320540156361 0.48148606012211254 0.0003422075764904851
power 0.0007107320540156361 0.5376020021010439 0.00038209097519619324
year 0.004975124378109453 0.24995468798823245 0.0012435556616329972
since 0.0042643923240938165 0.3372421683184259 0.0014381329139378503
founding 0.0007107320540156361 0.6777807052660807 0.000481720472825928
youngest 0.0007107320540156361 0.5228787452803376 0.00037162668463421294
first 0.0035536602700781805 0.0655015487564323 0.0002327702514443223
member 0.0021321961620469083 0.8386319977650252 0.001788127927004318
legislature 0.0014214641080312722 1.045757490560675 0.0014865067385368515
though 0.004975124378109453 0.3665315444204135 0.0018235400219921072
joined 0.0021321961620469083 0.4685210829577449 0.0009989788549205649
cabinet 0.0007107320540156361 0.958607314841775 0.0006813129458719082
resigned 0.0007107320540156361 0.9208187539523752 0.0006544554043726902
citing 0.0014214641080312722 1.1549019599857433 0.0016416516844147027
poor 0.0007107320540156361 0.7958800173440752 0.0005656574394769546
made 0.0028429282160625444 0.1804560644581313 0.0005130236374076228
comeback 0.0007107320540156361 1.0969100130080565 0.0007796091066155341
head 0.0021321961620469083 0.5228787452803376 0.0011148800539026388
ldp 0.0028429282160625444 2.0 0.005685856432125089
succeeded 0.0007107320540156361 1.1549019599857433 0.0008208258422073513
ballot 0.0007107320540156361 1.3979400086720377 0.0009935607737541134
box 0.0007107320540156361 1.1549019599857433 0.0008208258422073513
second 0.0028429282160625444 0.19382002601611284 0.0005510164207991836
december 0.0007107320540156361 0.40893539297350084 0.00029064349180774756
called 0.0007107320540156361 0.3010299956639812 0.0002139516671385794
snap 0.0007107320540156361 1.6989700043360187 0.0012075124408926928
election 0.0014214641080312722 1.2975694635544748 0.0018444484201200779
win 0.0007107320540156361 1.2218487496163564 0.0008684070715112696
solidified 0.0007107320540156361 1.5228787452803376 0.001082358738649849
control 0.0007107320540156361 0.5528419686577808 0.00039292250793019246
showed 0.0007107320540156361 0.8239087409443188 0.0005855783517727923
program 0.0007107320540156361 0.5528419686577808 0.00039292250793019246
economic 0.0021321961620469083 0.585026652029182 0.001247391582151774
renewal 0.0007107320540156361 1.3010299956639813 0.0009246837211542155
electoral 0.0007107320540156361 1.0 0.0007107320540156361
success 0.0007107320540156361 0.431798275933005 0.00030689287557427505
easier 0.0007107320540156361 1.3979400086720377 0.0009935607737541134
weak 0.0007107320540156361 1.2218487496163564 0.0008684070715112696
opposition 0.0014214641080312722 0.958607314841775 0.0013626258917438165
changed 0.0007107320540156361 0.6989700043360189 0.0004967803868770567
rule 0.0014214641080312722 2.0 0.0028429282160625444
allow 0.0014214641080312722 1.045757490560675 0.0014865067385368515
serve 0.0007107320540156361 0.5086383061657272 0.0003615055480922013
three 0.0014214641080312722 0.2076083105017461 0.0002951077619072439
instead 0.0007107320540156361 0.7447274948966939 0.0005293017021298464
two 0.0042643923240938165 0.11918640771920867 0.0005082576022141094
could 0.0021321961620469083 0.4202164033831899 0.000895983802522793
run 0.0007107320540156361 0.4559319556497244 0.0003240454553302945
third 0.0014214641080312722 2.42021640338319 0.0034402507510777397
hold 0.0014214641080312722 1.0 0.0014214641080312722
onto 0.0007107320540156361 1.1549019599857433 0.0008208258422073513
leadership 0.0021321961620469083 0.638272163982407 0.001360921458384663
role 0.0007107320540156361 0.3665315444204135 0.00026050571742744386
remain 0.0007107320540156361 0.853871964321762 0.0006068741750687718
government 0.0028429282160625444 0.494850021680094 0.0014068230893535011
making 0.0035536602700781805 0.3979400086720376 0.0014141435986923865
longest 0.0021321961620469083 0.958607314841775 0.002043938837615725
serving 0.0014214641080312722 0.48148606012211254 0.0006844151529809702
particularly 0.0007107320540156361 1.0 0.0007107320540156361
notable 0.0007107320540156361 1.045757490560675 0.0007432533692684258
given 0.0014214641080312722 0.6777807052660807 0.000963440945651856
others 0.0007107320540156361 0.494850021680094 0.0003517057723383753
often 0.0007107320540156361 0.5376020021010439 0.00038209097519619324
last 0.0014214641080312722 0.0655015487564323 9.310810057772893e-05
couple 0.0014214641080312722 0.40893539297350084 0.0005812869836154951
ongoing 0.0014214641080312722 1.2218487496163564 0.0017368141430225393
sinking 0.0007107320540156361 2.0 0.0014214641080312722
approval 0.0014214641080312722 1.0969100130080565 0.0015592182132310682
rating 0.0007107320540156361 1.2218487496163564 0.0008684070715112696
may 0.0021321961620469083 0.3098039199714864 0.0006605627291502908
result 0.0014214641080312722 1.8153085691824011 0.002580395976094387
challenge 0.0014214641080312722 1.899629454882437 0.002700255088674395
even 0.0021321961620469083 0.3665315444204135 0.0007815171522823316
belief 0.0007107320540156361 1.3979400086720377 0.0009935607737541134
increasing 0.0007107320540156361 0.958607314841775 0.0006813129458719082
ability 0.0007107320540156361 0.7958800173440752 0.0005656574394769546
defend 0.0014214641080312722 0.853871964321762 0.0012137483501375437
also 0.0035536602700781805 0.0861861476162833 0.0003062762886150793
however 0.0014214641080312722 0.32790214206428253 0.0004661011258909489
priority 0.0007107320540156361 1.3010299956639813 0.0009246837211542155
rebuilding 0.0007107320540156361 1.6989700043360187 0.0012075124408926928
troubled 0.0007107320540156361 1.1549019599857433 0.0008208258422073513
campaigned 0.0007107320540156361 1.045757490560675 0.0007432533692684258
boosting 0.0007107320540156361 2.0 0.0014214641080312722
problem 0.0007107320540156361 0.7958800173440752 0.0005656574394769546
deflation 0.0007107320540156361 2.0 0.0014214641080312722
aging 0.0007107320540156361 1.5228787452803376 0.001082358738649849
population 0.0007107320540156361 1.1549019599857433 0.0008208258422073513
aftereffect 0.0007107320540156361 2.0 0.0014214641080312722
financial 0.0007107320540156361 0.8860566476931633 0.0006297488611891707
crisis 0.0007107320540156361 0.8860566476931633 0.0006297488611891707
devastating 0.0007107320540156361 1.5228787452803376 0.001082358738649849
earthquake 0.0007107320540156361 1.5228787452803376 0.001082358738649849
tsunami 0.0007107320540156361 1.6989700043360187 0.0012075124408926928
known 0.0028429282160625444 0.06048074738138145 0.00017194242325908017
consists 0.0007107320540156361 1.3979400086720377 0.0009935607737541134
arrow 0.0007107320540156361 2.0 0.0014214641080312722
monetary 0.0014214641080312722 2.0 0.0028429282160625444
easing 0.0007107320540156361 2.0 0.0014214641080312722
stimulus 0.0007107320540156361 1.1549019599857433 0.0008208258422073513
increased 0.0007107320540156361 0.9208187539523752 0.0006544554043726902
spending 0.0007107320540156361 0.721246399047171 0.0005126129346461769
structural 0.0007107320540156361 2.0 0.0014214641080312722
reform 0.0014214641080312722 0.7958800173440752 0.0011313148789539092
aspect 0.0007107320540156361 1.5228787452803376 0.001082358738649849
growing 0.0007107320540156361 0.585026652029182 0.00041579719405059133
higher 0.0007107320540156361 1.0969100130080565 0.0007796091066155341
labor 0.0007107320540156361 0.8860566476931633 0.0006297488611891707
participation 0.0007107320540156361 1.1549019599857433 0.0008208258422073513
rate 0.0021321961620469083 3.221848749616356 0.006869613538627625
woman 0.0028429282160625444 0.3979400086720376 0.0011313148789539092
womenomics 0.0007107320540156361 2.0 0.0014214641080312722
accomplish 0.0007107320540156361 1.6989700043360187 0.0012075124408926928
took 0.0021321961620469083 0.28399665636520083 0.0006055365807360359
step 0.0014214641080312722 1.8927900303521317 0.0026905330921849773
increase 0.0007107320540156361 1.1549019599857433 0.0008208258422073513
number 0.0014214641080312722 0.4685210829577449 0.0006659859032803765
day 0.0014214641080312722 0.7013652168755644 0.000996965482410184
care 0.0007107320540156361 0.5376020021010439 0.00038209097519619324
spot 0.0007107320540156361 1.5228787452803376 0.001082358738649849
available 0.0007107320540156361 1.3010299956639813 0.0009246837211542155
create 0.0007107320540156361 0.8239087409443188 0.0005855783517727923
female 0.0014214641080312722 0.6020599913279624 0.0008558066685543176
friendly 0.0007107320540156361 1.6989700043360187 0.0012075124408926928
work 0.0014214641080312722 0.2218487496163564 0.0003153500349912671
environment 0.0007107320540156361 2.0 0.0014214641080312722
seen 0.0007107320540156361 0.619788758288394 0.00044050373723411086
growth 0.0007107320540156361 1.3010299956639813 0.0009246837211542155
met 0.0021321961620469083 0.44369749923271273 0.0009460501049738011
hoped 0.0014214641080312722 1.1549019599857433 0.0016416516844147027
inflation 0.0007107320540156361 2.0 0.0014214641080312722
introduction 0.0007107320540156361 1.6989700043360187 0.0012075124408926928
sale 0.0007107320540156361 1.0969100130080565 0.0007796091066155341
tax 0.0014214641080312722 0.7958800173440752 0.0011313148789539092
april 0.0014214641080312722 0.1549019599857432 0.00022018757638343027
intended 0.0007107320540156361 1.0 0.0007107320540156361
pay 0.0007107320540156361 0.853871964321762 0.0006068741750687718
debt 0.0007107320540156361 1.045757490560675 0.0007432533692684258
drag 0.0007107320540156361 1.5228787452803376 0.001082358738649849
hike 0.0007107320540156361 1.6989700043360187 0.0012075124408926928
delayed 0.0007107320540156361 1.6989700043360187 0.0012075124408926928
state 0.0035536602700781805 0.4930892744484819 0.0017522717642092461
forever 0.0007107320540156361 1.1549019599857433 0.0008208258422073513
renounce 0.0007107320540156361 2.0 0.0014214641080312722
land 0.0014214641080312722 0.853871964321762 0.0012137483501375437
sea 0.0014214641080312722 1.3010299956639813 0.001849367442308431
air 0.0014214641080312722 0.8860566476931633 0.0012594977223783414
force 0.0021321961620469083 0.8860566476931633 0.0018892465835675123
well 0.0014214641080312722 0.20065945054641826 0.0002852302068890096
potential 0.0007107320540156361 0.958607314841775 0.0006813129458719082
never 0.0007107320540156361 0.431798275933005 0.00030689287557427505
maintained 0.0007107320540156361 1.0969100130080565 0.0007796091066155341
self 0.0014214641080312722 0.6989700043360189 0.0009935607737541134
defense 0.0014214641080312722 0.7695510786217261 0.0010938892375575353
sdf 0.0021321961620469083 2.0 0.0042643923240938165
drafted 0.0007107320540156361 1.3010299956639813 0.0009246837211542155
american 0.0007107320540156361 0.5528419686577808 0.00039292250793019246
occupying 0.0007107320540156361 1.6989700043360187 0.0012075124408926928
defeated 0.0007107320540156361 0.8239087409443188 0.0005855783517727923
many 0.0014214641080312722 0.28399665636520083 0.0004036910538240239
dislike 0.0007107320540156361 1.6989700043360187 0.0012075124408926928
document 0.0014214641080312722 2.3979400086720375 0.003408585655539499
imposed 0.0007107320540156361 1.3010299956639813 0.0009246837211542155
foreigner 0.0007107320540156361 1.6989700043360187 0.0012075124408926928
change 0.0021321961620469083 1.454692883534176 0.00310169058322852
forestalled 0.0007107320540156361 2.0 0.0014214641080312722
action 0.0014214641080312722 1.2628073572952627 0.0017950353337530386
return 0.0007107320540156361 0.7447274948966939 0.0005293017021298464
focused 0.0007107320540156361 0.6989700043360189 0.0004967803868770567
pushed 0.0007107320540156361 0.7958800173440752 0.0005656574394769546
legislation 0.0007107320540156361 0.8239087409443188 0.0005855783517727923
reinterpreting 0.0007107320540156361 2.0 0.0014214641080312722
deploy 0.0007107320540156361 2.0 0.0014214641080312722
overseas 0.0007107320540156361 1.2218487496163564 0.0008684070715112696
assist 0.0007107320540156361 1.5228787452803376 0.001082358738649849
ally 0.0014214641080312722 0.958607314841775 0.0013626258917438165
collective 0.0007107320540156361 1.2218487496163564 0.0008684070715112696
suggested 0.0007107320540156361 0.8239087409443188 0.0005855783517727923
amended 0.0007107320540156361 2.0 0.0014214641080312722
acknowledge 0.0007107320540156361 1.1549019599857433 0.0008208258422073513
existence 0.0007107320540156361 1.3979400086720377 0.0009935607737541134
majority 0.0014214641080312722 0.7447274948966939 0.0010586034042596928
possible 0.0014214641080312722 0.7695510786217261 0.0010938892375575353
undertake 0.0007107320540156361 2.0 0.0014214641080312722
constitutional 0.0007107320540156361 1.045757490560675 0.0007432533692684258
final 0.0007107320540156361 0.6989700043360189 0.0004967803868770567
requires 0.0007107320540156361 1.6989700043360187 0.0012075124408926928
public 0.0021321961620469083 0.2596373105057561 0.0005535976769845546
referendum 0.0007107320540156361 1.6989700043360187 0.0012075124408926928
despite 0.0021321961620469083 0.4202164033831899 0.000895983802522793
concern 0.0014214641080312722 2.3010299956639813 0.003270831550339703
regarding 0.0007107320540156361 0.9208187539523752 0.0006544554043726902
nuclear 0.0007107320540156361 0.958607314841775 0.0006813129458719082
armed 0.0007107320540156361 1.045757490560675 0.0007432533692684258
north 0.0042643923240938165 0.6777807052660807 0.002890322836955568
korea 0.0042643923240938165 1.1549019599857433 0.004924955053244108
readiness 0.0007107320540156361 2.0 0.0014214641080312722
america 0.0007107320540156361 0.37675070960209955 0.00026776880568734864
stance 0.0007107320540156361 1.1549019599857433 0.0008208258422073513
remains 0.0007107320540156361 1.2218487496163564 0.0008684070715112696
popular 0.0007107320540156361 0.4685210829577449 0.00033299295164018825
international 0.0014214641080312722 0.40893539297350084 0.0005812869836154951
issue 0.0014214641080312722 1.3979400086720377 0.001987121547508227
fired 0.0007107320540156361 1.045757490560675 0.0007432533692684258
missile 0.0014214641080312722 3.0457574905606752 0.004329434954599396
rogue 0.0007107320540156361 1.6989700043360187 0.0012075124408926928
nation 0.0014214641080312722 0.35654732351381263 0.0005068192231894992
five 0.0014214641080312722 0.48148606012211254 0.0006844151529809702
citizen 0.0014214641080312722 0.721246399047171 0.0010252258692923539
kidnapped 0.0007107320540156361 1.6989700043360187 0.0012075124408926928
returned 0.0007107320540156361 0.5086383061657272 0.0003615055480922013
later 0.0021321961620469083 0.09151498112135023 0.00019512789151673822
child 0.0014214641080312722 0.2076083105017461 0.0002951077619072439
continued 0.0014214641080312722 0.3372421683184259 0.00047937763797928346
try 0.0007107320540156361 1.0 0.0007107320540156361
obtain 0.0007107320540156361 1.0969100130080565 0.0007796091066155341
information 0.0028429282160625444 0.07058107428570728 0.00020065692760684372
missing 0.0007107320540156361 1.1549019599857433 0.0008208258422073513
victim 0.0014214641080312722 1.0969100130080565 0.0015592182132310682
unclear 0.0007107320540156361 1.6989700043360187 0.0012075124408926928
abductees 0.0007107320540156361 2.0 0.0014214641080312722
officially 0.0007107320540156361 0.6989700043360189 0.0004967803868770567
recognized 0.0007107320540156361 1.0 0.0007107320540156361
korean 0.0021321961620469083 1.5228787452803376 0.003247076215949547
regime 0.0007107320540156361 1.0 0.0007107320540156361
say 0.0007107320540156361 1.045757490560675 0.0007432533692684258
eight 0.0014214641080312722 0.6989700043360189 0.0009935607737541134
died 0.0007107320540156361 0.31875876262441283 0.0002265520700955315
captivity 0.0007107320540156361 1.6989700043360187 0.0012075124408926928
read 0.0007107320540156361 0.0655015487564323 4.6554050288864464e-05
next 0.0014214641080312722 0.07058107428570728 0.00010032846380342186
bella 0.0007107320540156361 0.0655015487564323 4.6554050288864464e-05
hadid 0.0007107320540156361 0.0655015487564323 4.6554050288864464e-05
sadie 0.0007107320540156361 0.06048074738138145 4.298560581477004e-05
alexander 0.0007107320540156361 0.05551732784983141 3.945794445617016e-05
adrienne 0.0007107320540156361 0.0655015487564323 4.6554050288864464e-05
kennedy 0.0007107320540156361 0.06048074738138145 4.298560581477004e-05
deal 0.0007107320540156361 0.5528419686577808 0.00039292250793019246
regional 0.0007107320540156361 2.0 0.0014214641080312722
conflict 0.0007107320540156361 1.3010299956639813 0.0009246837211542155
china 0.0021321961620469083 1.2218487496163564 0.0026052212145338087
claim 0.0007107320540156361 1.045757490560675 0.0007432533692684258
island 0.0007107320540156361 2.0 0.0014214641080312722
east 0.0007107320540156361 0.8860566476931633 0.0006297488611891707
secret 0.0014214641080312722 1.6989700043360187 0.0024150248817853856
law 0.0014214641080312722 0.3665315444204135 0.0005210114348548877
vocal 0.0007107320540156361 0.853871964321762 0.0006068741750687718
aim 0.0007107320540156361 1.5228787452803376 0.001082358738649849
guarding 0.0007107320540156361 2.0 0.0014214641080312722
put 0.0007107320540156361 0.6777807052660807 0.000481720472825928
effect 0.0007107320540156361 1.0969100130080565 0.0007796091066155341
instituted 0.0007107320540156361 1.3979400086720377 0.0009935607737541134
penalty 0.0007107320540156361 1.3010299956639813 0.0009246837211542155
ten 0.0007107320540156361 1.3010299956639813 0.0009246837211542155
prison 0.0007107320540156361 0.6020599913279624 0.0004279033342771588
civil 0.0007107320540156361 0.3467874862246563 0.0002464729823913691
servant 0.0007107320540156361 1.5228787452803376 0.001082358738649849
share 0.0007107320540156361 0.958607314841775 0.0006813129458719082
potentially 0.0007107320540156361 1.3979400086720377 0.0009935607737541134
putting 0.0007107320540156361 1.2218487496163564 0.0008684070715112696
journalist 0.0007107320540156361 1.3979400086720377 0.0009935607737541134
risk 0.0007107320540156361 1.0 0.0007107320540156361
donald 0.0021321961620469083 0.494850021680094 0.001055117317015126
trump 0.007818052594171997 0.5086383061657272 0.003976561029014215
stopped 0.0007107320540156361 1.1549019599857433 0.0008208258422073513
tower 0.0007107320540156361 1.5228787452803376 0.001082358738649849
bearing 0.0007107320540156361 2.0 0.0014214641080312722
gold 0.0007107320540156361 0.853871964321762 0.0006068741750687718
plated 0.0007107320540156361 2.0 0.0014214641080312722
golf 0.0028429282160625444 1.5228787452803376 0.004329434954599396
club 0.0021321961620469083 0.8239087409443188 0.0017567350553183768
gift 0.0007107320540156361 1.1549019599857433 0.0008208258422073513
nine 0.0007107320540156361 0.8239087409443188 0.0005855783517727923
surprising 0.0007107320540156361 1.5228787452803376 0.001082358738649849
presidential 0.0007107320540156361 0.3665315444204135 0.00026050571742744386
visit 0.0021321961620469083 0.958607314841775 0.002043938837615725
president 0.0028429282160625444 0.16749108729376372 0.00047616513800643556
elect 0.0007107320540156361 0.8860566476931633 0.0006297488611891707
white 0.0007107320540156361 0.3872161432802645 0.00027520692486159525
awkward 0.0007107320540156361 1.5228787452803376 0.001082358738649849
handshake 0.0007107320540156361 2.0 0.0014214641080312722
trip 0.0007107320540156361 0.8860566476931633 0.0006297488611891707
mar 0.0014214641080312722 0.958607314841775 0.0013626258917438165
lago 0.0014214641080312722 1.6989700043360187 0.0024150248817853856
florida 0.0007107320540156361 0.7447274948966939 0.0005293017021298464
played 0.0007107320540156361 0.6575773191777938 0.0004673612787333289
seated 0.0007107320540156361 1.6989700043360187 0.0012075124408926928
open 0.0007107320540156361 0.7447274948966939 0.0005293017021298464
terrace 0.0007107320540156361 2.0 0.0014214641080312722
surrounded 0.0007107320540156361 1.045757490560675 0.0007432533692684258
news 0.0021321961620469083 0.585026652029182 0.001247391582151774
launch 0.0007107320540156361 1.045757490560675 0.0007432533692684258
traveled 0.0007107320540156361 0.8860566476931633 0.0006297488611891707
november 0.0007107320540156361 0.24412514432750856 0.00017350756526475378
presented 0.0007107320540156361 1.0 0.0007107320540156361
hat 0.0007107320540156361 2.0 0.0014214641080312722
featuring 0.0007107320540156361 1.2218487496163564 0.0008684070715112696
slogan 0.0007107320540156361 1.3010299956639813 0.0009246837211542155
make 0.0007107320540156361 0.3872161432802645 0.00027520692486159525
alliance 0.0007107320540156361 1.2218487496163564 0.0008684070715112696
greater 0.0007107320540156361 1.0969100130080565 0.0007796091066155341
sojourn 0.0007107320540156361 2.0 0.0014214641080312722
included 0.0007107320540156361 0.48148606012211254 0.0003422075764904851
course 0.0007107320540156361 0.853871964321762 0.0006068741750687718
stumbled 0.0007107320540156361 2.0 0.0014214641080312722
fell 0.0007107320540156361 0.8860566476931633 0.0006297488611891707
backward 0.0007107320540156361 1.6989700043360187 0.0012075124408926928
bunker 0.0007107320540156361 2.0 0.0014214641080312722
quickly 0.0007107320540156361 0.619788758288394 0.00044050373723411086
recovered 0.0007107320540156361 1.0969100130080565 0.0007796091066155341
resumed 0.0007107320540156361 1.3010299956639813 0.0009246837211542155
visited 0.0014214641080312722 1.0969100130080565 0.0015592182132310682
time 0.0007107320540156361 0.1023729087095586 7.27597076826998e-05
golfing 0.0007107320540156361 2.0 0.0014214641080312722
outing 0.0007107320540156361 1.6989700043360187 0.0012075124408926928
relationship 0.0007107320540156361 0.5228787452803376 0.00037162668463421294
productive 0.0007107320540156361 1.5228787452803376 0.001082358738649849
united 0.0014214641080312722 0.18708664335714445 0.0002659369486242281
trans 0.0007107320540156361 1.3010299956639813 0.0009246837211542155
pacific 0.0007107320540156361 1.3979400086720377 0.0009935607737541134
partnership 0.0007107320540156361 1.1549019599857433 0.0008208258422073513
got 0.0007107320540156361 0.5376020021010439 0.00038209097519619324
pact 0.0007107320540156361 1.6989700043360187 0.0012075124408926928
stick 0.0007107320540156361 1.6989700043360187 0.0012075124408926928
agreement 0.0014214641080312722 0.958607314841775 0.0013626258917438165
granted 0.0007107320540156361 0.958607314841775 0.0006813129458719082
exemption 0.0007107320540156361 1.5228787452803376 0.001082358738649849
steel 0.0007107320540156361 1.0969100130080565 0.0007796091066155341
aluminum 0.0007107320540156361 1.6989700043360187 0.0012075124408926928
tariff 0.0007107320540156361 1.5228787452803376 0.001082358738649849
march 0.0021321961620469083 0.27572413039921095 0.0005878979326209188
left 0.0007107320540156361 0.2924298239020636 0.00020783924939734444
cold 0.0007107320540156361 1.045757490560675 0.0007432533692684258
stunned 0.0007107320540156361 1.5228787452803376 0.001082358738649849
agreeing 0.0007107320540156361 1.5228787452803376 0.001082358738649849
conduct 0.0007107320540156361 1.0969100130080565 0.0007796091066155341
summit 0.0007107320540156361 1.045757490560675 0.0007432533692684258
june 0.0014214641080312722 0.28399665636520083 0.0004036910538240239
kim 0.0014214641080312722 1.1549019599857433 0.0016416516844147027
jong 0.0007107320540156361 1.5228787452803376 0.001082358738649849
un 0.0007107320540156361 1.3010299956639813 0.0009246837211542155
likely 0.0007107320540156361 1.0969100130080565 0.0007796091066155341
relieved 0.0007107320540156361 2.0 0.0014214641080312722
decision 0.0007107320540156361 0.585026652029182 0.00041579719405059133
cancel 0.0007107320540156361 1.6989700043360187 0.0012075124408926928
broke 0.0007107320540156361 0.853871964321762 0.0006068741750687718
moritomo 0.0007107320540156361 2.0 0.0014214641080312722
gakuen 0.0007107320540156361 2.0 0.0014214641080312722
ultranationalist 0.0007107320540156361 2.0 0.0014214641080312722
educational 0.0007107320540156361 1.0 0.0007107320540156361
foundation 0.0007107320540156361 0.7695510786217261 0.0005469446187787676
tie 0.0007107320540156361 0.9208187539523752 0.0006544554043726902
wife 0.0021321961620469083 0.3098039199714864 0.0006605627291502908
purchased 0.0007107320540156361 1.3010299956639813 0.0009246837211542155
osaka 0.0007107320540156361 2.0 0.0014214641080312722
market 0.0007107320540156361 0.9208187539523752 0.0006544554043726902
value 0.0007107320540156361 1.5228787452803376 0.001082358738649849
denied 0.0007107320540156361 1.045757490560675 0.0007432533692684258
wrongdoing 0.0007107320540156361 2.0 0.0014214641080312722
fresh 0.0007107320540156361 1.5228787452803376 0.001082358738649849
learned 0.0007107320540156361 0.6989700043360189 0.0004967803868770567
related 0.0007107320540156361 0.7695510786217261 0.0005469446187787676
transaction 0.0007107320540156361 1.5228787452803376 0.001082358738649849
investigation 0.0007107320540156361 0.958607314841775 0.0006813129458719082
altered 0.0007107320540156361 2.0 0.0014214641080312722
remove 0.0007107320540156361 1.0969100130080565 0.0007796091066155341
reference 0.0007107320540156361 2.0 0.0014214641080312722
among 0.0007107320540156361 0.35654732351381263 0.0002534096115947496
stated 0.0007107320540156361 0.7447274948966939 0.0005293017021298464
involvement 0.0007107320540156361 0.958607314841775 0.0006813129458719082
accused 0.0007107320540156361 0.8239087409443188 0.0005855783517727923
wielding 0.0007107320540156361 1.6989700043360187 0.0012075124408926928
influence 0.0007107320540156361 0.6989700043360189 0.0004967803868770567
help 0.0007107320540156361 0.4559319556497244 0.0003240454553302945
friend 0.0007107320540156361 0.638272163982407 0.00045364048612822107
start 0.0007107320540156361 0.7695510786217261 0.0005469446187787676
new 0.0007107320540156361 0.14266750356873154 0.00010139836785268766
veterinary 0.0007107320540156361 2.0 0.0014214641080312722
school 0.0014214641080312722 0.14874165128092467 0.00021143091866513813
special 0.0007107320540156361 0.638272163982407 0.00045364048612822107
zone 0.0007107320540156361 1.3979400086720377 0.0009935607737541134
charge 0.0007107320540156361 0.958607314841775 0.0006813129458719082
denies 0.0007107320540156361 2.0 0.0014214641080312722
controversy 0.0007107320540156361 1.1549019599857433 0.0008208258422073513
late 0.0007107320540156361 0.3665315444204135 0.00026050571742744386
office 0.0007107320540156361 0.31875876262441283 0.0002265520700955315
yasukuni 0.0007107320540156361 2.0 0.0014214641080312722
shrine 0.0007107320540156361 2.0 0.0014214641080312722
memorial 0.0007107320540156361 0.9208187539523752 0.0006544554043726902
dead 0.0007107320540156361 0.9208187539523752 0.0006544554043726902
includes 0.0007107320540156361 0.8860566476931633 0.0006297488611891707
angered 0.0007107320540156361 1.3979400086720377 0.0009935607737541134
south 0.0014214641080312722 0.40893539297350084 0.0005812869836154951
repeated 0.0007107320540156361 1.3010299956639813 0.0009246837211542155
still 0.0007107320540156361 0.431798275933005 0.00030689287557427505
sends 0.0007107320540156361 2.0 0.0014214641080312722
ritual 0.0007107320540156361 1.6989700043360187 0.0012075124408926928
offering 0.0007107320540156361 1.5228787452803376 0.001082358738649849
statement 0.0007107320540156361 0.638272163982407 0.00045364048612822107
marking 0.0007107320540156361 1.5228787452803376 0.001082358738649849
th 0.0007107320540156361 0.2076083105017461 0.00014755388095362196
anniversary 0.0007107320540156361 1.3010299956639813 0.0009246837211542155
reiterated 0.0007107320540156361 1.5228787452803376 0.001082358738649849
past 0.0007107320540156361 0.6989700043360189 0.0004967803868770567
expression 0.0007107320540156361 1.5228787452803376 0.001082358738649849
regret 0.0007107320540156361 1.5228787452803376 0.001082358738649849
said 0.0021321961620469083 0.2518119729937996 0.0005369125223748392
want 0.0007107320540156361 0.585026652029182 0.00041579719405059133
continue 0.0014214641080312722 0.6777807052660807 0.000963440945651856
apologizing 0.0007107320540156361 1.5228787452803376 0.001082358738649849
indefinitely 0.0007107320540156361 1.6989700043360187 0.0012075124408926928
wartime 0.0007107320540156361 1.6989700043360187 0.0012075124408926928
sexual 0.0014214641080312722 0.7958800173440752 0.0011313148789539092
slavery 0.0007107320540156361 1.0 0.0007107320540156361
forced 0.0014214641080312722 0.721246399047171 0.0010252258692923539
military 0.0007107320540156361 0.5528419686577808 0.00039292250793019246
brothel 0.0007107320540156361 2.0 0.0014214641080312722
comfort 0.0007107320540156361 1.3010299956639813 0.0009246837211542155
coerced 0.0007107320540156361 2.0 0.0014214641080312722
apologized 0.0007107320540156361 1.2218487496163564 0.0008684070715112696
estimated 0.0007107320540156361 1.045757490560675 0.0007432533692684258
endured 0.0007107320540156361 1.0 0.0007107320540156361
servitude 0.0007107320540156361 2.0 0.0014214641080312722
payment 0.0007107320540156361 1.3979400086720377 0.0009935607737541134
apology 0.0014214641080312722 1.3010299956639813 0.001849367442308431
meant 0.0007107320540156361 0.853871964321762 0.0006068741750687718
resolve 0.0007107320540156361 1.3010299956639813 0.0009246837211542155
satisfied 0.0007107320540156361 2.0 0.0014214641080312722
process 0.0007107320540156361 0.7958800173440752 0.0005656574394769546
balked 0.0007107320540156361 2.0 0.0014214641080312722
idea 0.0007107320540156361 0.8239087409443188 0.0005855783517727923
ill 0.0007107320540156361 1.5228787452803376 0.001082358738649849
abrupt 0.0007107320540156361 1.6989700043360187 0.0012075124408926928
revealed 0.0007107320540156361 0.5086383061657272 0.0003615055480922013
suffers 0.0007107320540156361 2.0 0.0014214641080312722
ulcerative 0.0007107320540156361 2.0 0.0014214641080312722
colitis 0.0007107320540156361 2.0 0.0014214641080312722
chronic 0.0014214641080312722 2.0 0.0028429282160625444
inflammatory 0.0007107320540156361 2.0 0.0014214641080312722
bowel 0.0007107320540156361 2.0 0.0014214641080312722
disease 0.0028429282160625444 0.8860566476931633 0.002518995444756683
dealt 0.0007107320540156361 2.0 0.0014214641080312722
middle 0.0007107320540156361 0.585026652029182 0.00041579719405059133
apparently 0.0007107320540156361 1.6989700043360187 0.0012075124408926928
worsened 0.0007107320540156361 1.6989700043360187 0.0012075124408926928
led 0.0007107320540156361 0.37675070960209955 0.00026776880568734864
attributed 0.0007107320540156361 1.5228787452803376 0.001082358738649849
recovery 0.0007107320540156361 1.0969100130080565 0.0007796091066155341
allowed 0.0007107320540156361 0.7958800173440752 0.0005656574394769546
enter 0.0007107320540156361 1.045757490560675 0.0007432533692684258
politics 0.0007107320540156361 0.4685210829577449 0.00033299295164018825
drug 0.0007107320540156361 0.6575773191777938 0.0004673612787333289
asacol 0.0007107320540156361 2.0 0.0014214641080312722
go 0.0007107320540156361 0.494850021680094 0.0003517057723383753
tenure 0.0007107320540156361 0.9208187539523752 0.0006544554043726902
decided 0.0014214641080312722 0.494850021680094 0.0007034115446767506
stand 0.0007107320540156361 0.9208187539523752 0.0006544554043726902
press 0.0007107320540156361 0.7958800173440752 0.0005656574394769546
conference 0.0007107320540156361 0.7958800173440752 0.0005656574394769546
almost 0.0007107320540156361 0.8860566476931633 0.0006297488611891707
controlled 0.0007107320540156361 0.8239087409443188 0.0005855783517727923
regular 0.0007107320540156361 1.2218487496163564 0.0008684070715112696
check 0.0014214641080312722 0.07058107428570728 0.00010032846380342186
judgment 0.0007107320540156361 1.5228787452803376 0.001082358738649849
job 0.0007107320540156361 0.5686362358410126 0.00040414799988700256
need 0.0014214641080312722 0.638272163982407 0.0009072809722564421
fight 0.0007107320540156361 0.5376020021010439 0.00038209097519619324
treated 0.0007107320540156361 1.0969100130080565 0.0007796091066155341
married 0.0014214641080312722 0.24412514432750856 0.00034701513052950756
akie 0.0014214641080312722 2.0 0.0028429282160625444
matsuzaki 0.0007107320540156361 2.0 0.0014214641080312722
radio 0.0007107320540156361 0.8860566476931633 0.0006297488611891707
dj 0.0007107320540156361 1.5228787452803376 0.001082358738649849
operates 0.0007107320540156361 2.0 0.0014214641080312722
izakaya 0.0007107320540156361 2.0 0.0014214641080312722
pub 0.0007107320540156361 2.0 0.0014214641080312722
style 0.0007107320540156361 0.8239087409443188 0.0005855783517727923
restaurant 0.0007107320540156361 1.2218487496163564 0.0008684070715112696
talked 0.0007107320540156361 1.5228787452803376 0.001082358738649849
unsuccessfully 0.0007107320540156361 1.6989700043360187 0.0012075124408926928
undergoing 0.0007107320540156361 2.0 0.0014214641080312722
infertility 0.0007107320540156361 2.0 0.0014214641080312722
treatment 0.0007107320540156361 1.6989700043360187 0.0012075124408926928
marriage 0.0007107320540156361 0.5376020021010439 0.00038209097519619324
adopt 0.0007107320540156361 1.3979400086720377 0.0009935607737541134
strive 0.0007107320540156361 0.07058107428570728 5.016423190171093e-05
accuracy 0.0007107320540156361 0.07058107428570728 5.016423190171093e-05
fairness 0.0007107320540156361 0.07058107428570728 5.016423190171093e-05
see 0.0014214641080312722 0.04575749056067514 6.504263050557945e-05
something 0.0007107320540156361 0.07058107428570728 5.016423190171093e-05
look 0.0007107320540156361 0.07058107428570728 5.016423190171093e-05
citation 0.0007107320540156361 0.07058107428570728 5.016423190171093e-05
title 0.0007107320540156361 0.07058107428570728 5.016423190171093e-05
author 0.0007107320540156361 0.06048074738138145 4.298560581477004e-05
sara 0.0007107320540156361 1.2218487496163564 0.0008684070715112696
kettler 0.0007107320540156361 1.3979400086720377 0.0009935607737541134
website 0.0014214641080312722 0.0655015487564323 9.310810057772893e-05
com 0.0007107320540156361 0.06048074738138145 4.298560581477004e-05
url 0.0007107320540156361 0.07058107428570728 5.016423190171093e-05
access 0.0007107320540156361 0.07058107428570728 5.016423190171093e-05
publisher 0.0007107320540156361 0.07058107428570728 5.016423190171093e-05
e 0.0014214641080312722 0.04575749056067514 6.504263050557945e-05
television 0.0014214641080312722 0.04575749056067514 6.504263050557945e-05
network 0.0014214641080312722 0.04575749056067514 6.504263050557945e-05
updated 0.0007107320540156361 0.07058107428570728 5.016423190171093e-05
original 0.0007107320540156361 0.0655015487564323 4.6554050288864464e-05
published 0.0007107320540156361 0.07058107428570728 5.016423190171093e-05
receive 0.0007107320540156361 0.05551732784983141 3.945794445617016e-05
story 0.0021321961620469083 0.05551732784983141 0.00011837383336851047
shaped 0.0014214641080312722 0.05551732784983141 7.891588891234031e-05
person 0.006396588486140725 0.05060999335508724 0.00032373130077880964
hirohito 0.0014214641080312722 1.6989700043360187 0.0024150248817853856
reigning 0.0007107320540156361 1.5228787452803376 0.001082358738649849
emperor 0.0007107320540156361 1.5228787452803376 0.001082358738649849
holding 0.0007107320540156361 1.1549019599857433 0.0008208258422073513
throne 0.0007107320540156361 1.3979400086720377 0.0009935607737541134
controversial 0.0007107320540156361 0.721246399047171 0.0005126129346461769
figure 0.0007107320540156361 0.6777807052660807 0.000481720472825928
surrender 0.0007107320540156361 1.5228787452803376 0.001082358738649849
allied 0.0007107320540156361 1.3010299956639813 0.0009246837211542155
narendra 0.0014214641080312722 1.5228787452803376 0.002164717477299698
modi 0.0014214641080312722 1.5228787452803376 0.002164717477299698
best 0.0007107320540156361 0.13667713987954408 9.714082436357077e-05
rising 0.0007107320540156361 0.8860566476931633 0.0006297488611891707
humble 0.0007107320540156361 1.3979400086720377 0.0009935607737541134
beginning 0.0007107320540156361 1.3979400086720377 0.0009935607737541134
become 0.0007107320540156361 0.3372421683184259 0.00023968881898964173
india 0.0007107320540156361 1.0 0.0007107320540156361
akira 0.0014214641080312722 2.0 0.0028429282160625444
kurosawa 0.0014214641080312722 2.0 0.0028429282160625444
filmmaker 0.0007107320540156361 1.6989700043360187 0.0012075124408926928
acclaim 0.0007107320540156361 1.5228787452803376 0.001082358738649849
film 0.0007107320540156361 0.721246399047171 0.0005126129346461769
rashomon 0.0007107320540156361 2.0 0.0014214641080312722
ikiru 0.0007107320540156361 2.0 0.0014214641080312722
lee 0.0014214641080312722 0.7695510786217261 0.0010938892375575353
kuan 0.0014214641080312722 2.0 0.0028429282160625444
yew 0.0014214641080312722 2.0 0.0028429282160625444
singapore 0.0014214641080312722 1.5228787452803376 0.002164717477299698
pm 0.0007107320540156361 1.6989700043360187 0.0012075124408926928
prosperous 0.0007107320540156361 2.0 0.0014214641080312722
southeast 0.0007107320540156361 2.0 0.0014214641080312722
asia 0.0007107320540156361 1.1549019599857433 0.0008208258422073513
tony 0.0014214641080312722 1.3979400086720377 0.001987121547508227
blair 0.0014214641080312722 1.5228787452803376 0.002164717477299698
british 0.0007107320540156361 0.6989700043360189 0.0004967803868770567
labour 0.0007107320540156361 2.0 0.0014214641080312722
kingdom 0.0007107320540156361 1.3010299956639813 0.0009246837211542155
robert 0.0014214641080312722 0.5528419686577808 0.0007858450158603849
mugabe 0.0014214641080312722 1.6989700043360187 0.0024150248817853856
zimbabwe 0.0007107320540156361 1.6989700043360187 0.0012075124408926928
yoko 0.0014214641080312722 2.0 0.0028429282160625444
ono 0.0014214641080312722 2.0 0.0028429282160625444
multimedia 0.0007107320540156361 1.5228787452803376 0.001082358738649849
artist 0.0007107320540156361 0.619788758288394 0.00044050373723411086
worldwide 0.0007107320540156361 1.045757490560675 0.0007432533692684258
beatles 0.0007107320540156361 1.6989700043360187 0.0012075124408926928
frontman 0.0007107320540156361 1.5228787452803376 0.001082358738649849
john 0.0007107320540156361 0.37675070960209955 0.00026776880568734864
lennon 0.0007107320540156361 2.0 0.0014214641080312722
vladimir 0.0014214641080312722 1.3979400086720377 0.001987121547508227
putin 0.0014214641080312722 1.3979400086720377 0.001987121547508227
russia 0.0014214641080312722 0.853871964321762 0.0012137483501375437
elected 0.0007107320540156361 0.3665315444204135 0.00026050571742744386
presidency 0.0007107320540156361 0.4685210829577449 0.00033299295164018825
previously 0.0007107320540156361 0.7695510786217261 0.0005469446187787676
benazir 0.0014214641080312722 1.6989700043360187 0.0024150248817853856
bhutto 0.0014214641080312722 1.6989700043360187 0.0024150248817853856
pakistan 0.0007107320540156361 1.2218487496163564 0.0008684070715112696
killed 0.0007107320540156361 0.6989700043360189 0.0004967803868770567
suicide 0.0007107320540156361 0.958607314841775 0.0006813129458719082
bomber 0.0007107320540156361 1.3979400086720377 0.0009935607737541134
loading 0.0007107320540156361 0.04575749056067514 3.252131525278972e-05
logo 0.0007107320540156361 0.04575749056067514 3.252131525278972e-05
registered 0.0007107320540156361 0.04575749056067514 3.252131525278972e-05
trademark 0.0007107320540156361 0.04575749056067514 3.252131525278972e-05
llc 0.0007107320540156361 0.04575749056067514 3.252131525278972e-05
close 0.0028429282160625444 0.04575749056067514 0.0001300852610111589
