david 0.038461538461538464 0.7695510786217261 0.02959811840852793
dinkins 0.03485576923076923 2.0 0.06971153846153846
career 0.003605769230769231 0.17392519729917358 0.0006271341248768278
mayor 0.01201923076923077 0.6777807052660807 0.00814640270752501
new 0.02283653846153846 0.14266750356873154 0.0032580319324590134
york 0.018028846153846152 0.3467874862246563 0.006252178237223371
city 0.020432692307692308 0.3665315444204135 0.007489226268205565
death 0.004807692307692308 0.2365720064370627 0.0011373654155628014
biography 0.01201923076923077 0.04575749056067514 0.0005499698384696532
skip 0.001201923076923077 0.04575749056067514 5.499698384696532e-05
main 0.001201923076923077 0.04575749056067514 5.499698384696532e-05
content 0.001201923076923077 0.04575749056067514 5.499698384696532e-05
people 0.006009615384615385 0.04575749056067514 0.0002749849192348266
nostalgia 0.003605769230769231 0.04575749056067514 0.00016499095154089597
celebrity 0.003605769230769231 0.04575749056067514 0.00016499095154089597
history 0.003605769230769231 0.04575749056067514 0.00016499095154089597
culture 0.003605769230769231 0.04575749056067514 0.00016499095154089597
crime 0.004807692307692308 0.04575749056067514 0.0002199879353878613
scandal 0.003605769230769231 0.04575749056067514 0.00016499095154089597
video 0.003605769230769231 0.04575749056067514 0.00016499095154089597
contact 0.003605769230769231 0.04575749056067514 0.00016499095154089597
u 0.007211538461538462 0.20065945054641832 0.0014470633452866707
advertise 0.002403846153846154 0.04575749056067514 0.00010999396769393064
privacy 0.003605769230769231 0.04575749056067514 0.00016499095154089597
notice 0.002403846153846154 0.04575749056067514 0.00010999396769393064
term 0.004807692307692308 0.5406075122407692 0.0025990745780806214
use 0.003605769230769231 0.04575749056067514 0.00016499095154089597
copyright 0.002403846153846154 0.04575749056067514 0.00010999396769393064
policy 0.003605769230769231 0.04575749056067514 0.00016499095154089597
ad 0.002403846153846154 0.04575749056067514 0.00010999396769393064
choice 0.002403846153846154 0.04575749056067514 0.00010999396769393064
accessibility 0.002403846153846154 0.04575749056067514 0.00010999396769393064
support 0.002403846153846154 0.04575749056067514 0.00010999396769393064
setting 0.001201923076923077 0.04575749056067514 5.499698384696532e-05
february 0.001201923076923077 0.04575749056067514 5.499698384696532e-05
subscribe 0.002403846153846154 0.04575749056067514 0.00010999396769393064
newsletter 0.003605769230769231 0.04575749056067514 0.00016499095154089597
photo 0.001201923076923077 0.12493873660829993 0.00015016675073112974
karjean 0.001201923076923077 2.0 0.002403846153846154
levine 0.001201923076923077 1.6989700043360187 0.0020420312552115612
getty 0.001201923076923077 0.2291479883578558 0.0002754182552378075
image 0.001201923076923077 0.2218487496163564 0.00026664513175042836
quick 0.001201923076923077 0.07058107428570728 8.483302197801357e-05
fact 0.002403846153846154 0.14116214857141457 0.0003393320879120543
name 0.003605769230769231 0.05551732784983141 0.0002001826725354498
birth 0.002403846153846154 0.07058107428570728 0.00016966604395602714
date 0.006009615384615385 0.07058107428570728 0.00042416510989006786
july 0.002403846153846154 0.37675070960209955 0.0009056507442358162
november 0.003605769230769231 0.24412514432750856 0.0008802589338732281
education 0.001201923076923077 0.19382002601611284 0.00023295676203859717
brooklyn 0.003605769230769231 1.2218487496163564 0.004405704626020516
law 0.006009615384615385 0.3665315444204135 0.0022027136082957543
school 0.006009615384615385 0.14874165128092467 0.0008938801158709416
howard 0.004807692307692308 0.958607314841775 0.00460868901366238
university 0.006009615384615385 0.2596373105057561 0.0015603203756355537
place 0.003605769230769231 0.07572071393811834 0.000273031420449946
trenton 0.004807692307692308 1.6989700043360187 0.008168125020846245
jersey 0.004807692307692308 1.2218487496163564 0.005874272834694021
full 0.001201923076923077 0.3010299956639812 0.0003618148986345928
norman 0.002403846153846154 2.0 0.004807692307692308
cite 0.001201923076923077 0.07058107428570728 8.483302197801357e-05
page 0.001201923076923077 0.07058107428570728 8.483302197801357e-05
publish 0.001201923076923077 0.07058107428570728 8.483302197801357e-05
nov 0.001201923076923077 1.045757490560675 0.0012569200607700421
comment 0.002403846153846154 0.07058107428570728 0.00016966604395602714
became 0.004807692307692308 0.07572071393811834 0.0003640418939332613
first 0.006009615384615385 0.0655015487564323 0.00039363911512279025
african 0.007211538461538462 0.28399665636520083 0.0020480528103259676
american 0.008413461538461538 0.1023729087095586 0.0008613105300083055
serve 0.002403846153846154 0.5086383061657272 0.001222688235975306
following 0.002403846153846154 0.2518119729937996 0.0006053172427735568
election 0.002403846153846154 1.2975694635544748 0.0031191573643136413
victory 0.001201923076923077 0.5686362358410126 0.0006834570142319864
born 0.002403846153846154 0.09151498112135023 0.00021998793538786115
attended 0.001201923076923077 0.5376020021010439 0.0006461562525252932
began 0.003605769230769231 0.20065945054641826 0.0007235316726433352
politics 0.001201923076923077 0.4685210829577449 0.000563126301631905
ascending 0.001201923076923077 1.6989700043360187 0.0020420312552115612
clerk 0.002403846153846154 1.5228787452803376 0.0036607662146161965
manhattan 0.003605769230769231 1.1549019599857433 0.004164309951871671
borough 0.002403846153846154 2.0 0.004807692307692308
president 0.003605769230769231 0.16749108729376372 0.0006039342089919365
becoming 0.001201923076923077 0.3372421683184259 0.0004053391446134927
big 0.001201923076923077 0.5228787452803376 0.0006284600303850212
apple 0.001201923076923077 1.3010299956639813 0.00156373797555767
xa 0.020432692307692308 0.17392519729917358 0.003553760040968691
took 0.001201923076923077 0.28399665636520083 0.0003413421350543279
key 0.002403846153846154 0.958607314841775 0.00230434450683119
step 0.001201923076923077 1.0969100130080565 0.0013184014579423757
towards 0.001201923076923077 1.3010299956639813 0.00156373797555767
revitalizing 0.001201923076923077 2.0 0.002403846153846154
economy 0.002403846153846154 1.0 0.002403846153846154
increasing 0.001201923076923077 0.958607314841775 0.001152172253415595
community 0.002403846153846154 0.48148606012211254 0.0011574184137550783
development 0.002403846153846154 0.7695510786217261 0.0018498824005329956
accomplishment 0.001201923076923077 0.8860566476931633 0.0010649719323235136
offset 0.001201923076923077 1.3979400086720377 0.0016802163565769685
recession 0.002403846153846154 1.3979400086720377 0.003360432713153937
rising 0.002403846153846154 0.8860566476931633 0.002129943864647027
homicide 0.002403846153846154 1.0969100130080565 0.0026368029158847514
rate 0.002403846153846154 1.5228787452803376 0.0036607662146161965
flaring 0.002403846153846154 2.0 0.004807692307692308
racial 0.002403846153846154 0.6989700043360189 0.0016802163565769685
tension 0.002403846153846154 1.0969100130080565 0.0026368029158847514
lost 0.001201923076923077 0.6989700043360189 0.0008401081782884842
bid 0.003605769230769231 0.6020599913279624 0.002170889391807557
reelection 0.002403846153846154 1.0 0.002403846153846154
rudy 0.002403846153846154 2.0 0.004807692307692308
giuliani 0.003605769230769231 2.0 0.007211538461538462
later 0.002403846153846154 0.09151498112135023 0.00021998793538786115
professor 0.001201923076923077 0.8860566476931633 0.0010649719323235136
columbia 0.002403846153846154 0.8239087409443188 0.001980549858039228
died 0.002403846153846154 0.31875876262441283 0.000766247025539454
natural 0.002403846153846154 1.1549019599857433 0.002776206634581114
cause 0.002403846153846154 1.045757490560675 0.0025138401215400842
early 0.001201923076923077 0.07572071393811834 9.101047348331532e-05
year 0.006009615384615385 0.24995468798823245 0.00150213153839082
sally 0.001201923076923077 1.6989700043360187 0.0020420312552115612
william 0.001201923076923077 0.8239087409443188 0.000990274929019614
parent 0.001201923076923077 0.4559319556497244 0.0005479951390020726
separated 0.001201923076923077 1.1549019599857433 0.001388103317290557
old 0.001201923076923077 0.28399665636520083 0.0003413421350543279
briefly 0.001201923076923077 1.0 0.001201923076923077
lived 0.001201923076923077 0.6020599913279624 0.0007236297972691856
mother 0.001201923076923077 0.21467016498923297 0.0002580170252274435
harlem 0.002403846153846154 1.1549019599857433 0.002776206634581114
section 0.001201923076923077 1.1549019599857433 0.001388103317290557
returning 0.001201923076923077 0.8860566476931633 0.0010649719323235136
dad 0.001201923076923077 0.958607314841775 0.001152172253415595
stepmother 0.001201923076923077 1.5228787452803376 0.0018303831073080983
lottie 0.001201923076923077 2.0 0.002403846153846154
graduating 0.003605769230769231 0.5528419686577808 0.0019934205600641137
central 0.001201923076923077 0.9208187539523752 0.0011067533100389125
high 0.001201923076923077 0.27572413039921095 0.00033139919519135935
attempted 0.001201923076923077 1.045757490560675 0.0012569200607700421
enlist 0.001201923076923077 1.6989700043360187 0.0020420312552115612
marine 0.003605769230769231 3.0 0.010817307692307692
corp 0.001201923076923077 1.0969100130080565 0.0013184014579423757
rebuffed 0.001201923076923077 1.5228787452803376 0.0018303831073080983
due 0.002403846153846154 0.6777807052660807 0.0016292805415050017
race 0.001201923076923077 0.619788758288394 0.0007449384114043197
finally 0.001201923076923077 0.7447274948966939 0.0008951051621354494
admitted 0.001201923076923077 0.7958800173440752 0.0009565865593077828
summer 0.001201923076923077 0.6989700043360189 0.0008401081782884842
one 0.003605769230769231 0.08092190762392613 0.0002917857246055029
groundbreaking 0.001201923076923077 1.1549019599857433 0.001388103317290557
montford 0.002403846153846154 2.0 0.004807692307692308
point 0.002403846153846154 0.7447274948966939 0.0017902103242708987
although 0.003605769230769231 0.431798275933005 0.0015569649372584315
war 0.001201923076923077 0.35654732351381263 0.00042854245614640945
ended 0.001201923076923077 0.5686362358410126 0.0006834570142319864
still 0.001201923076923077 0.431798275933005 0.0005189883124194772
boot 0.001201923076923077 2.0 0.002403846153846154
camp 0.001201923076923077 1.0969100130080565 0.0013184014579423757
able 0.001201923076923077 0.7447274948966939 0.0008951051621354494
service 0.003605769230769231 0.5086383061657272 0.001834032353962959
time 0.002403846153846154 0.1023729087095586 0.0002460887228595159
attend 0.002403846153846154 0.7958800173440752 0.0019131731186155655
g 0.001201923076923077 0.8239087409443188 0.000990274929019614
bill 0.001201923076923077 0.4202164033831899 0.0005050677925278725
studied 0.001201923076923077 0.7958800173440752 0.0009565865593077828
mathematics 0.001201923076923077 1.6989700043360187 0.0020420312552115612
met 0.001201923076923077 0.44369749923271273 0.0005332902635008567
future 0.001201923076923077 0.721246399047171 0.0008668826911624652
wife 0.001201923076923077 0.3098039199714864 0.0003723604807349596
joyce 0.001201923076923077 1.6989700043360187 0.0020420312552115612
burrow 0.002403846153846154 2.0 0.004807692307692308
cum 0.001201923076923077 1.0 0.001201923076923077
laude 0.001201923076923077 1.0 0.001201923076923077
political 0.003605769230769231 0.3098039199714864 0.0011170814422048789
rise 0.002403846153846154 1.0 0.002403846153846154
returned 0.001201923076923077 0.5086383061657272 0.000611344117987653
teamed 0.001201923076923077 1.2218487496163564 0.0014685682086735053
thomas 0.001201923076923077 0.853871964321762 0.001026288418655964
benjamin 0.001201923076923077 0.958607314841775 0.001152172253415595
dyett 0.002403846153846154 2.0 0.004807692307692308
fritz 0.001201923076923077 2.0 0.002403846153846154
alexander 0.003605769230769231 0.05551732784983141 0.0002001826725354498
form 0.001201923076923077 0.7447274948966939 0.0008951051621354494
firm 0.001201923076923077 0.6020599913279624 0.0007236297972691856
additionally 0.002403846153846154 0.9208187539523752 0.002213506620077825
help 0.001201923076923077 0.4559319556497244 0.0005479951390020726
father 0.001201923076923077 0.14874165128092467 0.00017877602317418833
state 0.004807692307692308 0.4930892744484819 0.0023706215117715477
assemblyman 0.001201923076923077 2.0 0.002403846153846154
daniel 0.001201923076923077 1.0969100130080565 0.0013184014579423757
l 0.001201923076923077 1.0 0.001201923076923077
involved 0.001201923076923077 0.4559319556497244 0.0005479951390020726
george 0.001201923076923077 0.4685210829577449 0.000563126301631905
washington 0.001201923076923077 0.3979400086720376 0.0004782932796538914
carver 0.001201923076923077 1.6989700043360187 0.0020420312552115612
democratic 0.002403846153846154 0.3872161432802645 0.0009308080367314051
club 0.001201923076923077 0.8239087409443188 0.000990274929019614
subsequently 0.001201923076923077 0.7695510786217261 0.0009249412002664978
elected 0.002403846153846154 0.3665315444204135 0.0008810854433183018
assembly 0.001201923076923077 0.8239087409443188 0.000990274929019614
served 0.003605769230769231 0.2676062401770315 0.000964926346792181
district 0.001201923076923077 0.721246399047171 0.0008668826911624652
reapportioned 0.001201923076923077 2.0 0.002403846153846154
appointed 0.001201923076923077 0.6777807052660807 0.0008146402707525009
board 0.002403846153846154 0.8239087409443188 0.001980549858039228
seemingly 0.001201923076923077 1.2218487496163564 0.0014685682086735053
halted 0.001201923076923077 1.6989700043360187 0.0020420312552115612
failure 0.001201923076923077 0.9208187539523752 0.0011067533100389125
pay 0.001201923076923077 0.853871964321762 0.001026288418655964
tax 0.001201923076923077 1.0969100130080565 0.0013184014579423757
three 0.001201923076923077 0.2076083105017461 0.00024952921935306025
resulting 0.001201923076923077 1.045757490560675 0.0012569200607700421
withdrawal 0.001201923076923077 1.3010299956639813 0.00156373797555767
offer 0.002403846153846154 2.920818753952375 0.007021198927770133
become 0.002403846153846154 0.3372421683184259 0.0008106782892269854
deputy 0.001201923076923077 0.9208187539523752 0.0011067533100389125
however 0.002403846153846154 0.32790214206428253 0.0007882263030391407
role 0.002403846153846154 0.3665315444204135 0.0008810854433183018
taking 0.001201923076923077 0.6020599913279624 0.0007236297972691856
read 0.001201923076923077 0.0655015487564323 7.872782302455806e-05
next 0.001201923076923077 0.07058107428570728 8.483302197801357e-05
bella 0.001201923076923077 0.0655015487564323 7.872782302455806e-05
hadid 0.001201923076923077 0.0655015487564323 7.872782302455806e-05
sadie 0.001201923076923077 0.06048074738138145 7.269320598723732e-05
adrienne 0.001201923076923077 0.0655015487564323 7.872782302455806e-05
kennedy 0.001201923076923077 0.06048074738138145 7.269320598723732e-05
primary 0.001201923076923077 0.7695510786217261 0.0009249412002664978
ending 0.001201923076923077 1.2218487496163564 0.0014685682086735053
ed 0.001201923076923077 1.3010299956639813 0.00156373797555767
koch 0.001201923076923077 2.0 0.002403846153846154
fourth 0.001201923076923077 0.721246399047171 0.0008668826911624652
narrowly 0.001201923076923077 1.3010299956639813 0.00156373797555767
defeated 0.001201923076923077 0.8239087409443188 0.000990274929019614
former 0.001201923076923077 0.27572413039921095 0.00033139919519135935
attorney 0.001201923076923077 0.494850021680094 0.00059477166067319
struggled 0.001201923076923077 0.853871964321762 0.001026288418655964
implement 0.001201923076923077 1.3979400086720377 0.0016802163565769685
many 0.002403846153846154 0.28399665636520083 0.0006826842701086558
plan 0.001201923076923077 0.8239087409443188 0.000990274929019614
manage 0.001201923076923077 1.3010299956639813 0.00156373797555767
launch 0.001201923076923077 1.045757490560675 0.0012569200607700421
safe 0.002403846153846154 1.5228787452803376 0.0036607662146161965
street 0.002403846153846154 1.3010299956639813 0.00312747595111534
police 0.001201923076923077 0.5376020021010439 0.0006461562525252932
program 0.003605769230769231 1.5114492834995557 0.005449937320310898
fostered 0.001201923076923077 1.6989700043360187 0.0020420312552115612
increased 0.001201923076923077 0.9208187539523752 0.0011067533100389125
involvement 0.001201923076923077 0.958607314841775 0.001152172253415595
beacon 0.001201923076923077 2.0 0.002403846153846154
initiative 0.001201923076923077 1.6989700043360187 0.0020420312552115612
signed 0.001201923076923077 0.494850021680094 0.00059477166067319
deal 0.001201923076923077 1.5228787452803376 0.0018303831073080983
revitalize 0.001201923076923077 2.0 0.002403846153846154
disney 0.001201923076923077 1.3010299956639813 0.00156373797555767
led 0.001201923076923077 0.37675070960209955 0.0004528253721179081
renovation 0.001201923076923077 1.6989700043360187 0.0020420312552115612
square 0.001201923076923077 2.0 0.002403846153846154
united 0.002403846153846154 0.18708664335714445 0.0004497275080700588
tennis 0.001201923076923077 1.3010299956639813 0.00156373797555767
association 0.001201923076923077 0.8239087409443188 0.000990274929019614
kept 0.001201923076923077 0.8860566476931633 0.0010649719323235136
open 0.001201923076923077 0.7447274948966939 0.0008951051621354494
queen 0.001201923076923077 1.5228787452803376 0.0018303831073080983
also 0.002403846153846154 0.0861861476162833 0.0002071782394622195
damaged 0.001201923076923077 1.5228787452803376 0.0018303831073080983
culminated 0.001201923076923077 1.6989700043360187 0.0020420312552115612
deadly 0.001201923076923077 2.0 0.002403846153846154
crown 0.001201923076923077 1.5228787452803376 0.0018303831073080983
height 0.001201923076923077 1.5228787452803376 0.0018303831073080983
riot 0.001201923076923077 1.5228787452803376 0.0018303831073080983
ultimately 0.001201923076923077 0.9208187539523752 0.0011067533100389125
helped 0.001201923076923077 0.3372421683184259 0.0004053391446134927
reduce 0.001201923076923077 1.2218487496163564 0.0014685682086735053
perception 0.001201923076923077 2.0 0.002403846153846154
shortcoming 0.001201923076923077 2.0 0.002403846153846154
leader 0.002403846153846154 0.37675070960209955 0.0009056507442358162
lingered 0.001201923076923077 1.6989700043360187 0.0020420312552115612
edged 0.001201923076923077 1.5228787452803376 0.0018303831073080983
leaving 0.001201923076923077 0.5686362358410126 0.0006834570142319864
hall 0.002403846153846154 0.9208187539523752 0.002213506620077825
ex 0.001201923076923077 0.9208187539523752 0.0011067533100389125
hosting 0.002403846153846154 1.1549019599857433 0.002776206634581114
radio 0.001201923076923077 0.8860566476931633 0.0010649719323235136
called 0.001201923076923077 0.3010299956639812 0.0003618148986345928
dialogue 0.001201923076923077 1.3979400086720377 0.0016802163565769685
joined 0.001201923076923077 0.4685210829577449 0.000563126301631905
faculty 0.001201923076923077 1.3979400086720377 0.0016802163565769685
international 0.001201923076923077 0.40893539297350084 0.0004915088857854578
public 0.003605769230769231 0.2596373105057561 0.0009361922253813322
affair 0.001201923076923077 0.7695510786217261 0.0009249412002664978
sipa 0.001201923076923077 2.0 0.002403846153846154
annual 0.001201923076923077 0.958607314841775 0.001152172253415595
n 0.002403846153846154 0.7695510786217261 0.0018498824005329956
leadership 0.001201923076923077 0.638272163982407 0.0007671540432480855
forum 0.001201923076923077 1.5228787452803376 0.0018303831073080983
member 0.001201923076923077 0.3010299956639812 0.0003618148986345928
numerous 0.001201923076923077 0.721246399047171 0.0008668826911624652
organization 0.001201923076923077 0.7958800173440752 0.0009565865593077828
including 0.002403846153846154 0.2365720064370627 0.0005686827077814007
global 0.001201923076923077 0.8239087409443188 0.000990274929019614
partner 0.001201923076923077 1.1549019599857433 0.001388103317290557
child 0.001201923076923077 0.2076083105017461 0.00024952921935306025
health 0.001201923076923077 0.5528419686577808 0.0006644735200213712
fund 0.001201923076923077 1.0969100130080565 0.0013184014579423757
usta 0.001201923076923077 2.0 0.002403846153846154
received 0.002403846153846154 0.28399665636520083 0.0006826842701086558
congressional 0.001201923076923077 0.721246399047171 0.0008668826911624652
gold 0.001201923076923077 0.853871964321762 0.001026288418655964
medal 0.001201923076923077 0.6575773191777938 0.0007903573547810022
published 0.002403846153846154 0.07058107428570728 0.00016966604395602714
memoir 0.001201923076923077 1.045757490560675 0.0012569200607700421
life 0.002403846153846154 0.13679614097137055 0.00032883687733502537
governing 0.001201923076923077 1.5228787452803376 0.0018303831073080983
gorgeous 0.001201923076923077 1.6989700043360187 0.0020420312552115612
mosaic 0.001201923076923077 2.0 0.002403846153846154
honored 0.001201923076923077 1.0 0.001201923076923077
decade 0.001201923076923077 0.638272163982407 0.0007671540432480855
lower 0.001201923076923077 0.958607314841775 0.001152172253415595
architectural 0.001201923076923077 2.0 0.002403846153846154
landmark 0.001201923076923077 2.0 0.002403846153846154
renamed 0.001201923076923077 1.5228787452803376 0.0018303831073080983
municipal 0.001201923076923077 1.3010299956639813 0.00156373797555767
building 0.001201923076923077 0.853871964321762 0.001026288418655964
age 0.001201923076923077 0.11350927482751813 0.00013642941685999775
check 0.001201923076923077 0.07058107428570728 8.483302197801357e-05
strive 0.001201923076923077 0.07058107428570728 8.483302197801357e-05
accuracy 0.001201923076923077 0.07058107428570728 8.483302197801357e-05
fairness 0.001201923076923077 0.07058107428570728 8.483302197801357e-05
see 0.002403846153846154 0.04575749056067514 0.00010999396769393064
something 0.001201923076923077 0.07058107428570728 8.483302197801357e-05
look 0.001201923076923077 0.07058107428570728 8.483302197801357e-05
right 0.001201923076923077 0.07058107428570728 8.483302197801357e-05
citation 0.001201923076923077 0.07058107428570728 8.483302197801357e-05
information 0.001201923076923077 0.07058107428570728 8.483302197801357e-05
article 0.001201923076923077 0.07058107428570728 8.483302197801357e-05
title 0.001201923076923077 0.07058107428570728 8.483302197801357e-05
author 0.001201923076923077 0.06048074738138145 7.269320598723732e-05
com 0.002403846153846154 0.06048074738138145 0.00014538641197447464
editor 0.001201923076923077 0.1023729087095586 0.00012304436142975794
website 0.002403846153846154 0.0655015487564323 0.00015745564604911612
url 0.001201923076923077 0.07058107428570728 8.483302197801357e-05
access 0.001201923076923077 0.07058107428570728 8.483302197801357e-05
publisher 0.001201923076923077 0.07058107428570728 8.483302197801357e-05
e 0.002403846153846154 0.04575749056067514 0.00010999396769393064
television 0.003605769230769231 0.04575749056067514 0.00016499095154089597
network 0.002403846153846154 0.04575749056067514 0.00010999396769393064
last 0.001201923076923077 0.0655015487564323 7.872782302455806e-05
updated 0.001201923076923077 0.07058107428570728 8.483302197801357e-05
april 0.002403846153846154 0.1549019599857432 0.0003723604807349596
original 0.001201923076923077 0.0655015487564323 7.872782302455806e-05
receive 0.001201923076923077 0.05551732784983141 6.67275575118166e-05
story 0.004807692307692308 0.05551732784983141 0.0002669102300472664
shaped 0.002403846153846154 0.05551732784983141 0.0001334551150236332
world 0.001201923076923077 0.04575749056067514 5.499698384696532e-05
sign 0.001201923076923077 0.05551732784983141 6.67275575118166e-05
person 0.010817307692307692 0.05060999335508724 0.0005474638704276264
bowie 0.002403846153846154 1.6989700043360187 0.0040840625104231225
english 0.001201923076923077 1.045757490560675 0.0012569200607700421
rock 0.002403846153846154 0.721246399047171 0.0017337653823249304
star 0.001201923076923077 0.32790214206428253 0.00039411315151957035
known 0.006009615384615385 0.06048074738138145 0.0003634660299361866
dramatic 0.001201923076923077 1.3979400086720377 0.0016802163565769685
musical 0.002403846153846154 0.48148606012211254 0.0011574184137550783
transformation 0.001201923076923077 1.6989700043360187 0.0020420312552115612
character 0.001201923076923077 0.958607314841775 0.001152172253415595
ziggy 0.001201923076923077 1.6989700043360187 0.0020420312552115612
stardust 0.001201923076923077 1.6989700043360187 0.0020420312552115612
inducted 0.001201923076923077 1.045757490560675 0.0012569200607700421
roll 0.001201923076923077 1.0 0.001201923076923077
fame 0.002403846153846154 0.48148606012211254 0.0011574184137550783
walker 0.002403846153846154 1.5228787452803376 0.0036607662146161965
abolitionist 0.002403846153846154 1.0969100130080565 0.0026368029158847514
wrote 0.001201923076923077 0.5528419686577808 0.0006644735200213712
incendiary 0.001201923076923077 2.0 0.002403846153846154
pamphlet 0.001201923076923077 2.0 0.002403846153846154
argued 0.001201923076923077 1.1549019599857433 0.001388103317290557
end 0.001201923076923077 0.44369749923271273 0.0005332902635008567
slavery 0.001201923076923077 1.0 0.001201923076923077
discrimination 0.001201923076923077 0.9208187539523752 0.0011067533100389125
c 0.002403846153846154 0.35654732351381263 0.0008570849122928189
cassidy 0.002403846153846154 1.6989700043360187 0.0040840625104231225
singer 0.001201923076923077 0.4202164033831899 0.0005050677925278725
actor 0.002403846153846154 0.4685210829577449 0.00112625260326381
best 0.002403846153846154 0.13667713987954408 0.00032855081701813483
starring 0.001201923076923077 0.8239087409443188 0.000990274929019614
series 0.001201923076923077 0.37675070960209955 0.0004528253721179081
partridge 0.001201923076923077 2.0 0.002403846153846154
family 0.001201923076923077 0.11918640771920867 0.00014325289389327967
berkowitz 0.002403846153846154 2.0 0.004807692307692308
son 0.001201923076923077 0.28399665636520083 0.0003413421350543279
sam 0.001201923076923077 1.3010299956639813 0.00156373797555767
murdered 0.001201923076923077 1.0969100130080565 0.0013184014579423757
six 0.001201923076923077 0.5686362358410126 0.0006834570142319864
claiming 0.001201923076923077 1.045757490560675 0.0012569200607700421
order 0.001201923076923077 1.0 0.001201923076923077
demon 0.001201923076923077 2.0 0.002403846153846154
possessed 0.001201923076923077 1.5228787452803376 0.0018303831073080983
dog 0.001201923076923077 1.3979400086720377 0.0016802163565769685
schwimmer 0.002403846153846154 2.0 0.004807692307692308
director 0.001201923076923077 0.5686362358410126 0.0006834570142319864
rose 0.001201923076923077 0.7447274948966939 0.0008951051621354494
ross 0.001201923076923077 1.3010299956639813 0.00156373797555767
geller 0.001201923076923077 2.0 0.002403846153846154
hit 0.001201923076923077 0.3665315444204135 0.0004405427216591509
sitcom 0.001201923076923077 1.3979400086720377 0.0016802163565769685
friend 0.001201923076923077 0.5686362358410126 0.0006834570142319864
ben 0.002403846153846154 1.3979400086720377 0.003360432713153937
gurion 0.002403846153846154 2.0 0.004807692307692308
zionist 0.001201923076923077 2.0 0.002403846153846154
statesman 0.001201923076923077 1.1549019599857433 0.001388103317290557
prime 0.001201923076923077 0.7958800173440752 0.0009565865593077828
minister 0.002403846153846154 0.5376020021010439 0.0012923125050505863
defense 0.001201923076923077 0.7695510786217261 0.0009249412002664978
israel 0.001201923076923077 1.2218487496163564 0.0014685682086735053
livingstone 0.002403846153846154 2.0 0.004807692307692308
scottish 0.001201923076923077 1.5228787452803376 0.0018303831073080983
missionary 0.001201923076923077 2.0 0.002403846153846154
physician 0.001201923076923077 0.8239087409443188 0.000990274929019614
exploration 0.001201923076923077 1.6989700043360187 0.0020420312552115612
africa 0.001201923076923077 0.7447274948966939 0.0008951051621354494
crossed 0.001201923076923077 1.2218487496163564 0.0014685682086735053
continent 0.001201923076923077 2.0 0.002403846153846154
mid 0.001201923076923077 0.585026652029182 0.0007031570336889207
th 0.001201923076923077 0.2076083105017461 0.00024952921935306025
century 0.001201923076923077 0.494850021680094 0.00059477166067319
sedaris 0.002403846153846154 2.0 0.004807692307692308
humorist 0.001201923076923077 2.0 0.002403846153846154
essayist 0.001201923076923077 1.5228787452803376 0.0018303831073080983
sardonic 0.001201923076923077 2.0 0.002403846153846154
autobiographical 0.001201923076923077 2.0 0.002403846153846154
social 0.001201923076923077 0.5228787452803376 0.0006284600303850212
commentary 0.001201923076923077 2.0 0.002403846153846154
geffen 0.003605769230769231 1.5228787452803376 0.005491149321924294
ambitious 0.001201923076923077 1.1549019599857433 0.001388103317290557
energetic 0.001201923076923077 1.5228787452803376 0.0018303831073080983
music 0.001201923076923077 0.4559319556497244 0.0005479951390020726
movie 0.001201923076923077 0.7447274948966939 0.0008951051621354494
executive 0.001201923076923077 0.5528419686577808 0.0006644735200213712
established 0.001201923076923077 0.7447274948966939 0.0008951051621354494
vast 0.001201923076923077 1.5228787452803376 0.0018303831073080983
hollywood 0.001201923076923077 0.7958800173440752 0.0009565865593077828
based 0.001201923076923077 0.619788758288394 0.0007449384114043197
empire 0.001201923076923077 1.045757490560675 0.0012569200607700421
featuring 0.001201923076923077 1.2218487496163564 0.0014685682086735053
record 0.001201923076923077 0.6989700043360189 0.0008401081782884842
dreamworks 0.001201923076923077 2.0 0.002403846153846154
loading 0.001201923076923077 0.04575749056067514 5.499698384696532e-05
logo 0.001201923076923077 0.04575749056067514 5.499698384696532e-05
registered 0.001201923076923077 0.04575749056067514 5.499698384696532e-05
trademark 0.001201923076923077 0.04575749056067514 5.499698384696532e-05
llc 0.001201923076923077 0.04575749056067514 5.499698384696532e-05
close 0.004807692307692308 0.04575749056067514 0.0002199879353878613
