willow 0.011458333333333333 1.5228787452803376 0.017449652289670534
smith 0.06979166666666667 1.1549019599857433 0.080602532624005
age 0.0020833333333333333 0.11350927482751813 0.00023647765589066277
song 0.005208333333333334 1.337242168318426 0.006964802959991802
family 0.004166666666666667 0.11918640771920867 0.0004966100321633695
biography 0.010416666666666666 0.04575749056067514 0.0004766405266736994
skip 0.0010416666666666667 0.04575749056067514 4.766405266736994e-05
main 0.0010416666666666667 0.04575749056067514 4.766405266736994e-05
content 0.0010416666666666667 0.04575749056067514 4.766405266736994e-05
people 0.005208333333333333 0.04575749056067514 0.0002383202633368497
nostalgia 0.003125 0.04575749056067514 0.00014299215800210984
celebrity 0.003125 0.04575749056067514 0.00014299215800210984
history 0.003125 0.04575749056067514 0.00014299215800210984
culture 0.003125 0.04575749056067514 0.00014299215800210984
crime 0.003125 0.04575749056067514 0.00014299215800210984
scandal 0.003125 0.04575749056067514 0.00014299215800210984
video 0.004166666666666667 0.04575749056067514 0.00019065621066947976
contact 0.003125 0.04575749056067514 0.00014299215800210984
u 0.003125 0.04575749056067514 0.00014299215800210984
advertise 0.0020833333333333333 0.04575749056067514 9.532810533473988e-05
privacy 0.003125 0.04575749056067514 0.00014299215800210984
notice 0.0020833333333333333 0.04575749056067514 9.532810533473988e-05
term 0.0020833333333333333 0.04575749056067514 9.532810533473988e-05
use 0.0020833333333333333 0.04575749056067514 9.532810533473988e-05
copyright 0.0020833333333333333 0.04575749056067514 9.532810533473988e-05
policy 0.0020833333333333333 0.04575749056067514 9.532810533473988e-05
ad 0.0020833333333333333 0.04575749056067514 9.532810533473988e-05
choice 0.003125 0.04575749056067514 0.00014299215800210984
accessibility 0.0020833333333333333 0.04575749056067514 9.532810533473988e-05
support 0.0020833333333333333 0.04575749056067514 9.532810533473988e-05
setting 0.0010416666666666667 0.04575749056067514 4.766405266736994e-05
february 0.0010416666666666667 0.04575749056067514 4.766405266736994e-05
subscribe 0.0020833333333333333 0.04575749056067514 9.532810533473988e-05
newsletter 0.003125 0.04575749056067514 0.00014299215800210984
photo 0.0010416666666666667 0.12493873660829993 0.00013014451730031243
jerritt 0.0010416666666666667 2.0 0.0020833333333333333
clark 0.0010416666666666667 1.5228787452803376 0.001586332026333685
getty 0.0010416666666666667 0.2291479883578558 0.0002386958212060998
image 0.0010416666666666667 0.2218487496163564 0.0002310924475170379
savage 0.0010416666666666667 1.3979400086720377 0.0014561875090333726
x 0.0010416666666666667 0.4559319556497244 0.0004749291204684629
fenty 0.0010416666666666667 1.6989700043360187 0.0017697604211833527
show 0.009375 1.1726307269461747 0.010993413065120387
vol 0.0010416666666666667 1.6989700043360187 0.0017697604211833527
presented 0.0010416666666666667 1.0 0.0010416666666666667
amazon 0.0010416666666666667 1.3010299956639813 0.0013552395788166472
prime 0.0010416666666666667 0.7958800173440752 0.0008290416847334117
quick 0.0010416666666666667 0.07058107428570728 7.352195238094509e-05
fact 0.0020833333333333333 0.14116214857141457 0.00029408780952378037
name 0.003125 0.05551732784983141 0.00017349164953072316
birth 0.0020833333333333333 0.07058107428570728 0.00014704390476189019
date 0.004166666666666667 0.07058107428570728 0.00029408780952378037
october 0.0020833333333333333 0.37675070960209955 0.0007848973116710408
place 0.0010416666666666667 0.07572071393811834 7.887574368553994e-05
los 0.003125 0.6020599913279624 0.0018814374728998826
angeles 0.003125 0.6020599913279624 0.0018814374728998826
california 0.0020833333333333333 0.5528419686577808 0.0011517541013703766
zodiac 0.0010416666666666667 0.3010299956639812 0.0003135729121499804
sign 0.0020833333333333333 0.05551732784983141 0.00011566109968714877
scorpio 0.0010416666666666667 1.0969100130080565 0.0011426145968833922
cite 0.0010416666666666667 0.07058107428570728 7.352195238094509e-05
page 0.0010416666666666667 0.07058107428570728 7.352195238094509e-05
publish 0.0010416666666666667 0.07058107428570728 7.352195238094509e-05
jan 0.0010416666666666667 0.9208187539523752 0.0009591862020337242
comment 0.0020833333333333333 0.07058107428570728 0.00014704390476189019
singer 0.0020833333333333333 0.4202164033831899 0.0008754508403816456
musician 0.0010416666666666667 0.6575773191777938 0.0006849763741435353
child 0.0010416666666666667 0.2924298239020636 0.0003046143998979829
hollywood 0.003125 0.7958800173440752 0.002487125054200235
royalty 0.0010416666666666667 1.5228787452803376 0.001586332026333685
made 0.0020833333333333333 0.1804560644581313 0.00037595013428777356
pop 0.005208333333333333 0.5686362358410126 0.0029616470616719405
r 0.0020833333333333333 0.5086383061657272 0.0010596631378452651
b 0.0020833333333333333 0.37675070960209955 0.0007848973116710408
rock 0.007291666666666667 0.721246399047171 0.005259088326385622
well 0.0010416666666666667 0.20065945054641826 0.00020902026098585234
joining 0.0010416666666666667 0.7695510786217261 0.0008016157068976313
mother 0.007291666666666667 0.21467016498923297 0.0015653032863798238
grandmother 0.003125 0.6777807052660807 0.0021180647039565023
talk 0.010416666666666666 0.6989700043360189 0.0072809375451668625
red 0.00625 0.8239087409443188 0.005149429630901993
table 0.00625 1.5228787452803376 0.00951799215800211
grew 0.0010416666666666667 0.494850021680094 0.0005154687725834313
public 0.0010416666666666667 0.2596373105057561 0.0002704555317768293
eye 0.0010416666666666667 1.2218487496163564 0.0012727591141837046
daughter 0.0020833333333333333 0.31875876262441283 0.0006640807554675267
jada 0.005208333333333333 2.0 0.010416666666666666
pinkett 0.008333333333333333 2.0 0.016666666666666666
acting 0.0020833333333333333 0.6777807052660807 0.0014120431359710014
project 0.0010416666666666667 1.045757490560675 0.0010893307193340365
released 0.003125 0.3010299956639812 0.0009407187364499413
whip 0.005208333333333333 1.3979400086720377 0.0072809375451668625
hair 0.005208333333333333 1.3979400086720377 0.0072809375451668625
became 0.003125 0.07572071393811834 0.00023662723105661982
hit 0.003125 0.3665315444204135 0.0011454110763137923
single 0.004166666666666667 0.585026652029182 0.002437611050121592
however 0.0020833333333333333 0.32790214206428253 0.0006831294626339219
demand 0.0020833333333333333 1.3010299956639813 0.0027104791576332945
fame 0.0020833333333333333 0.48148606012211254 0.0010030959585877344
eventually 0.0010416666666666667 0.3979400086720376 0.00041452084236670583
stressed 0.0010416666666666667 1.5228787452803376 0.001586332026333685
young 0.003125 0.3010299956639812 0.0009407187364499413
point 0.0010416666666666667 0.7447274948966939 0.0007757578071840561
took 0.0020833333333333333 0.28399665636520083 0.000591659700760835
step 0.0010416666666666667 0.7958800173440752 0.0008290416847334117
away 0.0010416666666666667 0.5376020021010439 0.0005600020855219207
performing 0.0020833333333333333 0.8239087409443188 0.0017164765436339974
later 0.004166666666666667 0.09151498112135023 0.0003813124213389593
started 0.0020833333333333333 0.6020599913279624 0.0012542916485999216
making 0.003125 0.3979400086720376 0.0012435625271001176
music 0.007291666666666667 0.4559319556497244 0.00332450384327924
overcame 0.0010416666666666667 1.3010299956639813 0.0013552395788166472
personal 0.003125 0.3372421683184259 0.001053881775995081
doubt 0.0020833333333333333 1.6989700043360187 0.0035395208423667055
embraced 0.0010416666666666667 1.5228787452803376 0.001586332026333685
lifelong 0.0010416666666666667 1.3979400086720377 0.0014561875090333726
love 0.0020833333333333333 0.5086383061657272 0.0010596631378452651
release 0.0010416666666666667 0.5686362358410126 0.0005923294123343882
album 0.012499999999999999 1.1214782044987934 0.014018477556234917
lately 0.004166666666666667 2.0 0.008333333333333333
feel 0.004166666666666667 0.8860566476931633 0.0036919026987215138
everything 0.004166666666666667 0.853871964321762 0.003557799851340675
staked 0.0010416666666666667 2.0 0.0020833333333333333
claim 0.0010416666666666667 1.045757490560675 0.0010893307193340365
genre 0.0020833333333333333 1.3010299956639813 0.0027104791576332945
strong 0.0010416666666666667 0.7958800173440752 0.0008290416847334117
tie 0.0010416666666666667 0.9208187539523752 0.0009591862020337242
black 0.003125 0.3872161432802645 0.0012100504477508267
community 0.0010416666666666667 0.48148606012211254 0.0005015479792938672
addition 0.0020833333333333333 0.6777807052660807 0.0014120431359710014
co 0.0010416666666666667 0.4202164033831899 0.0004377254201908228
host 0.0010416666666666667 1.5228787452803376 0.001586332026333685
popular 0.0020833333333333333 0.4685210829577449 0.0009760855894953019
early 0.004166666666666667 0.07572071393811834 0.00031550297474215977
life 0.0020833333333333333 0.13679614097137055 0.000284991960357022
camille 0.0010416666666666667 2.0 0.0020833333333333333
reign 0.0010416666666666667 1.5228787452803376 0.001586332026333685
born 0.0010416666666666667 0.09151498112135023 9.532810533473982e-05
star 0.0020833333333333333 1.4828041020500258 0.0030891752126042202
older 0.0020833333333333333 0.721246399047171 0.0015025966646816063
brother 0.0020833333333333333 0.494850021680094 0.0010309375451668626
jaden 0.004166666666666667 2.0 0.008333333333333333
half 0.0010416666666666667 0.853871964321762 0.0008894499628351687
trey 0.0010416666666666667 2.0 0.0020833333333333333
status 0.0010416666666666667 0.8860566476931633 0.0009229756746803784
meant 0.0010416666666666667 0.853871964321762 0.0008894499628351687
raised 0.0010416666666666667 0.585026652029182 0.000609402762530398
spotlight 0.0010416666666666667 0.7958800173440752 0.0008290416847334117
role 0.004166666666666667 0.3665315444204135 0.0015272147684183897
alongside 0.0010416666666666667 0.7695510786217261 0.0008016157068976313
father 0.0020833333333333333 0.14874165128092467 0.00030987844016859307
movie 0.0010416666666666667 0.7447274948966939 0.0007757578071840561
legend 0.0010416666666666667 0.5686362358410126 0.0005923294123343882
next 0.004166666666666667 0.07058107428570728 0.00029408780952378037
appeared 0.0010416666666666667 0.721246399047171 0.0007512983323408032
kit 0.0010416666666666667 2.0 0.0020833333333333333
kittredge 0.0010416666666666667 2.0 0.0020833333333333333
american 0.0010416666666666667 0.1023729087095586 0.00010663844657245687
girl 0.003125 1.4948500216800942 0.004671406317750294
joined 0.0010416666666666667 0.4685210829577449 0.00048804279474765094
voice 0.0020833333333333333 0.7447274948966939 0.0015515156143681122
character 0.0010416666666666667 0.958607314841775 0.0009985492862935156
madagascar 0.0010416666666666667 2.0 0.0020833333333333333
escape 0.0010416666666666667 1.6989700043360187 0.0017697604211833527
africa 0.0010416666666666667 0.7447274948966939 0.0007757578071840561
also 0.005208333333333333 0.0861861476162833 0.0004488861855014755
seen 0.0020833333333333333 0.619788758288394 0.0012912265797674874
television 0.003125 0.04575749056067514 0.00014299215800210984
true 0.0010416666666666667 0.8239087409443188 0.0008582382718169987
jackson 0.0010416666666666667 0.5228787452803376 0.0005446653596670183
vp 0.0010416666666666667 1.3979400086720377 0.0014561875090333726
teen 0.0010416666666666667 0.8860566476931633 0.0009229756746803784
performed 0.0010416666666666667 0.7695510786217261 0.0008016157068976313
vocally 0.0010416666666666667 1.6989700043360187 0.0017697604211833527
neo 0.0010416666666666667 1.6989700043360187 0.0017697604211833527
yokio 0.0010416666666666667 2.0 0.0020833333333333333
adventure 0.0010416666666666667 1.6989700043360187 0.0017697604211833527
time 0.003125 0.4791236183116582 0.0014972613072239318
first 0.0020833333333333333 0.0655015487564323 0.00013646155990923396
came 0.005208333333333333 0.3010299956639812 0.001567864560749902
year 0.003125 0.24995468798823245 0.0007811083999632265
old 0.0020833333333333333 0.28399665636520083 0.000591659700760835
ultimately 0.0010416666666666667 0.9208187539523752 0.0009591862020337242
going 0.0010416666666666667 0.6020599913279624 0.0006271458242999608
platinum 0.0010416666666666667 1.1549019599857433 0.0012030228749851492
reaching 0.0010416666666666667 0.958607314841775 0.0009985492862935156
billboard 0.0020833333333333333 1.0 0.0020833333333333333
hot 0.0020833333333333333 0.958607314841775 0.0019970985725870313
signed 0.0010416666666666667 0.494850021680094 0.0005154687725834313
recording 0.0010416666666666667 0.8239087409443188 0.0008582382718169987
contract 0.0010416666666666667 0.9208187539523752 0.0009591862020337242
jay 0.0010416666666666667 1.3010299956639813 0.0013552395788166472
z 0.0010416666666666667 1.3979400086720377 0.0014561875090333726
roc 0.0010416666666666667 2.0 0.0020833333333333333
nation 0.0010416666666666667 0.35654732351381263 0.0003714034619935548
follow 0.0010416666666666667 0.7958800173440752 0.0008290416847334117
success 0.0010416666666666667 0.431798275933005 0.0004497898707635469
like 0.003125 0.2365720064370627 0.000739287520115821
st 0.0020833333333333333 0.721246399047171 0.0015025966646816063
century 0.0010416666666666667 0.494850021680094 0.0005154687725834313
nothing 0.0010416666666666667 0.958607314841775 0.0009985492862935156
dislike 0.0010416666666666667 1.6989700043360187 0.0017697604211833527
pressure 0.0010416666666666667 0.9208187539523752 0.0009591862020337242
filled 0.0010416666666666667 1.1549019599857433 0.0012030228749851492
lifestyle 0.0010416666666666667 1.3010299956639813 0.0013552395788166472
shaved 0.0010416666666666667 2.0 0.0020833333333333333
head 0.0010416666666666667 0.5228787452803376 0.0005446653596670183
tour 0.0020833333333333333 0.7447274948966939 0.0015515156143681122
act 0.0010416666666666667 0.4685210829577449 0.00048804279474765094
protest 0.0010416666666666667 0.7447274948966939 0.0007757578071840561
continuing 0.0010416666666666667 1.5228787452803376 0.001586332026333685
decided 0.0010416666666666667 0.494850021680094 0.0005154687725834313
want 0.0020833333333333333 0.585026652029182 0.001218805525060796
take 0.0010416666666666667 0.48148606012211254 0.0005015479792938672
title 0.003125 0.07058107428570728 0.00022056585714283527
filmed 0.0010416666666666667 2.0 0.0020833333333333333
version 0.0010416666666666667 1.045757490560675 0.0010893307193340365
musical 0.0010416666666666667 0.48148606012211254 0.0005015479792938672
annie 0.0010416666666666667 1.5228787452803376 0.001586332026333685
producing 0.0010416666666666667 1.0969100130080565 0.0011426145968833922
admitted 0.0010416666666666667 0.7958800173440752 0.0008290416847334117
cutting 0.0010416666666666667 1.3010299956639813 0.0013552395788166472
attempt 0.0010416666666666667 0.7447274948966939 0.0007757578071840561
deal 0.0010416666666666667 0.5528419686577808 0.0005758770506851883
emotional 0.0020833333333333333 0.9208187539523752 0.0019183724040674483
pain 0.0010416666666666667 1.3010299956639813 0.0013552395788166472
told 0.0020833333333333333 0.44369749923271273 0.0009243697900681515
definitely 0.0010416666666666667 1.6989700043360187 0.0017697604211833527
forgive 0.0010416666666666667 2.0 0.0020833333333333333
daddy 0.0020833333333333333 1.3979400086720377 0.002912375018066745
whole 0.0010416666666666667 0.958607314841775 0.0009985492862935156
thing 0.0020833333333333333 0.7447274948966939 0.0015515156143681122
mostly 0.0010416666666666667 0.8239087409443188 0.0008582382718169987
harsh 0.0010416666666666667 1.2218487496163564 0.0012727591141837046
certain 0.0010416666666666667 1.2218487496163564 0.0012727591141837046
reflecting 0.0010416666666666667 1.6989700043360187 0.0017697604211833527
childhood 0.0010416666666666667 0.6020599913279624 0.0006271458242999608
career 0.0010416666666666667 0.17392519729917358 0.00018117208051997248
magazine 0.0020833333333333333 0.8239087409443188 0.0017164765436339974
super 0.0020833333333333333 1.3010299956639813 0.0027104791576332945
dream 0.0010416666666666667 0.8860566476931633 0.0009229756746803784
really 0.003125 0.721246399047171 0.0022538949970224097
wanted 0.0020833333333333333 0.5528419686577808 0.0011517541013703766
sing 0.0010416666666666667 1.2218487496163564 0.0012727591141837046
equate 0.0010416666666666667 1.5228787452803376 0.001586332026333685
business 0.0010416666666666667 0.6989700043360189 0.0007280937545166863
stress 0.0010416666666666667 1.3979400086720377 0.0014561875090333726
ended 0.0010416666666666667 0.5686362358410126 0.0005923294123343882
coming 0.0010416666666666667 0.8239087409443188 0.0008582382718169987
though 0.003125 0.3665315444204135 0.0011454110763137923
rebelled 0.0010416666666666667 1.6989700043360187 0.0017697604211833527
stop 0.0010416666666666667 1.0 0.0010416666666666667
debut 0.0020833333333333333 0.8239087409443188 0.0017164765436339974
ardipithecus 0.0010416666666666667 2.0 0.0020833333333333333
two 0.0020833333333333333 0.11918640771920867 0.00024830501608168475
respectively 0.0010416666666666667 2.0 0.0020833333333333333
maternal 0.0010416666666666667 1.0969100130080565 0.0011426145968833922
adrienne 0.0020833333333333333 0.0655015487564323 0.00013646155990923396
banfield 0.0010416666666666667 2.0 0.0020833333333333333
norris 0.0010416666666666667 1.6989700043360187 0.0017697604211833527
tradition 0.0010416666666666667 1.5228787452803376 0.001586332026333685
sharing 0.0010416666666666667 1.2218487496163564 0.0012727591141837046
story 0.004166666666666667 0.05551732784983141 0.00023132219937429754
insight 0.0010416666666666667 2.0 0.0020833333333333333
among 0.0020833333333333333 0.35654732351381263 0.0007428069239871096
recorded 0.0010416666666666667 0.8860566476931633 0.0009229756746803784
one 0.0020833333333333333 0.08092190762392613 0.00016858730754984612
barrier 0.0010416666666666667 1.5228787452803376 0.001586332026333685
intergenerational 0.0010416666666666667 2.0 0.0020833333333333333
conversation 0.0010416666666666667 1.3010299956639813 0.0013552395788166472
five 0.0010416666666666667 0.48148606012211254 0.0005015479792938672
woman 0.004166666666666667 0.3979400086720376 0.0016580833694668233
launched 0.0010416666666666667 0.6777807052660807 0.0007060215679855007
facebook 0.0010416666666666667 1.3979400086720377 0.0014561875090333726
watch 0.0010416666666666667 1.2218487496163564 0.0012727591141837046
read 0.0010416666666666667 0.0655015487564323 6.823077995461698e-05
bella 0.0010416666666666667 0.0655015487564323 6.823077995461698e-05
hadid 0.0010416666666666667 0.0655015487564323 6.823077995461698e-05
sadie 0.0010416666666666667 0.06048074738138145 6.300077852227234e-05
alexander 0.0010416666666666667 0.05551732784983141 5.7830549843574385e-05
kennedy 0.0010416666666666667 0.06048074738138145 6.300077852227234e-05
informal 0.0010416666666666667 1.5228787452803376 0.001586332026333685
set 0.0010416666666666667 0.494850021680094 0.0005154687725834313
harkens 0.0010416666666666667 2.0 0.0020833333333333333
back 0.0010416666666666667 0.4202164033831899 0.0004377254201908228
earlier 0.0010416666666666667 0.9208187539523752 0.0009591862020337242
discussion 0.0010416666666666667 1.0969100130080565 0.0011426145968833922
three 0.0010416666666666667 0.2076083105017461 0.0002162586567726522
generation 0.0010416666666666667 0.8860566476931633 0.0009229756746803784
tackled 0.0010416666666666667 2.0 0.0020833333333333333
topic 0.0010416666666666667 1.0969100130080565 0.0011426145968833922
mental 0.0010416666666666667 1.3010299956639813 0.0013552395788166472
health 0.0010416666666666667 0.5528419686577808 0.0005758770506851883
politics 0.0010416666666666667 0.4685210829577449 0.00048804279474765094
sexuality 0.0010416666666666667 1.5228787452803376 0.001586332026333685
shared 0.0010416666666666667 0.7695510786217261 0.0008016157068976313
polyamorous 0.0010416666666666667 2.0 0.0020833333333333333
salma 0.0010416666666666667 2.0 0.0020833333333333333
hayek 0.0010416666666666667 2.0 0.0020833333333333333
kevin 0.0010416666666666667 1.3010299956639813 0.0013552395788166472
hart 0.0010416666666666667 2.0 0.0020833333333333333
olivia 0.0010416666666666667 1.5228787452803376 0.001586332026333685
jade 0.0010416666666666667 1.6989700043360187 0.0017697604211833527
giannulli 0.0010416666666666667 2.0 0.0020833333333333333
jordyn 0.0010416666666666667 2.0 0.0020833333333333333
wood 0.0010416666666666667 1.6989700043360187 0.0017697604211833527
high 0.0010416666666666667 0.27572413039921095 0.0002872126358325114
profile 0.0010416666666666667 0.853871964321762 0.0008894499628351687
guest 0.0010416666666666667 1.6989700043360187 0.0017697604211833527
stopped 0.0020833333333333333 1.1549019599857433 0.0024060457499702984
program 0.0010416666666666667 0.5528419686577808 0.0005758770506851883
daytime 0.0010416666666666667 1.6989700043360187 0.0017697604211833527
emmy 0.0010416666666666667 1.6989700043360187 0.0017697604211833527
outstanding 0.0010416666666666667 1.6989700043360187 0.0017697604211833527
informative 0.0010416666666666667 2.0 0.0020833333333333333
anxiety 0.003125 1.3010299956639813 0.004065718736449941
indie 0.0010416666666666667 1.6989700043360187 0.0017697604211833527
partner 0.0010416666666666667 0.8860566476931633 0.0009229756746803784
tyler 0.0010416666666666667 1.3979400086720377 0.0014561875090333726
cole 0.003125 1.6989700043360187 0.005309281263550059
along 0.0010416666666666667 0.4202164033831899 0.0004377254201908228
part 0.0020833333333333333 0.3372421683184259 0.0007025878506633873
performance 0.0010416666666666667 0.8860566476931633 0.0009229756746803784
art 0.0020833333333333333 1.0969100130080565 0.0022852291937667845
piece 0.0010416666666666667 1.3979400086720377 0.0014561875090333726
inside 0.0010416666666666667 0.958607314841775 0.0009985492862935156
glass 0.0010416666666666667 1.5228787452803376 0.001586332026333685
box 0.0010416666666666667 1.1549019599857433 0.0012030228749851492
museum 0.0010416666666666667 1.3979400086720377 0.0014561875090333726
contemporary 0.0010416666666666667 0.7958800173440752 0.0008290416847334117
spent 0.0010416666666666667 0.48148606012211254 0.0005015479792938672
hour 0.0020833333333333333 2.1426675035687315 0.004463890632434857
embodying 0.0010416666666666667 2.0 0.0020833333333333333
eight 0.0010416666666666667 0.6989700043360189 0.0007280937545166863
different 0.0020833333333333333 0.7695510786217261 0.0016032314137952627
state 0.0010416666666666667 0.20065945054641826 0.00020902026098585234
linked 0.0010416666666666667 1.045757490560675 0.0010893307193340365
teenager 0.0020833333333333333 0.958607314841775 0.0019970985725870313
developed 0.0010416666666666667 0.7958800173440752 0.0008290416847334117
listening 0.0010416666666666667 1.1549019599857433 0.0012030228749851492
group 0.0010416666666666667 0.853871964321762 0.0008894499628351687
chemical 0.0010416666666666667 1.0969100130080565 0.0011426145968833922
romance 0.0010416666666666667 1.5228787452803376 0.001586332026333685
blink 0.0020833333333333333 2.0 0.004166666666666667
influence 0.0010416666666666667 1.1549019599857433 0.0012030228749851492
evident 0.0010416666666666667 2.0 0.0020833333333333333
july 0.0010416666666666667 0.37675070960209955 0.0003924486558355204
produced 0.0010416666666666667 0.7958800173440752 0.0008290416847334117
punk 0.004166666666666667 2.0 0.008333333333333333
clarified 0.0010416666666666667 2.0 0.0020833333333333333
knew 0.0020833333333333333 0.9208187539523752 0.0019183724040674483
completely 0.0010416666666666667 1.045757490560675 0.0010893307193340365
record 0.0020833333333333333 0.494850021680094 0.0010309375451668626
needed 0.0010416666666666667 0.8860566476931633 0.0009229756746803784
mixture 0.0010416666666666667 2.0 0.0020833333333333333
moody 0.0010416666666666667 1.6989700043360187 0.0017697604211833527
alternative 0.0010416666666666667 1.1549019599857433 0.0012030228749851492
melodic 0.0010416666666666667 2.0 0.0020833333333333333
vibe 0.0010416666666666667 2.0 0.0020833333333333333
stated 0.0010416666666666667 0.7447274948966939 0.0007757578071840561
kind 0.0020833333333333333 0.7958800173440752 0.0016580833694668233
make 0.0010416666666666667 0.3872161432802645 0.0004033501492502755
since 0.0010416666666666667 0.3372421683184259 0.0003512939253316937
literally 0.0010416666666666667 1.3010299956639813 0.0013552395788166472
hesitant 0.0010416666666666667 2.0 0.0020833333333333333
diving 0.0010416666666666667 2.0 0.0020833333333333333
training 0.0010416666666666667 1.0969100130080565 0.0011426145968833922
world 0.004166666666666667 0.04575749056067514 0.00019065621066947976
watched 0.0010416666666666667 1.3979400086720377 0.0014561875090333726
perform 0.0010416666666666667 1.1549019599857433 0.0012030228749851492
n 0.0010416666666666667 0.7695510786217261 0.0008016157068976313
xfc 0.0010416666666666667 2.0 0.0020833333333333333
metal 0.0010416666666666667 1.6989700043360187 0.0017697604211833527
band 0.0010416666666666667 0.9208187539523752 0.0009591862020337242
wicked 0.0010416666666666667 2.0 0.0020833333333333333
wisdom 0.0010416666666666667 2.0 0.0020833333333333333
delighted 0.0010416666666666667 1.6989700043360187 0.0017697604211833527
remembers 0.0010416666666666667 2.0 0.0020833333333333333
death 0.0010416666666666667 0.2365720064370627 0.0002464291733719403
threat 0.0010416666666666667 1.0969100130080565 0.0011426145968833922
received 0.0010416666666666667 0.28399665636520083 0.0002958298503804175
lockdown 0.0010416666666666667 1.6989700043360187 0.0017697604211833527
covid 0.0010416666666666667 1.045757490560675 0.0010893307193340365
pandemic 0.0010416666666666667 0.9208187539523752 0.0009591862020337242
served 0.0010416666666666667 0.2676062401770315 0.0002787565001844078
catalyst 0.0010416666666666667 2.0 0.0020833333333333333
experiment 0.0010416666666666667 1.3010299956639813 0.0013552395788166472
overcome 0.0010416666666666667 1.3979400086720377 0.0014561875090333726
said 0.0020833333333333333 0.2518119729937996 0.0005246082770704158
even 0.0010416666666666667 0.3665315444204135 0.00038180369210459743
still 0.0010416666666666667 0.431798275933005 0.0004497898707635469
accepted 0.0020833333333333333 0.619788758288394 0.0012912265797674874
changed 0.0010416666666666667 0.6989700043360189 0.0007280937545166863
insecurity 0.0010416666666666667 1.5228787452803376 0.001586332026333685
past 0.0010416666666666667 0.6989700043360189 0.0007280937545166863
hope 0.0010416666666666667 0.9208187539523752 0.0009591862020337242
instrument 0.0010416666666666667 1.3010299956639813 0.0013552395788166472
helping 0.0010416666666666667 0.958607314841775 0.0009985492862935156
color 0.0010416666666666667 1.0969100130080565 0.0011426145968833922
know 0.0010416666666666667 0.4559319556497244 0.0004749291204684629
transparent 0.0010416666666666667 2.0 0.0020833333333333333
soul 0.0010416666666666667 0.853871964321762 0.0008894499628351687
featured 0.0010416666666666667 0.7695510786217261 0.0008016157068976313
travis 0.0010416666666666667 2.0 0.0020833333333333333
barker 0.0010416666666666667 2.0 0.0020833333333333333
onto 0.0010416666666666667 1.1549019599857433 0.0012030228749851492
chart 0.0010416666666666667 0.6777807052660807 0.0007060215679855007
collaborator 0.0010416666666666667 1.5228787452803376 0.001586332026333685
include 0.0010416666666666667 0.619788758288394 0.0006456132898837437
avril 0.0010416666666666667 2.0 0.0020833333333333333
lavigne 0.0010416666666666667 2.0 0.0020833333333333333
invitation 0.0010416666666666667 1.5228787452803376 0.001586332026333685
join 0.0010416666666666667 0.9208187539523752 0.0009591862020337242
grow 0.0010416666666666667 1.0969100130080565 0.0011426145968833922
fashion 0.0020833333333333333 0.9208187539523752 0.0019183724040674483
known 0.005208333333333333 0.06048074738138145 0.0003150038926113617
wearing 0.0010416666666666667 1.3010299956639813 0.0013552395788166472
gender 0.0010416666666666667 1.2218487496163564 0.0012727591141837046
neutral 0.0010416666666666667 1.6989700043360187 0.0017697604211833527
style 0.0010416666666666667 0.8239087409443188 0.0008582382718169987
incorporates 0.0010416666666666667 2.0 0.0020833333333333333
daring 0.0010416666666666667 1.6989700043360187 0.0017697604211833527
attire 0.0010416666666666667 2.0 0.0020833333333333333
hairstyle 0.0010416666666666667 2.0 0.0020833333333333333
makeup 0.0010416666666666667 2.0 0.0020833333333333333
interview 0.0010416666666666667 0.585026652029182 0.000609402762530398
person 0.010416666666666666 0.05060999335508724 0.0005271874307821588
never 0.0010416666666666667 0.431798275933005 0.0004497898707635469
get 0.0010416666666666667 1.0969100130080565 0.0011426145968833922
dressed 0.0010416666666666667 1.5228787452803376 0.001586332026333685
unless 0.0010416666666666667 1.2218487496163564 0.0012727591141837046
work 0.0010416666666666667 0.2218487496163564 0.0002310924475170379
face 0.0010416666666666667 0.7958800173440752 0.0008290416847334117
campaign 0.0010416666666666667 1.2218487496163564 0.0012727591141837046
brand 0.0010416666666666667 1.3979400086720377 0.0014561875090333726
chanel 0.0010416666666666667 2.0 0.0020833333333333333
cartier 0.0010416666666666667 2.0 0.0020833333333333333
mugler 0.0010416666666666667 2.0 0.0020833333333333333
check 0.0010416666666666667 0.07058107428570728 7.352195238094509e-05
strive 0.0010416666666666667 0.07058107428570728 7.352195238094509e-05
accuracy 0.0010416666666666667 0.07058107428570728 7.352195238094509e-05
fairness 0.0010416666666666667 0.07058107428570728 7.352195238094509e-05
see 0.0020833333333333333 0.04575749056067514 9.532810533473988e-05
something 0.0010416666666666667 0.07058107428570728 7.352195238094509e-05
look 0.0010416666666666667 0.07058107428570728 7.352195238094509e-05
right 0.0010416666666666667 0.07058107428570728 7.352195238094509e-05
citation 0.0010416666666666667 0.07058107428570728 7.352195238094509e-05
information 0.0010416666666666667 0.07058107428570728 7.352195238094509e-05
article 0.0010416666666666667 0.07058107428570728 7.352195238094509e-05
author 0.0010416666666666667 0.06048074738138145 6.300077852227234e-05
com 0.0020833333333333333 0.06048074738138145 0.00012600155704454468
editor 0.0010416666666666667 0.1023729087095586 0.00010663844657245687
website 0.0020833333333333333 0.0655015487564323 0.00013646155990923396
url 0.0010416666666666667 0.07058107428570728 7.352195238094509e-05
access 0.0010416666666666667 0.07058107428570728 7.352195238094509e-05
publisher 0.0010416666666666667 0.07058107428570728 7.352195238094509e-05
e 0.0020833333333333333 0.04575749056067514 9.532810533473988e-05
network 0.0020833333333333333 0.04575749056067514 9.532810533473988e-05
last 0.0010416666666666667 0.0655015487564323 6.823077995461698e-05
updated 0.0010416666666666667 0.07058107428570728 7.352195238094509e-05
january 0.0020833333333333333 0.2676062401770315 0.0005575130003688156
original 0.0010416666666666667 0.0655015487564323 6.823077995461698e-05
published 0.0010416666666666667 0.07058107428570728 7.352195238094509e-05
receive 0.0010416666666666667 0.05551732784983141 5.7830549843574385e-05
shaped 0.0020833333333333333 0.05551732784983141 0.00011566109968714877
actor 0.003125 0.4685210829577449 0.0014641283842429529
best 0.0020833333333333333 0.13667713987954408 0.00028474404141571685
starring 0.0020833333333333333 0.8239087409443188 0.0017164765436339974
remake 0.0010416666666666667 2.0 0.0020833333333333333
karate 0.0010416666666666667 1.6989700043360187 0.0017697604211833527
kid 0.0010416666666666667 1.3010299956639813 0.0013552395788166472
son 0.0020833333333333333 1.1378686206869628 0.0023705596264311725
patti 0.0020833333333333333 2.0 0.004166666666666667
highly 0.0010416666666666667 0.9208187539523752 0.0009591862020337242
influential 0.0010416666666666667 0.6777807052660807 0.0007060215679855007
figure 0.0010416666666666667 0.6777807052660807 0.0007060215679855007
new 0.0010416666666666667 0.14266750356873154 0.00014861198288409534
york 0.0010416666666666667 0.3467874862246563 0.00036123696481735033
city 0.0010416666666666667 0.3665315444204135 0.00038180369210459743
scene 0.0010416666666666667 1.2218487496163564 0.0012727591141837046
starting 0.0010416666666666667 0.958607314841775 0.0009985492862935156
horse 0.0010416666666666667 1.3979400086720377 0.0014561875090333726
biggest 0.0010416666666666667 1.045757490560675 0.0010893307193340365
night 0.0010416666666666667 0.638272163982407 0.000664866837481674
bessie 0.0020833333333333333 1.6989700043360187 0.0035395208423667055
jazz 0.0010416666666666667 1.0969100130080565 0.0011426145968833922
blue 0.0020833333333333333 1.0 0.0020833333333333333
vocalist 0.0010416666666666667 1.3010299956639813 0.0013552395788166472
powerful 0.0010416666666666667 0.721246399047171 0.0007512983323408032
soulful 0.0010416666666666667 1.6989700043360187 0.0017697604211833527
countless 0.0010416666666666667 1.0 0.0010416666666666667
fan 0.0010416666666666667 0.8239087409443188 0.0008582382718169987
earned 0.0010416666666666667 0.40893539297350084 0.00042597436768073
empress 0.0010416666666666667 2.0 0.0020833333333333333
matt 0.0020833333333333333 1.6989700043360187 0.0035395208423667055
british 0.0020833333333333333 0.6989700043360189 0.0014561875090333726
run 0.0010416666666666667 0.4559319556497244 0.0004749291204684629
doctor 0.0010416666666666667 1.1549019599857433 0.0012030228749851492
prince 0.0020833333333333333 0.6989700043360189 0.0014561875090333726
philip 0.0010416666666666667 1.5228787452803376 0.001586332026333685
tv 0.0020833333333333333 0.5228787452803376 0.0010893307193340367
series 0.0010416666666666667 0.37675070960209955 0.0003924486558355204
crown 0.0010416666666666667 1.5228787452803376 0.001586332026333685
sam 0.0020833333333333333 1.3010299956639813 0.0027104791576332945
four 0.0010416666666666667 0.28399665636520083 0.0002958298503804175
grammy 0.0010416666666666667 0.6575773191777938 0.0006849763741435353
award 0.0010416666666666667 0.721246399047171 0.0007512983323408032
lonely 0.0010416666666666667 1.3010299956639813 0.0013552395788166472
actress 0.0010416666666666667 0.6020599913279624 0.0006271458242999608
starred 0.0010416666666666667 0.7695510786217261 0.0008016157068976313
film 0.0020833333333333333 0.721246399047171 0.0015025966646816063
nutty 0.0010416666666666667 2.0 0.0020833333333333333
professor 0.0010416666666666667 0.8860566476931633 0.0009229756746803784
trip 0.0010416666666666667 0.8860566476931633 0.0009229756746803784
married 0.0010416666666666667 0.24412514432750856 0.00025429702534115475
transitioned 0.0010416666666666667 2.0 0.0020833333333333333
successful 0.0010416666666666667 0.4559319556497244 0.0004749291204684629
rapper 0.0010416666666666667 1.2218487496163564 0.0012727591141837046
lister 0.0010416666666666667 2.0 0.0020833333333333333
fresh 0.0010416666666666667 1.5228787452803376 0.001586332026333685
bel 0.0010416666666666667 1.6989700043360187 0.0017697604211833527
air 0.0010416666666666667 0.8860566476931633 0.0009229756746803784
headlining 0.0010416666666666667 2.0 0.0020833333333333333
independence 0.0010416666666666667 0.958607314841775 0.0009985492862935156
day 0.0010416666666666667 0.2924298239020636 0.0003046143998979829
men 0.0010416666666666667 0.6777807052660807 0.0007060215679855007
ali 0.0010416666666666667 1.5228787452803376 0.001586332026333685
susan 0.0020833333333333333 1.2218487496163564 0.0025455182283674093
murder 0.0010416666666666667 0.853871964321762 0.0008894499628351687
order 0.0010416666666666667 0.494850021680094 0.0005154687725834313
carry 0.0010416666666666667 1.3010299956639813 0.0013552395788166472
relationship 0.0010416666666666667 0.5228787452803376 0.0005446653596670183
wealthy 0.0010416666666666667 0.958607314841775 0.0009985492862935156
man 0.0010416666666666667 0.37675070960209955 0.0003924486558355204
anna 0.0020833333333333333 1.3979400086720377 0.002912375018066745
nicole 0.0020833333333333333 1.3979400086720377 0.002912375018066745
gained 0.0010416666666666667 0.853871964321762 0.0008894499628351687
model 0.0010416666666666667 1.0 0.0010416666666666667
guess 0.0010416666666666667 1.3010299956639813 0.0013552395788166472
playboy 0.0010416666666666667 1.3979400086720377 0.0014561875090333726
marriage 0.0010416666666666667 0.5376020021010439 0.0005600020855219207
oil 0.0010416666666666667 1.0 0.0010416666666666667
tycoon 0.0010416666666666667 1.6989700043360187 0.0017697604211833527
j 0.0010416666666666667 0.7958800173440752 0.0008290416847334117
howard 0.0010416666666666667 0.958607314841775 0.0009985492862935156
marshall 0.0010416666666666667 1.1549019599857433 0.0012030228749851492
ii 0.0010416666666666667 0.48148606012211254 0.0005015479792938672
loading 0.0010416666666666667 0.04575749056067514 4.766405266736994e-05
logo 0.0010416666666666667 0.04575749056067514 4.766405266736994e-05
registered 0.0010416666666666667 0.04575749056067514 4.766405266736994e-05
trademark 0.0010416666666666667 0.04575749056067514 4.766405266736994e-05
llc 0.0010416666666666667 0.04575749056067514 4.766405266736994e-05
close 0.004166666666666667 0.04575749056067514 0.00019065621066947976
