andrew 0.013566739606126914 0.7447274948966939 0.010103524000786656
jackson 0.04638949671772429 1.4814860601221125 0.06872539272338903
presidency 0.003938730853391685 0.4685210829577449 0.001845378444910155
fact 0.00175054704595186 0.14116214857141457 0.00024711098218190735
child 0.001312910284463895 0.2076083105017461 0.00027257108599791613
biography 0.004814004376367615 0.04575749056067514 0.00022027675981069
skip 0.000437636761487965 0.04575749056067514 2.0025159982789998e-05
main 0.000437636761487965 0.04575749056067514 2.0025159982789998e-05
content 0.000437636761487965 0.04575749056067514 2.0025159982789998e-05
people 0.00437636761487965 1.744727494896694 0.007635568905455991
nostalgia 0.001312910284463895 0.04575749056067514 6.007547994836999e-05
celebrity 0.001312910284463895 0.04575749056067514 6.007547994836999e-05
history 0.003938730853391685 0.04575749056067514 0.00018022643984510998
culture 0.001312910284463895 0.04575749056067514 6.007547994836999e-05
crime 0.001312910284463895 0.04575749056067514 6.007547994836999e-05
scandal 0.001312910284463895 0.04575749056067514 6.007547994836999e-05
video 0.003063457330415755 0.8696662315049939 0.0026641853919190184
contact 0.001312910284463895 0.04575749056067514 6.007547994836999e-05
u 0.00962800875273523 0.20065945054641832 0.0019319509461799577
advertise 0.00087527352297593 0.04575749056067514 4.0050319965579996e-05
privacy 0.001312910284463895 0.04575749056067514 6.007547994836999e-05
notice 0.00087527352297593 0.04575749056067514 4.0050319965579996e-05
term 0.003063457330415755 0.5406075122407692 0.0016561280462518094
use 0.002188183807439825 0.04575749056067514 0.00010012579991394999
copyright 0.00087527352297593 0.04575749056067514 4.0050319965579996e-05
policy 0.00350109409190372 0.7670038896078462 0.0026853527863732033
ad 0.00087527352297593 0.04575749056067514 4.0050319965579996e-05
choice 0.00087527352297593 0.04575749056067514 4.0050319965579996e-05
accessibility 0.00087527352297593 0.04575749056067514 4.0050319965579996e-05
support 0.002188183807439825 0.04575749056067514 0.00010012579991394999
setting 0.000437636761487965 0.04575749056067514 2.0025159982789998e-05
february 0.000437636761487965 0.04575749056067514 2.0025159982789998e-05
subscribe 0.00087527352297593 0.04575749056067514 4.0050319965579996e-05
newsletter 0.001312910284463895 0.04575749056067514 6.007547994836999e-05
photo 0.000437636761487965 0.12493873660829993 5.467778407365424e-05
universal 0.00087527352297593 1.045757490560675 0.0009153238429415099
archive 0.000437636761487965 1.0969100130080565 0.0004800481457365674
image 0.00087527352297593 0.2218487496163564 0.00019417833664451327
group 0.000437636761487965 0.37675070960209955 0.0001648799604385556
via 0.000437636761487965 0.5086383061657272 0.00022259882107909289
getty 0.000437636761487965 0.2291479883578558 0.00010028358352641392
quick 0.000437636761487965 0.07058107428570728 3.088887277273842e-05
name 0.001312910284463895 0.05551732784983141 7.288927069999748e-05
birth 0.001312910284463895 0.07058107428570728 9.266661831821526e-05
date 0.002188183807439825 0.07058107428570728 0.00015444436386369208
march 0.001312910284463895 0.27572413039921095 0.00036200104647598813
death 0.00437636761487965 1.3334820194451191 0.005835807524923934
june 0.001312910284463895 0.28399665636520083 0.00037286213089523086
know 0.001312910284463895 0.4559319556497244 0.0005985977535882596
president 0.018818380743982493 1.0213630516155257 0.019220398783136805
joined 0.00087527352297593 0.4685210829577449 0.00041008409886892337
military 0.003063457330415755 0.5528419686577808 0.0016936077814461556
fight 0.00087527352297593 0.5376020021010439 0.00047054879833789405
revolutionary 0.00175054704595186 1.1549019599857433 0.002021710214417056
war 0.00700218818380744 0.35654732351381263 0.0024966114556765873
age 0.00262582056892779 0.11350927482751813 0.00029805498860617453
first 0.006126914660831509 1.46344155742847 0.00896638153347859
ride 0.000437636761487965 1.3979400086720377 0.0006117899381496883
train 0.000437636761487965 1.0 0.000437636761487965
hometown 0.000437636761487965 1.1549019599857433 0.000505427553604264
waxhaws 0.001312910284463895 2.0 0.00262582056892779
border 0.00087527352297593 0.958607314841775 0.0008390436016120569
north 0.00175054704595186 0.6777807052660807 0.0011864870114067058
carolina 0.00437636761487965 2.795880017344075 0.012235798762993763
south 0.002188183807439825 0.40893539297350084 0.0008948258051936561
commander 0.000437636761487965 0.958607314841775 0.00041952180080602843
chief 0.001312910284463895 0.5686362358410126 0.0007465683621545023
whose 0.000437636761487965 0.7695510786217261 0.00033678384184758253
exact 0.00087527352297593 1.5228787452803376 0.0013329354444466851
state 0.010940919037199126 0.4930892744484819 0.0053948498298521
unknown 0.00087527352297593 1.0 0.00087527352297593
place 0.000437636761487965 0.07572071393811834 3.3138168025434725e-05
davidson 0.00087527352297593 2.0 0.00175054704595186
county 0.00087527352297593 0.8239087409443188 0.0007211455062969968
tennessee 0.003938730853391685 1.0 0.003938730853391685
nickname 0.002188183807439825 0.9208187539523752 0.0020149206869855035
old 0.00437636761487965 0.28399665636520083 0.0012428737696507694
hickory 0.003938730853391685 2.0 0.00787746170678337
vice 0.003063457330415755 0.5376020021010439 0.001646920794182629
john 0.00262582056892779 0.37675070960209955 0.0009892797626313335
c 0.004814004376367615 0.35654732351381263 0.001716420375777654
calhoun 0.002188183807439825 2.0 0.00437636761487965
duel 0.00175054704595186 2.0 0.00350109409190372
related 0.00087527352297593 0.7695510786217261 0.0006735676836951651
cite 0.000437636761487965 0.07058107428570728 3.088887277273842e-05
page 0.000437636761487965 0.07058107428570728 3.088887277273842e-05
quote 0.000437636761487965 0.3872161432802645 0.0001694600189410348
man 0.00262582056892779 0.37675070960209955 0.0009892797626313335
worth 0.001312910284463895 1.3010299956639813 0.0017081356617032577
salt 0.000437636761487965 1.6989700043360187 0.0007435317305628091
stick 0.000437636761487965 1.6989700043360187 0.0007435317305628091
belief 0.000437636761487965 1.3979400086720377 0.0006117899381496883
right 0.004814004376367615 0.39848321634998984 0.0019182999474178944
take 0.000437636761487965 1.3979400086720377 0.0006117899381496883
slightly 0.000437636761487965 1.5228787452803376 0.0006664677222233426
better 0.000437636761487965 0.638272163982407 0.00027933136279317594
acknowledge 0.000437636761487965 1.1549019599857433 0.000505427553604264
instantly 0.000437636761487965 2.0 0.00087527352297593
without 0.003063457330415755 0.7695510786217261 0.002357486892933078
reservation 0.000437636761487965 2.0 0.00087527352297593
error 0.000437636761487965 2.0 0.00087527352297593
general 0.00262582056892779 0.4559319556497244 0.0011971955071765192
government 0.00262582056892779 0.494850021680094 0.0012993873654619536
encroaches 0.000437636761487965 2.0 0.00087527352297593
upon 0.00175054704595186 0.721246399047171 0.0012625757532554417
proportion 0.000437636761487965 2.0 0.00087527352297593
impair 0.000437636761487965 2.0 0.00087527352297593
power 0.00262582056892779 0.5376020021010439 0.001411646395013682
detract 0.000437636761487965 2.0 0.00087527352297593
ability 0.000437636761487965 0.7958800173440752 0.0003483063533234465
fulfill 0.000437636761487965 1.0969100130080565 0.0004800481457365674
purpose 0.000437636761487965 1.6989700043360187 0.0007435317305628091
creation 0.000437636761487965 0.853871964321762 0.0003736857611911431
seen 0.000437636761487965 0.619788758288394 0.00027124234498397985
waged 0.000437636761487965 2.0 0.00087527352297593
knife 0.000437636761487965 1.6989700043360187 0.0007435317305628091
tomahawk 0.000437636761487965 1.6989700043360187 0.0007435317305628091
held 0.00087527352297593 0.48148606012211254 0.0004214320001068819
head 0.000437636761487965 1.3010299956639813 0.0005693785539010859
woman 0.000437636761487965 0.3979400086720376 0.00017415317666172325
peaceable 0.000437636761487965 2.0 0.00087527352297593
citizen 0.00087527352297593 0.721246399047171 0.0006312878766277208
murdered 0.000437636761487965 1.0969100130080565 0.0004800481457365674
time 0.00175054704595186 0.4791236183116582 0.0008387284346812397
make 0.00175054704595186 1.3080348972326397 0.002289776625352542
resistance 0.000437636761487965 1.2218487496163564 0.0005347259298102217
must 0.001312910284463895 0.8239087409443188 0.001081718259445495
victorious 0.00087527352297593 2.0 0.00175054704595186
conquer 0.000437636761487965 2.0 0.00087527352297593
men 0.00087527352297593 0.6777807052660807 0.0005932435057033529
owe 0.000437636761487965 2.0 0.00087527352297593
nothing 0.000437636761487965 0.958607314841775 0.00041952180080602843
chance 0.000437636761487965 0.853871964321762 0.0003736857611911431
midst 0.000437636761487965 1.3979400086720377 0.0006117899381496883
victory 0.00175054704595186 0.5686362358410126 0.0009954244828726698
still 0.00087527352297593 0.431798275933005 0.000377941598190814
mindful 0.000437636761487965 2.0 0.00087527352297593
due 0.000437636761487965 0.6777807052660807 0.00029662175285167646
humanity 0.000437636761487965 1.2218487496163564 0.0005347259298102217
high 0.001312910284463895 0.27572413039921095 0.00036200104647598813
standing 0.00087527352297593 1.0 0.00087527352297593
attempt 0.001312910284463895 1.540607512240769 0.0020226794471432416
trample 0.000437636761487965 2.0 0.00087527352297593
weak 0.000437636761487965 1.2218487496163564 0.0005347259298102217
fittest 0.000437636761487965 2.0 0.00087527352297593
object 0.000437636761487965 1.6989700043360187 0.0007435317305628091
example 0.000437636761487965 1.3979400086720377 0.0006117899381496883
punishment 0.000437636761487965 1.2218487496163564 0.0005347259298102217
great 0.000437636761487965 0.5228787452803376 0.00022883096073537753
protect 0.000437636761487965 0.721246399047171 0.0003156439383138604
poor 0.000437636761487965 0.7958800173440752 0.0003483063533234465
humble 0.000437636761487965 1.3979400086720377 0.0006117899381496883
require 0.000437636761487965 1.3010299956639813 0.0005693785539010859
arm 0.00087527352297593 2.744727494896694 0.0024023873040671284
shield 0.000437636761487965 1.5228787452803376 0.0006664677222233426
law 0.002188183807439825 1.2873502983727887 0.002816959077402163
individual 0.00175054704595186 0.8239087409443188 0.0014422910125939936
refuse 0.000437636761487965 1.6989700043360187 0.0007435317305628091
defend 0.000437636761487965 0.853871964321762 0.0003736857611911431
called 0.002188183807439825 0.3010299956639812 0.0006587089620656043
deserves 0.000437636761487965 1.6989700043360187 0.0007435317305628091
slave 0.00087527352297593 3.6989700043360187 0.0032376105070774782
punished 0.000437636761487965 1.6989700043360187 0.0007435317305628091
enemy 0.000437636761487965 1.1549019599857433 0.000505427553604264
country 0.00175054704595186 0.27572413039921095 0.0004826680619679842
friend 0.000437636761487965 0.638272163982407 0.00027933136279317594
foe 0.000437636761487965 2.0 0.00087527352297593
die 0.000437636761487965 1.0 0.000437636761487965
last 0.001312910284463895 0.0655015487564323 8.599765701063322e-05
ditch 0.000437636761487965 1.5228787452803376 0.0006664677222233426
would 0.00262582056892779 0.2291479883578558 0.0006017015011584835
yield 0.000437636761487965 2.0 0.00087527352297593
foot 0.000437636761487965 1.5228787452803376 0.0006664677222233426
see 0.001312910284463895 0.04575749056067514 6.007547994836999e-05
union 0.00087527352297593 0.7447274948966939 0.0006518402581152682
disunited 0.000437636761487965 2.0 0.00087527352297593
obedience 0.000437636761487965 2.0 0.00087527352297593
order 0.001312910284463895 1.494850021680094 0.0019626039671948718
discipline 0.000437636761487965 1.2218487496163564 0.0005347259298102217
effort 0.000437636761487965 0.5376020021010439 0.00023527439916894703
vain 0.000437636761487965 2.0 0.00087527352297593
brave 0.000437636761487965 1.5228787452803376 0.0006664677222233426
inattentive 0.000437636761487965 2.0 0.00087527352297593
duty 0.000437636761487965 0.958607314841775 0.00041952180080602843
little 0.00087527352297593 0.6989700043360189 0.0006117899381496883
coward 0.000437636761487965 1.6989700043360187 0.0007435317305628091
desert 0.000437636761487965 1.6989700043360187 0.0007435317305628091
hour 0.000437636761487965 1.2218487496163564 0.0005347259298102217
danger 0.000437636761487965 1.3979400086720377 0.0006117899381496883
instrumental 0.000437636761487965 1.1549019599857433 0.000505427553604264
deliverance 0.000437636761487965 2.0 0.00087527352297593
greatest 0.00087527352297593 0.6777807052660807 0.0005932435057033529
blessing 0.000437636761487965 2.0 0.00087527352297593
heaven 0.000437636761487965 1.5228787452803376 0.0006664677222233426
could 0.00175054704595186 0.4202164033831899 0.0007356085836029583
confer 0.000437636761487965 2.0 0.00087527352297593
long 0.001312910284463895 0.4559319556497244 0.0005985977535882596
administered 0.000437636761487965 1.3979400086720377 0.0006117899381496883
good 0.000437636761487965 0.585026652029182 0.00025602916937819784
regulated 0.000437636761487965 1.6989700043360187 0.0007435317305628091
secures 0.000437636761487965 2.0 0.00087527352297593
person 0.00437636761487965 0.05060999335508724 0.00022148793590847808
property 0.000437636761487965 1.3010299956639813 0.0005693785539010859
liberty 0.00175054704595186 0.958607314841775 0.0016780872032241137
conscience 0.000437636761487965 1.5228787452803376 0.0006664677222233426
press 0.00087527352297593 0.7958800173440752 0.000696612706646893
defending 0.000437636761487965 1.3979400086720377 0.0006117899381496883
station 0.000437636761487965 1.3010299956639813 0.0005693785539010859
occupy 0.000437636761487965 2.0 0.00087527352297593
deep 0.000437636761487965 0.8860566476931633 0.00038777096179131874
sense 0.000437636761487965 1.045757490560675 0.00045766192147075495
arduous 0.000437636761487965 2.0 0.00087527352297593
responsibility 0.000437636761487965 1.1549019599857433 0.000505427553604264
strong 0.001312910284463895 0.7958800173440752 0.0010449190599703395
distrust 0.000437636761487965 2.0 0.00087527352297593
obeyed 0.000437636761487965 1.6989700043360187 0.0007435317305628091
call 0.000437636761487965 0.6989700043360189 0.00030589496907484416
one 0.0056892778993435445 0.08092190762392613 0.0004603872206175228
courage 0.000437636761487965 0.958607314841775 0.00041952180080602843
majority 0.00087527352297593 0.7447274948966939 0.0006518402581152682
bank 0.003938730853391685 2.0 0.00787746170678337
trying 0.000437636761487965 1.0 0.000437636761487965
kill 0.00087527352297593 1.3979400086720377 0.0012235798762993766
elevate 0.000437636761487965 2.0 0.00087527352297593
gun 0.00087527352297593 2.408935392973501 0.0021084773680293224
lower 0.000437636761487965 0.958607314841775 0.00041952180080602843
publish 0.000437636761487965 0.07058107428570728 3.088887277273842e-05
nov 0.000437636761487965 1.045757490560675 0.00045766192147075495
comment 0.00087527352297593 0.07058107428570728 6.177774554547684e-05
seventh 0.00087527352297593 1.0 0.00087527352297593
united 0.00700218818380744 0.18708664335714445 0.0013100158834635936
known 0.002188183807439825 0.06048074738138145 0.00013234299208179746
founding 0.001312910284463895 0.6777807052660807 0.0008898652585550294
democratic 0.00262582056892779 0.3872161432802645 0.0010167601136462088
party 0.00437636761487965 0.3979400086720376 0.0017415317666172323
lawyer 0.000437636761487965 0.48148606012211254 0.00021071600005344096
landowner 0.00087527352297593 1.6989700043360187 0.0014870634611256182
xa 0.01312910284463895 0.17392519729917358 0.00228348180261497
became 0.003938730853391685 0.07572071393811834 0.0002982435122289125
national 0.001312910284463895 0.3010299956639812 0.0003952253772393626
hero 0.00087527352297593 1.2218487496163564 0.0010694518596204433
defeating 0.000437636761487965 1.3010299956639813 0.0005693785539010859
british 0.00437636761487965 0.6989700043360189 0.003058949690748441
battle 0.00262582056892779 0.721246399047171 0.0018938636298831625
new 0.004814004376367615 0.14266750356873154 0.0006868019865453159
orleans 0.001312910284463895 1.3979400086720377 0.0018353698144490647
elected 0.001312910284463895 0.3665315444204135 0.0004812230342499959
destroyed 0.000437636761487965 2.0 0.00087527352297593
second 0.00350109409190372 0.19382002601611284 0.000678582147977638
founded 0.000437636761487965 0.619788758288394 0.00027124234498397985
supported 0.001312910284463895 0.6989700043360189 0.0009176849072245324
instituted 0.000437636761487965 1.3979400086720377 0.0006117899381496883
resulted 0.002188183807439825 0.8860566476931633 0.0019388548089565936
forced 0.00087527352297593 0.721246399047171 0.0006312878766277208
migration 0.000437636761487965 2.0 0.00087527352297593
native 0.002188183807439825 1.2218487496163564 0.002673629649051108
american 0.00525164113785558 0.6552148773673394 0.0034409534041173187
died 0.003938730853391685 0.31875876262441283 0.0012555049731377312
early 0.00087527352297593 0.07572071393811834 6.627633605086945e-05
life 0.002188183807439825 0.13679614097137055 0.00029933510059380864
born 0.00087527352297593 0.09151498112135023 8.010063993115994e-05
elizabeth 0.000437636761487965 0.7695510786217261 0.00033678384184758253
hutchinson 0.000437636761487965 2.0 0.00087527352297593
scot 0.000437636761487965 2.0 0.00087527352297593
irish 0.000437636761487965 1.3010299956639813 0.0005693785539010859
colonist 0.000437636761487965 1.6989700043360187 0.0007435317305628091
emigrated 0.000437636761487965 1.6989700043360187 0.0007435317305628091
ireland 0.000437636761487965 1.6989700043360187 0.0007435317305628091
though 0.00087527352297593 0.3665315444204135 0.00032081535616666394
birthplace 0.000437636761487965 1.5228787452803376 0.0006664677222233426
presumed 0.000437636761487965 2.0 0.00087527352297593
uncle 0.00087527352297593 1.6989700043360187 0.0014870634611256182
house 0.00437636761487965 1.4828041020500258 0.006489295851422432
remote 0.000437636761487965 1.6989700043360187 0.0007435317305628091
region 0.000437636761487965 1.2218487496163564 0.0005347259298102217
straddle 0.000437636761487965 2.0 0.00087527352297593
location 0.000437636761487965 1.2218487496163564 0.0005347259298102217
since 0.000437636761487965 0.3372421683184259 0.00014758957038005512
precise 0.000437636761487965 2.0 0.00087527352297593
yet 0.000437636761487965 0.6777807052660807 0.00029662175285167646
surveyed 0.000437636761487965 2.0 0.00087527352297593
came 0.00175054704595186 0.3010299956639812 0.0005269671696524835
three 0.00175054704595186 0.2076083105017461 0.00036342811466388814
week 0.001312910284463895 0.7695510786217261 0.0010103515255427476
sudden 0.000437636761487965 1.5228787452803376 0.0006664677222233426
father 0.001312910284463895 0.14874165128092467 0.00019528444369486828
growing 0.000437636761487965 0.585026652029182 0.00025602916937819784
poverty 0.000437636761487965 1.1549019599857433 0.000505427553604264
wilderness 0.000437636761487965 2.0 0.00087527352297593
received 0.00087527352297593 0.28399665636520083 0.0002485747539301539
erratic 0.000437636761487965 2.0 0.00087527352297593
education 0.000437636761487965 0.19382002601611284 8.482276849720475e-05
year 0.003063457330415755 0.24995468798823245 0.0007657255211893335
older 0.000437636761487965 0.721246399047171 0.0003156439383138604
brother 0.003063457330415755 1.2907300390241692 0.0039540963996364045
hugh 0.000437636761487965 2.0 0.00087527352297593
stono 0.000437636761487965 2.0 0.00087527352297593
ferry 0.000437636761487965 1.6989700043360187 0.0007435317305628091
future 0.000437636761487965 0.721246399047171 0.0003156439383138604
local 0.000437636761487965 0.6989700043360189 0.00030589496907484416
militia 0.00087527352297593 1.5228787452803376 0.0013329354444466851
served 0.001312910284463895 0.2676062401770315 0.00035134298491513983
patriot 0.000437636761487965 1.3979400086720377 0.0006117899381496883
courier 0.000437636761487965 2.0 0.00087527352297593
captured 0.00175054704595186 1.3010299956639813 0.0022775142156043434
along 0.00175054704595186 0.4202164033831899 0.0007356085836029583
robert 0.001312910284463895 0.5528419686577808 0.0007258319063340666
left 0.001312910284463895 0.2924298239020636 0.0003839341232849851
permanent 0.000437636761487965 1.0969100130080565 0.0004800481457365674
scar 0.000437636761487965 2.0 0.00087527352297593
imprisonment 0.000437636761487965 1.3979400086720377 0.0006117899381496883
officer 0.000437636761487965 1.0969100130080565 0.0004800481457365674
gashed 0.000437636761487965 2.0 0.00087527352297593
hand 0.000437636761487965 0.7958800173440752 0.0003483063533234465
slashed 0.000437636761487965 2.0 0.00087527352297593
face 0.000437636761487965 0.7958800173440752 0.0003483063533234465
sword 0.000437636761487965 2.0 0.00087527352297593
young 0.001312910284463895 0.3010299956639812 0.0003952253772393626
boy 0.000437636761487965 0.7958800173440752 0.0003483063533234465
refused 0.00087527352297593 0.7447274948966939 0.0006518402581152682
polish 0.000437636761487965 2.0 0.00087527352297593
redcoat 0.000437636761487965 2.0 0.00087527352297593
boot 0.000437636761487965 1.6989700043360187 0.0007435317305628091
captivity 0.000437636761487965 1.6989700043360187 0.0007435317305628091
contracted 0.00087527352297593 1.3979400086720377 0.0012235798762993766
smallpox 0.000437636761487965 2.0 0.00087527352297593
recover 0.000437636761487965 1.3979400086720377 0.0006117899381496883
orphaned 0.00087527352297593 2.0 0.00175054704595186
day 0.00175054704595186 0.7013652168755644 0.0012277728085349048
authority 0.00087527352297593 2.5228787452803374 0.002208208967422615
released 0.00087527352297593 0.3010299956639812 0.00026348358482624175
prisoner 0.000437636761487965 1.6989700043360187 0.0007435317305628091
exchange 0.000437636761487965 1.045757490560675 0.00045766192147075495
arranged 0.000437636761487965 1.3979400086720377 0.0006117899381496883
mother 0.001312910284463895 0.21467016498923297 0.00028184266738192514
cholera 0.000437636761487965 2.0 0.00087527352297593
nursed 0.000437636761487965 2.0 0.00087527352297593
sick 0.000437636761487965 1.3979400086720377 0.0006117899381496883
injured 0.000437636761487965 1.0969100130080565 0.0004800481457365674
soldier 0.00087527352297593 1.6989700043360187 0.0014870634611256182
family 0.000437636761487965 0.11918640771920867 5.2160353487618674e-05
member 0.001312910284463895 0.8386319977650252 0.0011010485747462036
led 0.00262582056892779 0.37675070960209955 0.0009892797626313335
lifelong 0.000437636761487965 1.3979400086720377 0.0006117899381496883
antipathy 0.00087527352297593 2.0 0.00175054704595186
raised 0.000437636761487965 0.585026652029182 0.00025602916937819784
began 0.00087527352297593 0.20065945054641826 0.0001756319041981779
studying 0.000437636761487965 1.0 0.000437636761487965
salisbury 0.000437636761487965 2.0 0.00087527352297593
late 0.000437636761487965 0.3665315444204135 0.00016040767808333197
teen 0.000437636761487965 1.1549019599857433 0.000505427553604264
admitted 0.000437636761487965 0.7958800173440752 0.0003483063533234465
bar 0.000437636761487965 1.3979400086720377 0.0006117899381496883
soon 0.000437636761487965 0.40893539297350084 0.00017896516103873124
appointed 0.001312910284463895 0.6777807052660807 0.0008898652585550294
prosecuting 0.000437636761487965 2.0 0.00087527352297593
attorney 0.00087527352297593 0.494850021680094 0.0004331291218206512
western 0.000437636761487965 1.3010299956639813 0.0005693785539010859
district 0.000437636761487965 0.721246399047171 0.0003156439383138604
area 0.000437636761487965 0.7447274948966939 0.0003259201290576341
part 0.000437636761487965 0.3372421683184259 0.00014758957038005512
moved 0.000437636761487965 0.3872161432802645 0.0001694600189410348
frontier 0.00087527352297593 2.0 0.00175054704595186
settlement 0.000437636761487965 1.5228787452803376 0.0006664677222233426
nashville 0.001312910284463895 1.2218487496163564 0.0016041777894306648
eventually 0.00087527352297593 0.3979400086720376 0.0003483063533234465
wealthy 0.000437636761487965 0.958607314841775 0.00041952180080602843
money 0.00175054704595186 0.6575773191777938 0.0011511200335716303
accumulated 0.000437636761487965 1.5228787452803376 0.0006664677222233426
thriving 0.000437636761487965 1.3010299956639813 0.0005693785539010859
practice 0.000437636761487965 0.9208187539523752 0.00040298413739710075
convention 0.00087527352297593 0.9208187539523752 0.0008059682747942015
established 0.000437636761487965 0.7447274948966939 0.0003259201290576341
constitution 0.000437636761487965 0.853871964321762 0.0003736857611911431
representative 0.001312910284463895 1.4814860601221125 0.0019450582846242176
senate 0.001312910284463895 0.5686362358410126 0.0007465683621545023
following 0.002188183807439825 0.2518119729937996 0.0005510108818245068
resigned 0.000437636761487965 0.9208187539523752 0.00040298413739710075
serving 0.00087527352297593 0.48148606012211254 0.0004214320001068819
eight 0.000437636761487965 0.6989700043360189 0.00030589496907484416
month 0.00175054704595186 1.016824927962187 0.0017799998738944195
circuit 0.000437636761487965 1.0 0.000437636761487965
judge 0.000437636761487965 0.585026652029182 0.00025602916937819784
superior 0.000437636761487965 1.3979400086720377 0.0006117899381496883
court 0.00175054704595186 0.4202164033831899 0.0007356085836029583
position 0.00087527352297593 0.619788758288394 0.0005424846899679597
career 0.001312910284463895 0.17392519729917358 0.00022834818026149704
although 0.002188183807439825 0.431798275933005 0.0009448539954770351
lacked 0.00087527352297593 1.3979400086720377 0.0012235798762993766
experience 0.000437636761487965 0.619788758288394 0.00027124234498397985
major 0.001312910284463895 0.4202164033831899 0.0005517064377022187
troop 0.001312910284463895 1.0 0.001312910284463895
five 0.00087527352297593 0.48148606012211254 0.0004214320001068819
campaign 0.003063457330415755 0.3872161432802645 0.0011862201325872435
allied 0.000437636761487965 1.3010299956639813 0.0005693785539010859
creek 0.00087527352297593 2.0 0.00175054704595186
indian 0.00175054704595186 2.9208187539523753 0.0051130306414921235
massacred 0.000437636761487965 2.0 0.00087527352297593
hundred 0.000437636761487965 1.045757490560675 0.00045766192147075495
settler 0.000437636761487965 2.0 0.00087527352297593
fort 0.000437636761487965 1.5228787452803376 0.0006664677222233426
mims 0.000437636761487965 2.0 0.00087527352297593
present 0.00087527352297593 1.2218487496163564 0.0010694518596204433
alabama 0.001312910284463895 0.7447274948966939 0.0009777603871729023
culminated 0.000437636761487965 1.6989700043360187 0.0007435317305628091
horseshoe 0.000437636761487965 2.0 0.00087527352297593
bend 0.000437636761487965 1.3010299956639813 0.0005693785539010859
killing 0.000437636761487965 1.045757490560675 0.00045766192147075495
warrior 0.000437636761487965 1.5228787452803376 0.0006664677222233426
eventual 0.000437636761487965 1.2218487496163564 0.0005347259298102217
procurement 0.000437636761487965 2.0 0.00087527352297593
million 0.00087527352297593 0.5228787452803376 0.00045766192147075505
acre 0.00087527352297593 1.6989700043360187 0.0014870634611256182
land 0.002188183807439825 2.2518119729937998 0.004927378496704157
georgia 0.001312910284463895 0.721246399047171 0.0009469318149415813
success 0.00087527352297593 0.431798275933005 0.000377941598190814
promoted 0.00087527352297593 0.8860566476931633 0.0007755419235826375
specific 0.000437636761487965 1.3010299956639813 0.0005693785539010859
instruction 0.000437636761487965 1.5228787452803376 0.0006664677222233426
force 0.001312910284463895 1.543633966870957 0.0020266529105526787
spanish 0.00087527352297593 1.2218487496163564 0.0010694518596204433
territory 0.00175054704595186 3.6989700043360187 0.0064752210141549565
florida 0.002188183807439825 0.7447274948966939 0.0016296006452881703
outpost 0.000437636761487965 2.0 0.00087527352297593
pensacola 0.00087527352297593 2.0 0.00175054704595186
november 0.001312910284463895 0.24412514432750856 0.0003205144126838187
pursuing 0.000437636761487965 1.0969100130080565 0.0004800481457365674
skirmish 0.000437636761487965 2.0 0.00087527352297593
december 0.001312910284463895 0.40893539297350084 0.0005368954831161937
two 0.00350109409190372 0.11918640771920867 0.0004172828279009494
side 0.000437636761487965 0.9208187539523752 0.00040298413739710075
clashed 0.000437636761487965 1.6989700043360187 0.0007435317305628091
january 0.00087527352297593 0.2676062401770315 0.0002342286566100932
outnumbered 0.000437636761487965 1.5228787452803376 0.0006664677222233426
nearly 0.00087527352297593 0.721246399047171 0.0006312878766277208
unexpected 0.000437636761487965 1.5228787452803376 0.0006664677222233426
engagement 0.000437636761487965 1.0969100130080565 0.0004800481457365674
dubbed 0.000437636761487965 1.1549019599857433 0.000505427553604264
thanks 0.000437636761487965 1.6989700043360187 0.0007435317305628091
congress 0.002188183807439825 0.4202164033831899 0.0009195107295036977
gold 0.001312910284463895 0.853871964321762 0.0011210572835734295
medal 0.000437636761487965 0.6575773191777938 0.0002877800083929076
also 0.00350109409190372 0.0861861476162833 0.00030174581222331136
popular 0.001312910284463895 0.4685210829577449 0.000615126148303385
among 0.00087527352297593 0.35654732351381263 0.0003120764319595734
said 0.000437636761487965 0.2518119729937996 0.00011020217636490136
tough 0.000437636761487965 0.8860566476931633 0.00038777096179131874
wood 0.000437636761487965 2.0 0.00087527352297593
battlefield 0.00087527352297593 2.0 0.00175054704595186
earning 0.000437636761487965 0.6989700043360189 0.00030589496907484416
given 0.000437636761487965 0.6777807052660807 0.00029662175285167646
command 0.00087527352297593 1.3979400086720377 0.0012235798762993766
army 0.00087527352297593 0.7695510786217261 0.0006735676836951651
southern 0.000437636761487965 0.6575773191777938 0.0002877800083929076
division 0.000437636761487965 1.2218487496163564 0.0005347259298102217
ordered 0.000437636761487965 0.9208187539523752 0.00040298413739710075
back 0.000437636761487965 0.4202164033831899 0.00018390214590073957
service 0.00087527352297593 0.5086383061657272 0.00044519764215818577
seminole 0.000437636761487965 2.0 0.00087527352297593
end 0.000437636761487965 0.44369749923271273 0.00019417833664451325
perhaps 0.00087527352297593 1.1549019599857433 0.001010855107208528
exceeding 0.000437636761487965 2.0 0.00087527352297593
invaded 0.000437636761487965 2.0 0.00087527352297593
controlled 0.000437636761487965 0.8239087409443188 0.0003605727531484984
st 0.000437636761487965 0.721246399047171 0.0003156439383138604
mark 0.000437636761487965 0.958607314841775 0.00041952180080602843
executed 0.000437636761487965 1.5228787452803376 0.0006664677222233426
subject 0.000437636761487965 2.0 0.00087527352297593
secretly 0.000437636761487965 1.3979400086720377 0.0006117899381496883
assisting 0.000437636761487965 1.6989700043360187 0.0007435317305628091
overthrew 0.000437636761487965 2.0 0.00087527352297593
west 0.001312910284463895 0.7695510786217261 0.0010103515255427476
governor 0.00175054704595186 0.6575773191777938 0.0011511200335716303
jos 0.000437636761487965 2.0 0.00087527352297593
xe 0.000437636761487965 0.853871964321762 0.0003736857611911431
masot 0.000437636761487965 2.0 0.00087527352297593
adam 0.003063457330415755 1.2218487496163564 0.003743081508671551
oni 0.00087527352297593 2.0 0.00175054704595186
treaty 0.00175054704595186 3.0969100130080562 0.005421286674849989
action 0.000437636761487965 0.6777807052660807 0.00029662175285167646
drew 0.000437636761487965 0.8239087409443188 0.0003605727531484984
diplomatic 0.000437636761487965 1.1549019599857433 0.000505427553604264
rebuke 0.000437636761487965 1.5228787452803376 0.0006664677222233426
spain 0.00087527352297593 2.0 0.00175054704595186
many 0.002188183807439825 0.28399665636520083 0.0006214368848253847
cabinet 0.000437636761487965 0.958607314841775 0.00041952180080602843
james 0.00087527352297593 0.6020599913279624 0.0005269671696524835
monroe 0.000437636761487965 1.5228787452803376 0.0006664677222233426
censure 0.000437636761487965 2.0 0.00087527352297593
secretary 0.00175054704595186 0.638272163982407 0.0011173254511727038
quincy 0.00087527352297593 1.3010299956639813 0.0011387571078021717
defense 0.000437636761487965 0.7695510786217261 0.00033678384184758253
ceded 0.000437636761487965 1.6989700043360187 0.0007435317305628091
post 0.000437636761487965 0.6989700043360189 0.00030589496907484416
several 0.00087527352297593 0.32790214206428253 0.00028700406307595846
senator 0.000437636761487965 0.5228787452803376 0.00022883096073537753
exploit 0.000437636761487965 2.0 0.00087527352297593
made 0.000437636761487965 0.1804560644581313 7.897420764032005e-05
rising 0.000437636761487965 0.8860566476931633 0.00038777096179131874
political 0.002188183807439825 0.3098039199714864 0.0006779079211629899
star 0.000437636761487965 0.32790214206428253 0.00014350203153797923
legislature 0.000437636761487965 1.045757490560675 0.00045766192147075495
nominated 0.00175054704595186 0.853871964321762 0.0014947430447645725
boost 0.000437636761487965 1.6989700043360187 0.0007435317305628091
credential 0.000437636761487965 2.0 0.00087527352297593
ran 0.00087527352297593 0.48148606012211254 0.0004214320001068819
election 0.003938730853391685 0.44369749923271273 0.0017476050298006192
faction 0.000437636761487965 1.5228787452803376 0.0006664677222233426
rallied 0.000437636761487965 2.0 0.00087527352297593
around 0.000437636761487965 0.4559319556497244 0.00019953258452941986
x 0.00700218818380744 0.4559319556497244 0.003192521352470718
pennsylvania 0.000437636761487965 0.8860566476931633 0.00038777096179131874
vote 0.002188183807439825 1.5590909179347823 0.0034115775009513835
candidate 0.00087527352297593 0.585026652029182 0.0005120583387563957
gained 0.000437636761487965 0.853871964321762 0.0003736857611911431
electoral 0.00175054704595186 1.0 0.00175054704595186
college 0.00087527352297593 0.40893539297350084 0.0003579303220774625
threw 0.000437636761487965 1.0969100130080565 0.0004800481457365674
speaker 0.000437636761487965 0.7447274948966939 0.0003259201290576341
henry 0.00087527352297593 1.0969100130080565 0.0009600962914731348
clay 0.002188183807439825 1.5228787452803376 0.0033323386111167126
finished 0.000437636761487965 1.045757490560675 0.00045766192147075495
fourth 0.000437636761487965 0.721246399047171 0.0003156439383138604
pledged 0.000437636761487965 1.1549019599857433 0.000505427553604264
primary 0.000437636761487965 0.7695510786217261 0.00033678384184758253
opponent 0.003063457330415755 2.113509274827518 0.006474645480872047
emerged 0.00087527352297593 1.2218487496163564 0.0010694518596204433
accepted 0.000437636761487965 0.619788758288394 0.00027124234498397985
defeat 0.000437636761487965 1.0 0.000437636761487965
named 0.000437636761487965 0.494850021680094 0.0002165645609103256
backer 0.000437636761487965 2.0 0.00087527352297593
decried 0.000437636761487965 1.5228787452803376 0.0006664677222233426
saw 0.001312910284463895 0.6989700043360189 0.0009176849072245324
backroom 0.000437636761487965 2.0 0.00087527352297593
deal 0.00087527352297593 0.5528419686577808 0.0004838879375560445
corrupt 0.00087527352297593 2.0 0.00175054704595186
bargain 0.000437636761487965 1.6989700043360187 0.0007435317305628091
bruising 0.000437636761487965 2.0 0.00087527352297593
presidential 0.00262582056892779 0.3665315444204135 0.0009624460684999918
running 0.000437636761487965 0.721246399047171 0.0003156439383138604
mate 0.000437636761487965 1.0 0.000437636761487965
landslide 0.000437636761487965 1.3979400086720377 0.0006117899381496883
executive 0.000437636761487965 0.5528419686577808 0.00024194396877802224
resided 0.000437636761487965 2.0 0.00087527352297593
outside 0.000437636761487965 0.6989700043360189 0.00030589496907484416
either 0.000437636761487965 1.1549019599857433 0.000505427553604264
massachusetts 0.000437636761487965 0.7695510786217261 0.00033678384184758253
virginia 0.000437636761487965 0.8239087409443188 0.0003605727531484984
invite 0.000437636761487965 1.6989700043360187 0.0007435317305628091
public 0.001312910284463895 0.2596373105057561 0.0003408804951935529
attend 0.000437636761487965 0.7958800173440752 0.0003483063533234465
inauguration 0.00087527352297593 1.0 0.00087527352297593
ball 0.000437636761487965 1.3979400086720377 0.0006117899381496883
white 0.001312910284463895 0.3872161432802645 0.0005083800568231044
quickly 0.000437636761487965 0.619788758288394 0.00027124234498397985
earned 0.00175054704595186 0.40893539297350084 0.000715860644154925
popularity 0.00087527352297593 1.3010299956639813 0.0011387571078021717
crowd 0.00087527352297593 1.2218487496163564 0.0010694518596204433
arrived 0.00087527352297593 1.0 0.00087527352297593
large 0.000437636761487965 0.8860566476931633 0.00038777096179131874
furniture 0.000437636761487965 2.0 0.00087527352297593
dish 0.000437636761487965 2.0 0.00087527352297593
broken 0.000437636761487965 1.0969100130080565 0.0004800481457365674
jostled 0.000437636761487965 2.0 0.00087527352297593
another 0.00087527352297593 0.40893539297350084 0.0003579303220774625
get 0.000437636761487965 0.44369749923271273 0.00019417833664451325
look 0.00087527352297593 0.07058107428570728 6.177774554547684e-05
event 0.00087527352297593 0.721246399047171 0.0006312878766277208
king 0.001312910284463895 0.4685210829577449 0.000615126148303385
mob 0.000437636761487965 1.3010299956639813 0.0005693785539010859
accomplishment 0.000437636761487965 0.8860566476931633 0.00038777096179131874
negative 0.000437636761487965 1.3010299956639813 0.0005693785539010859
reaction 0.000437636761487965 1.3979400086720377 0.0006117899381496883
decision 0.002188183807439825 1.9829666607012197 0.004339095537639431
nomination 0.00087527352297593 0.5086383061657272 0.00044519764215818577
next 0.001312910284463895 0.07058107428570728 9.266661831821526e-05
split 0.000437636761487965 0.9208187539523752 0.00040298413739710075
republican 0.000437636761487965 0.6777807052660807 0.00029662175285167646
grassroots 0.000437636761487965 1.3010299956639813 0.0005693785539010859
supporter 0.002188183807439825 2.318758762624413 0.005073870377733945
democrat 0.000437636761487965 0.7695510786217261 0.00033678384184758253
form 0.000437636761487965 0.7447274948966939 0.0003259201290576341
nicknamed 0.000437636761487965 0.9208187539523752 0.00040298413739710075
jackass 0.000437636761487965 2.0 0.00087527352297593
moniker 0.000437636761487965 1.5228787452803376 0.0006664677222233426
took 0.000437636761487965 0.28399665636520083 0.00012428737696507696
liking 0.000437636761487965 2.0 0.00087527352297593
much 0.00087527352297593 0.37675070960209955 0.0003297599208771112
decided 0.000437636761487965 0.494850021680094 0.0002165645609103256
symbol 0.00087527352297593 1.1549019599857433 0.001010855107208528
donkey 0.000437636761487965 2.0 0.00087527352297593
represent 0.000437636761487965 1.045757490560675 0.00045766192147075495
later 0.00175054704595186 0.09151498112135023 0.00016020127986231988
become 0.000437636761487965 0.3372421683184259 0.00014758957038005512
emblem 0.000437636761487965 2.0 0.00087527352297593
veto 0.001312910284463895 1.3010299956639813 0.0017081356617032577
becoming 0.000437636761487965 0.3372421683184259 0.00014758957038005512
submit 0.000437636761487965 1.3979400086720377 0.0006117899381496883
making 0.000437636761487965 0.3979400086720376 0.00017415317666172325
assume 0.000437636761487965 1.3979400086720377 0.0006117899381496883
prior 0.000437636761487965 0.853871964321762 0.0003736857611911431
rejected 0.00087527352297593 1.1549019599857433 0.001010855107208528
bill 0.00087527352297593 1.8181564120552276 0.0015913841681008557
believed 0.003063457330415755 0.6020599913279624 0.0018443850937836922
unconstitutional 0.000437636761487965 1.1549019599857433 0.000505427553604264
set 0.000437636761487965 0.494850021680094 0.0002165645609103256
precedent 0.000437636761487965 1.6989700043360187 0.0007435317305628091
wielding 0.000437636761487965 1.6989700043360187 0.0007435317305628091
pen 0.000437636761487965 1.5228787452803376 0.0006664677222233426
matter 0.000437636761487965 0.853871964321762 0.0003736857611911431
upset 0.000437636761487965 1.1549019599857433 0.000505427553604264
result 0.00087527352297593 1.8153085691824011 0.001588891526636675
giving 0.000437636761487965 1.0 0.000437636761487965
elect 0.00087527352297593 0.8860566476931633 0.0007755419235826375
abolishing 0.000437636761487965 1.6989700043360187 0.0007435317305628091
garnering 0.000437636761487965 1.5228787452803376 0.0006664677222233426
campaigning 0.000437636761487965 1.1549019599857433 0.000505427553604264
corruption 0.000437636761487965 1.6989700043360187 0.0007435317305628091
widely 0.00087527352297593 1.1549019599857433 0.001010855107208528
replace 0.000437636761487965 1.0969100130080565 0.0004800481457365674
incumbent 0.000437636761487965 0.8860566476931633 0.00038777096179131874
officeholder 0.000437636761487965 2.0 0.00087527352297593
spoil 0.000437636761487965 2.0 0.00087527352297593
system 0.000437636761487965 0.7958800173440752 0.0003483063533234465
feat 0.000437636761487965 2.0 0.00087527352297593
involved 0.000437636761487965 0.4559319556497244 0.00019953258452941986
theoretically 0.000437636761487965 1.6989700043360187 0.0007435317305628091
private 0.000437636761487965 0.6020599913279624 0.00026348358482624175
corporation 0.000437636761487965 1.3979400086720377 0.0006117899381496883
actually 0.000437636761487965 1.045757490560675 0.00045766192147075495
sponsored 0.000437636761487965 1.045757490560675 0.00045766192147075495
monopoly 0.000437636761487965 2.0 0.00087527352297593
elitist 0.000437636761487965 1.6989700043360187 0.0007435317305628091
institution 0.00175054704595186 2.8239087409443187 0.004943385104497713
manipulated 0.000437636761487965 2.0 0.00087527352297593
paper 0.001312910284463895 2.0 0.00262582056892779
wielded 0.000437636761487965 2.0 0.00087527352297593
economy 0.00175054704595186 1.0 0.00175054704595186
fostered 0.00087527352297593 1.6989700043360187 0.0014870634611256182
seeking 0.000437636761487965 0.958607314841775 0.00041952180080602843
central 0.000437636761487965 0.9208187539523752 0.00040298413739710075
issue 0.00087527352297593 0.6989700043360189 0.0006117899381496883
passed 0.001312910284463895 0.6777807052660807 0.0008898652585550294
charter 0.001312910284463895 1.3979400086720377 0.0018353698144490647
july 0.00087527352297593 0.37675070960209955 0.0003297599208771112
vetoed 0.000437636761487965 2.0 0.00087527352297593
backed 0.000437636761487965 1.5228787452803376 0.0006664677222233426
advancement 0.000437636761487965 1.0969100130080565 0.0004800481457365674
expense 0.00087527352297593 2.0 0.00175054704595186
read 0.000437636761487965 0.0655015487564323 2.8665885670211074e-05
bella 0.000437636761487965 0.0655015487564323 2.8665885670211074e-05
hadid 0.000437636761487965 0.0655015487564323 2.8665885670211074e-05
sadie 0.000437636761487965 0.06048074738138145 2.6468598416359496e-05
alexander 0.000437636761487965 0.05551732784983141 2.4296423566665827e-05
adrienne 0.000437636761487965 0.0655015487564323 2.8665885670211074e-05
kennedy 0.000437636761487965 0.06048074738138145 2.6468598416359496e-05
view 0.000437636761487965 0.853871964321762 0.0003736857611911431
percent 0.000437636761487965 0.8860566476931633 0.00038777096179131874
fizzled 0.000437636761487965 2.0 0.00087527352297593
shuttered 0.000437636761487965 2.0 0.00087527352297593
faced 0.000437636761487965 0.7695510786217261 0.00033678384184758253
unlikely 0.000437636761487965 1.6989700043360187 0.0007435317305628091
passage 0.000437636761487965 1.0 0.000437636761487965
federal 0.002188183807439825 0.6020599913279624 0.0013174179241312086
tariff 0.001312910284463895 3.221848749616356 0.0042299983583584545
favored 0.00087527352297593 1.5228787452803376 0.0013329354444466851
northern 0.000437636761487965 1.3979400086720377 0.0006117899381496883
manufacturer 0.000437636761487965 2.0 0.00087527352297593
resolution 0.000437636761487965 1.0969100130080565 0.0004800481457365674
declaring 0.000437636761487965 1.3979400086720377 0.0006117899381496883
measure 0.000437636761487965 1.0 0.000437636761487965
null 0.000437636761487965 2.0 0.00087527352297593
void 0.000437636761487965 2.0 0.00087527352297593
even 0.00087527352297593 0.3665315444204135 0.00032081535616666394
threatened 0.00087527352297593 0.958607314841775 0.0008390436016120569
secession 0.000437636761487965 2.0 0.00087527352297593
principle 0.000437636761487965 1.3010299956639813 0.0005693785539010859
nullification 0.000437636761487965 2.0 0.00087527352297593
notion 0.000437636761487965 1.3979400086720377 0.0006117899381496883
secede 0.000437636761487965 2.0 0.00087527352297593
enforce 0.001312910284463895 1.3979400086720377 0.0018353698144490647
already 0.000437636761487965 1.0 0.000437636761487965
replaced 0.000437636761487965 1.2218487496163564 0.0005347259298102217
york 0.00175054704595186 0.3467874862246563 0.0006070678095836435
martin 0.00175054704595186 0.5686362358410126 0.0009954244828726698
van 0.00175054704595186 1.3010299956639813 0.0022775142156043434
buren 0.00175054704595186 1.5228787452803376 0.0026658708888933702
former 0.00087527352297593 0.27572413039921095 0.0002413340309839921
ticket 0.000437636761487965 1.1549019599857433 0.000505427553604264
protested 0.000437636761487965 1.6989700043360187 0.0007435317305628091
resign 0.000437636761487965 1.0 0.000437636761487965
office 0.000437636761487965 0.31875876262441283 0.000139500552570859
within 0.000437636761487965 0.8239087409443188 0.0003605727531484984
compromise 0.000437636761487965 1.3010299956639813 0.0005693785539010859
included 0.000437636761487965 0.48148606012211254 0.00021071600005344096
modest 0.000437636761487965 1.6989700043360187 0.0007435317305628091
reduction 0.000437636761487965 1.1549019599857433 0.000505427553604264
provision 0.000437636761487965 1.3010299956639813 0.0005693785539010859
empowered 0.000437636761487965 2.0 0.00087527352297593
armed 0.000437636761487965 1.045757490560675 0.00045766192147075495
necessary 0.000437636761487965 1.3010299956639813 0.0005693785539010859
crisis 0.000437636761487965 0.8860566476931633 0.00038777096179131874
averted 0.000437636761487965 2.0 0.00087527352297593
foreshadowed 0.000437636761487965 2.0 0.00087527352297593
civil 0.00175054704595186 0.3467874862246563 0.0006070678095836435
decade 0.000437636761487965 0.638272163982407 0.00027933136279317594
target 0.000437636761487965 1.045757490560675 0.00045766192147075495
assassination 0.000437636761487965 0.7447274948966939 0.0003259201290576341
leaving 0.000437636761487965 0.5686362358410126 0.00024885612071816744
memorial 0.000437636761487965 0.9208187539523752 0.00040298413739710075
congressman 0.000437636761487965 0.958607314841775 0.00041952180080602843
inside 0.00087527352297593 0.958607314841775 0.0008390436016120569
capitol 0.000437636761487965 1.0 0.000437636761487965
deranged 0.000437636761487965 2.0 0.00087527352297593
painter 0.000437636761487965 1.6989700043360187 0.0007435317305628091
richard 0.000437636761487965 0.6777807052660807 0.00029662175285167646
lawrence 0.001312910284463895 1.6989700043360187 0.0022305951916884274
pointed 0.000437636761487965 1.6989700043360187 0.0007435317305628091
single 0.000437636761487965 0.585026652029182 0.00025602916937819784
shot 0.001312910284463895 0.958607314841775 0.0012585654024180853
pistol 0.00087527352297593 1.6989700043360187 0.0014870634611256182
failed 0.00087527352297593 0.5376020021010439 0.00047054879833789405
shoot 0.000437636761487965 1.3979400086720377 0.0006117899381496883
pulled 0.000437636761487965 0.958607314841775 0.00041952180080602843
misfired 0.000437636761487965 2.0 0.00087527352297593
infuriated 0.000437636761487965 2.0 0.00087527352297593
charged 0.000437636761487965 0.7695510786217261 0.00033678384184758253
shooter 0.000437636761487965 1.6989700043360187 0.0007435317305628091
hammered 0.000437636761487965 2.0 0.00087527352297593
cane 0.000437636761487965 2.0 0.00087527352297593
bystander 0.000437636761487965 2.0 0.00087527352297593
subdued 0.000437636761487965 2.0 0.00087527352297593
attempted 0.000437636761487965 1.045757490560675 0.00045766192147075495
assassin 0.00087527352297593 2.0 0.00175054704595186
english 0.000437636761487965 1.045757490560675 0.00045766192147075495
heir 0.000437636761487965 1.0969100130080565 0.0004800481457365674
throne 0.000437636761487965 1.3979400086720377 0.0006117899381496883
owed 0.000437636761487965 2.0 0.00087527352297593
massive 0.000437636761487965 1.0 0.000437636761487965
amount 0.000437636761487965 1.5228787452803376 0.0006664677222233426
found 0.00087527352297593 0.3372421683184259 0.00029517914076011023
guilty 0.000437636761487965 0.7958800173440752 0.0003483063533234465
reason 0.000437636761487965 1.0969100130080565 0.0004800481457365674
insanity 0.000437636761487965 2.0 0.00087527352297593
confined 0.000437636761487965 2.0 0.00087527352297593
rest 0.00087527352297593 0.6020599913279624 0.0005269671696524835
controversial 0.00087527352297593 0.721246399047171 0.0006312878766277208
trail 0.00087527352297593 1.3010299956639813 0.0011387571078021717
tear 0.00087527352297593 1.3010299956639813 0.0011387571078021717
despite 0.00087527352297593 0.4202164033831899 0.00036780429180147914
controversy 0.000437636761487965 1.1549019599857433 0.000505427553604264
particularly 0.000437636761487965 1.0 0.000437636761487965
troubling 0.000437636761487965 1.3010299956639813 0.0005693785539010859
aspect 0.000437636761487965 1.5228787452803376 0.0006664677222233426
dealing 0.000437636761487965 1.2218487496163564 0.0005347259298102217
signed 0.000437636761487965 0.494850021680094 0.0002165645609103256
implemented 0.000437636761487965 1.2218487496163564 0.0005347259298102217
removal 0.000437636761487965 1.5228787452803376 0.0006664677222233426
act 0.00087527352297593 0.4685210829577449 0.00041008409886892337
gave 0.000437636761487965 0.6020599913279624 0.00026348358482624175
tribe 0.00087527352297593 3.5228787452803374 0.003083482490398545
displacement 0.000437636761487965 2.0 0.00087527352297593
mississippi 0.000437636761487965 1.1549019599857433 0.000505427553604264
river 0.000437636761487965 1.1549019599857433 0.000505427553604264
return 0.00087527352297593 0.7447274948966939 0.0006518402581152682
ancestral 0.000437636761487965 2.0 0.00087527352297593
homeland 0.000437636761487965 2.0 0.00087527352297593
stood 0.00087527352297593 0.8860566476931633 0.0007755419235826375
violated 0.000437636761487965 1.3979400086720377 0.0006117899381496883
seized 0.000437636761487965 1.3010299956639813 0.0005693785539010859
nine 0.00087527352297593 0.8239087409443188 0.0007211455062969968
guaranteed 0.000437636761487965 2.0 0.00087527352297593
cherokee 0.001312910284463895 4.0 0.00525164113785558
supreme 0.001312910284463895 0.585026652029182 0.0007680875081345935
ruled 0.000437636761487965 0.7958800173440752 0.0003483063533234465
case 0.000437636761487965 0.958607314841775 0.00041952180080602843
tribal 0.000437636761487965 1.5228787452803376 0.0006664677222233426
brokered 0.000437636761487965 2.0 0.00087527352297593
vacate 0.000437636761487965 2.0 0.00087527352297593
arkansas 0.000437636761487965 1.5228787452803376 0.0006664677222233426
agreement 0.000437636761487965 0.958607314841775 0.00041952180080602843
relocation 0.000437636761487965 1.6989700043360187 0.0007435317305628091
westward 0.000437636761487965 2.0 0.00087527352297593
estimated 0.000437636761487965 1.045757490560675 0.00045766192147075495
claimed 0.000437636761487965 0.7447274948966939 0.0003259201290576341
approximately 0.00087527352297593 1.3010299956639813 0.0011387571078021717
starvation 0.000437636761487965 2.0 0.00087527352297593
exposure 0.000437636761487965 1.3979400086720377 0.0006117899381496883
illness 0.000437636761487965 1.2218487496163564 0.0005347259298102217
dred 0.00087527352297593 2.0 0.00175054704595186
scott 0.00087527352297593 1.045757490560675 0.0009153238429415099
roger 0.000437636761487965 1.3010299956639813 0.0005693785539010859
taney 0.00175054704595186 2.0 0.00350109409190372
initial 0.000437636761487965 0.8239087409443188 0.0003605727531484984
justice 0.001312910284463895 0.5376020021010439 0.000705823197506841
marshall 0.000437636761487965 1.1549019599857433 0.000505427553604264
subsequently 0.000437636761487965 0.7695510786217261 0.00033678384184758253
approved 0.000437636761487965 1.045757490560675 0.00045766192147075495
went 0.000437636761487965 0.32790214206428253 0.00014350203153797923
best 0.00087527352297593 0.13667713987954408 0.00011962988173264252
infamous 0.000437636761487965 1.045757490560675 0.00045766192147075495
declared 0.000437636761487965 0.5528419686577808 0.00024194396877802224
african 0.00087527352297593 0.28399665636520083 0.0002485747539301539
legal 0.000437636761487965 0.5086383061657272 0.00022259882107909289
file 0.000437636761487965 1.3979400086720377 0.0006117899381496883
suit 0.000437636761487965 1.0969100130080565 0.0004800481457365674
stated 0.000437636761487965 0.7447274948966939 0.0003259201290576341
forbid 0.000437636761487965 2.0 0.00087527352297593
slavery 0.000437636761487965 1.0 0.000437636761487965
go 0.000437636761487965 0.494850021680094 0.0002165645609103256
swear 0.000437636761487965 2.0 0.00087527352297593
abraham 0.00087527352297593 1.0969100130080565 0.0009600962914731348
lincoln 0.00087527352297593 0.9208187539523752 0.0008059682747942015
formed 0.00087527352297593 0.721246399047171 0.0006312878766277208
coalesced 0.000437636761487965 2.0 0.00087527352297593
adopting 0.000437636761487965 2.0 0.00087527352297593
anti 0.000437636761487965 0.721246399047171 0.0003156439383138604
monarchist 0.000437636761487965 2.0 0.00087527352297593
england 0.000437636761487965 0.8860566476931633 0.00038777096179131874
whig 0.00087527352297593 2.0 0.00175054704595186
protest 0.000437636761487965 0.7447274948966939 0.0003259201290576341
autocratic 0.000437636761487965 2.0 0.00087527352297593
win 0.000437636761487965 0.585026652029182 0.00025602916937819784
however 0.001312910284463895 0.32790214206428253 0.00043050609461393766
successor 0.000437636761487965 1.0969100130080565 0.0004800481457365674
ready 0.000437636761487965 1.045757490560675 0.00045766192147075495
crater 0.000437636761487965 2.0 0.00087527352297593
benefit 0.000437636761487965 1.1549019599857433 0.000505427553604264
common 0.000437636761487965 1.0969100130080565 0.0004800481457365674
allowed 0.000437636761487965 0.7958800173440752 0.0003483063533234465
speculator 0.000437636761487965 2.0 0.00087527352297593
buy 0.000437636761487965 1.1549019599857433 0.000505427553604264
huge 0.000437636761487965 1.2218487496163564 0.0005347259298102217
swath 0.000437636761487965 2.0 0.00087527352297593
drive 0.000437636761487965 1.1549019599857433 0.000505427553604264
price 0.000437636761487965 1.3010299956639813 0.0005693785539010859
artificially 0.000437636761487965 2.0 0.00087527352297593
taken 0.000437636761487965 0.6989700043360189 0.00030589496907484416
financial 0.000437636761487965 0.8860566476931633 0.00038777096179131874
loss 0.000437636761487965 0.7447274948966939 0.0003259201290576341
devalued 0.000437636761487965 1.6989700043360187 0.0007435317305628091
note 0.000437636761487965 1.5228787452803376 0.0006664677222233426
issued 0.000437636761487965 1.045757490560675 0.00045766192147075495
specie 0.000437636761487965 2.0 0.00087527352297593
circular 0.000437636761487965 2.0 0.00087527352297593
required 0.000437636761487965 1.0 0.000437636761487965
payment 0.000437636761487965 1.3979400086720377 0.0006117899381496883
silver 0.000437636761487965 1.3010299956639813 0.0005693785539010859
meet 0.000437636761487965 0.9208187539523752 0.00040298413739710075
demand 0.000437636761487965 1.0969100130080565 0.0004800481457365674
fail 0.000437636761487965 2.0 0.00087527352297593
ensuing 0.000437636761487965 1.045757490560675 0.00045766192147075495
panic 0.000437636761487965 1.6989700043360187 0.0007435317305628091
devastated 0.000437636761487965 1.5228787452803376 0.0006664677222233426
course 0.000437636761487965 0.853871964321762 0.0003736857611911431
wife 0.00087527352297593 0.3098039199714864 0.00027116316846519594
met 0.000437636761487965 0.44369749923271273 0.00019417833664451325
rachel 0.00262582056892779 1.5228787452803376 0.003998806333340055
donelson 0.00087527352297593 2.0 0.00175054704595186
robards 0.00087527352297593 2.0 0.00175054704595186
unhappily 0.000437636761487965 2.0 0.00087527352297593
married 0.00087527352297593 0.24412514432750856 0.0002136762751225458
separated 0.000437636761487965 1.1549019599857433 0.000505427553604264
captain 0.000437636761487965 1.5228787452803376 0.0006664677222233426
lewis 0.000437636761487965 0.8860566476931633 0.00038777096179131874
divorce 0.000437636761487965 1.0 0.000437636761487965
officially 0.000437636761487965 0.6989700043360189 0.00030589496907484416
complete 0.000437636761487965 0.9208187539523752 0.00040298413739710075
brought 0.000437636761487965 0.619788758288394 0.00027124234498397985
light 0.000437636761487965 0.9208187539523752 0.00040298413739710075
couple 0.00087527352297593 0.40893539297350084 0.0003579303220774625
legally 0.000437636761487965 1.2218487496163564 0.0005347259298102217
remarried 0.000437636761487965 2.0 0.00087527352297593
accused 0.000437636761487965 0.8239087409443188 0.0003605727531484984
bigamy 0.000437636761487965 2.0 0.00087527352297593
willingness 0.000437636761487965 1.1549019599857433 0.000505427553604264
engage 0.000437636761487965 1.3010299956639813 0.0005693785539010859
attacker 0.000437636761487965 2.0 0.00087527352297593
reputation 0.000437636761487965 0.7958800173440752 0.0003483063533234465
quarrelsome 0.000437636761487965 2.0 0.00087527352297593
incident 0.000437636761487965 0.8860566476931633 0.00038777096179131874
challenged 0.000437636761487965 1.045757490560675 0.00045766192147075495
accuser 0.000437636761487965 1.6989700043360187 0.0007435317305628091
charles 0.000437636761487965 0.8860566476931633 0.00038777096179131874
dickinson 0.00087527352297593 1.5228787452803376 0.0013329354444466851
wounded 0.00087527352297593 1.5228787452803376 0.0013329354444466851
chest 0.001312910284463895 1.6989700043360187 0.0022305951916884274
ground 0.000437636761487965 1.045757490560675 0.00045766192147075495
fired 0.000437636761487965 1.045757490560675 0.00045766192147075495
round 0.000437636761487965 1.2218487496163564 0.0005347259298102217
mortally 0.000437636761487965 2.0 0.00087527352297593
carried 0.000437636761487965 1.5228787452803376 0.0006664677222233426
bullet 0.00087527352297593 3.6989700043360187 0.0032376105070774782
subsequent 0.000437636761487965 0.9208187539523752 0.00040298413739710075
never 0.000437636761487965 0.431798275933005 0.000188970799095407
biological 0.000437636761487965 1.045757490560675 0.00045766192147075495
adopted 0.00087527352297593 1.045757490560675 0.0009153238429415099
son 0.001312910284463895 1.1378686206869628 0.0014939194144686601
including 0.00087527352297593 0.2365720064370627 0.00020706521351165224
pair 0.000437636761487965 0.7958800173440752 0.0003483063533234465
infant 0.000437636761487965 1.1549019599857433 0.000505427553604264
orphan 0.000437636761487965 2.0 0.00087527352297593
theodore 0.000437636761487965 1.3979400086720377 0.0006117899381496883
lyncoya 0.000437636761487965 2.0 0.00087527352297593
dead 0.000437636761487965 0.9208187539523752 0.00040298413739710075
jr 0.00175054704595186 0.32790214206428253 0.0005740081261519169
severn 0.000437636761487965 2.0 0.00087527352297593
heart 0.000437636761487965 0.5228787452803376 0.00022883096073537753
attack 0.000437636761487965 0.7958800173440752 0.0003483063533234465
blamed 0.000437636761487965 1.2218487496163564 0.0005347259298102217
stress 0.000437636761487965 1.3979400086720377 0.0006117899381496883
caused 0.00087527352297593 0.8860566476931633 0.0007755419235826375
nasty 0.000437636761487965 2.0 0.00087527352297593
buried 0.00087527352297593 1.3979400086720377 0.0012235798762993766
christmas 0.000437636761487965 1.045757490560675 0.00045766192147075495
eve 0.000437636761487965 1.6989700043360187 0.0007435317305628091
completing 0.000437636761487965 1.3979400086720377 0.0006117899381496883
returned 0.000437636761487965 0.5086383061657272 0.00022259882107909289
cause 0.000437636761487965 1.0 0.000437636761487965
lead 0.000437636761487965 0.5228787452803376 0.00022883096073537753
poisoning 0.000437636761487965 2.0 0.00087527352297593
remained 0.000437636761487965 0.585026652029182 0.00025602916937819784
plantation 0.001312910284463895 1.6989700043360187 0.0022305951916884274
garden 0.000437636761487965 1.1549019599857433 0.000505427553604264
beloved 0.000437636761487965 1.045757490560675 0.00045766192147075495
continues 0.000437636761487965 1.0 0.000437636761487965
regarded 0.000437636761487965 1.3010299956639813 0.0005693785539010859
influential 0.000437636761487965 0.6777807052660807 0.00029662175285167646
well 0.000437636761487965 0.20065945054641826 8.781595209908895e-05
aggressive 0.000437636761487965 1.2218487496163564 0.0005347259298102217
ardent 0.000437636761487965 1.6989700043360187 0.0007435317305628091
governmental 0.000437636761487965 1.3979400086720377 0.0006117899381496883
change 0.000437636761487965 0.5686362358410126 0.00024885612071816744
prominent 0.00087527352297593 0.7447274948966939 0.0006518402581152682
lasting 0.000437636761487965 1.2218487496163564 0.0005347259298102217
hermitage 0.001312910284463895 2.0 0.00262582056892779
acquired 0.000437636761487965 1.5228787452803376 0.0006664677222233426
expansive 0.000437636761487965 1.6989700043360187 0.0007435317305628091
near 0.000437636761487965 0.8860566476931633 0.00038777096179131874
outset 0.000437636761487965 2.0 0.00087527352297593
enslaved 0.000437636761487965 1.5228787452803376 0.0006664677222233426
worked 0.000437636761487965 0.3098039199714864 0.00013558158423259797
cotton 0.000437636761487965 2.0 0.00087527352297593
labored 0.000437636761487965 2.0 0.00087527352297593
field 0.000437636761487965 1.3979400086720377 0.0006117899381496883
trump 0.001312910284463895 0.5086383061657272 0.0006677964632372786
predecessor 0.000437636761487965 1.6989700043360187 0.0007435317305628091
th 0.001312910284463895 0.2076083105017461 0.00027257108599791613
donald 0.000437636761487965 0.494850021680094 0.0002165645609103256
hung 0.000437636761487965 1.6989700043360187 0.0007435317305628091
portrait 0.00087527352297593 1.5228787452803376 0.0013329354444466851
ironically 0.000437636761487965 2.0 0.00087527352297593
behind 0.000437636761487965 0.6777807052660807 0.00029662175285167646
honor 0.000437636761487965 0.7695510786217261 0.00033678384184758253
navajo 0.000437636761487965 2.0 0.00087527352297593
code 0.000437636761487965 1.3010299956639813 0.0005693785539010859
talker 0.000437636761487965 2.0 0.00087527352297593
assisted 0.000437636761487965 1.1549019599857433 0.000505427553604264
marine 0.000437636761487965 1.6989700043360187 0.0007435317305628091
world 0.00087527352297593 0.04575749056067514 4.0050319965579996e-05
ii 0.000437636761487965 0.48148606012211254 0.00021071600005344096
transmitting 0.000437636761487965 2.0 0.00087527352297593
encrypted 0.000437636761487965 2.0 0.00087527352297593
message 0.000437636761487965 1.5228787452803376 0.0006664677222233426
language 0.000437636761487965 1.1549019599857433 0.000505427553604264
fighting 0.000437636761487965 0.7958800173440752 0.0003483063533234465
tv 0.00350109409190372 0.5228787452803376 0.0018306476858830202
mini 0.00087527352297593 1.2218487496163564 0.0010694518596204433
bio 0.000437636761487965 1.6989700043360187 0.0007435317305628091
pushed 0.000437636761487965 0.7958800173440752 0.0003483063533234465
politics 0.000437636761487965 0.4685210829577449 0.00020504204943446168
madison 0.000437636761487965 1.0969100130080565 0.0004800481457365674
shaping 0.000437636761487965 1.2218487496163564 0.0005347259298102217
pg 0.000437636761487965 1.5228787452803376 0.0006664677222233426
ok 0.000437636761487965 1.6989700043360187 0.0007435317305628091
george 0.001312910284463895 0.4685210829577449 0.000615126148303385
washington 0.001312910284463895 0.3979400086720376 0.0005224595299851698
check 0.000437636761487965 0.07058107428570728 3.088887277273842e-05
strive 0.000437636761487965 0.07058107428570728 3.088887277273842e-05
accuracy 0.000437636761487965 0.07058107428570728 3.088887277273842e-05
fairness 0.000437636761487965 0.07058107428570728 3.088887277273842e-05
something 0.000437636761487965 0.07058107428570728 3.088887277273842e-05
citation 0.000437636761487965 0.07058107428570728 3.088887277273842e-05
information 0.000437636761487965 0.07058107428570728 3.088887277273842e-05
article 0.000437636761487965 0.07058107428570728 3.088887277273842e-05
title 0.000437636761487965 0.07058107428570728 3.088887277273842e-05
author 0.000437636761487965 0.06048074738138145 2.6468598416359496e-05
com 0.00087527352297593 0.06048074738138145 5.293719683271899e-05
editor 0.000437636761487965 0.1023729087095586 4.4802148231754314e-05
website 0.00087527352297593 0.0655015487564323 5.733177134042215e-05
url 0.000437636761487965 0.07058107428570728 3.088887277273842e-05
access 0.000437636761487965 0.07058107428570728 3.088887277273842e-05
publisher 0.000437636761487965 0.07058107428570728 3.088887277273842e-05
e 0.00087527352297593 0.04575749056067514 4.0050319965579996e-05
television 0.00087527352297593 0.04575749056067514 4.0050319965579996e-05
network 0.00087527352297593 0.04575749056067514 4.0050319965579996e-05
updated 0.000437636761487965 0.07058107428570728 3.088887277273842e-05
original 0.000437636761487965 0.0655015487564323 2.8665885670211074e-05
published 0.000437636761487965 0.07058107428570728 3.088887277273842e-05
april 0.000437636761487965 0.1549019599857432 6.779079211629899e-05
receive 0.000437636761487965 0.05551732784983141 2.4296423566665827e-05
story 0.001312910284463895 0.05551732784983141 7.288927069999748e-05
shaped 0.00087527352297593 0.05551732784983141 4.8592847133331655e-05
sign 0.000437636761487965 0.05551732784983141 2.4296423566665827e-05
johnson 0.00087527352297593 0.853871964321762 0.0007473715223822862
succeeded 0.000437636761487965 1.1549019599857433 0.000505427553604264
impeached 0.000437636761487965 1.3979400086720377 0.0006117899381496883
continental 0.000437636761487965 1.3979400086720377 0.0006117899381496883
america 0.000437636761487965 0.37675070960209955 0.0001648799604385556
thomas 0.00087527352297593 0.853871964321762 0.0007473715223822862
jefferson 0.00087527352297593 1.2218487496163564 0.0010694518596204433
wrote 0.000437636761487965 0.5528419686577808 0.00024194396877802224
declaration 0.000437636761487965 1.045757490560675 0.00045766192147075495
independence 0.000437636761487965 0.958607314841775 0.00041952180080602843
completed 0.000437636761487965 1.1549019599857433 0.000505427553604264
louisiana 0.000437636761487965 1.2218487496163564 0.0005347259298102217
purchase 0.000437636761487965 1.0 0.000437636761487965
activist 0.000437636761487965 0.494850021680094 0.0002165645609103256
movement 0.000437636761487965 0.48148606012211254 0.00021071600005344096
alongside 0.000437636761487965 0.7695510786217261 0.00033678384184758253
luther 0.000437636761487965 0.638272163982407 0.00027933136279317594
mayor 0.000437636761487965 0.6777807052660807 0.00029662175285167646
atlanta 0.000437636761487965 0.8239087409443188 0.0003605727531484984
ambassador 0.000437636761487965 0.8239087409443188 0.0003605727531484984
nation 0.00087527352297593 0.6575773191777938 0.0005755600167858152
jesse 0.00087527352297593 1.2218487496163564 0.0010694518596204433
leader 0.000437636761487965 0.37675070960209955 0.0001648799604385556
baptist 0.000437636761487965 0.8860566476931633 0.00038777096179131874
minister 0.000437636761487965 0.5376020021010439 0.00023527439916894703
politician 0.000437636761487965 0.6575773191777938 0.0002877800083929076
twice 0.000437636761487965 0.958607314841775 0.00041952180080602843
cuomo 0.00175054704595186 1.5228787452803376 0.0026658708888933702
mario 0.000437636761487965 1.3979400086720377 0.0006117899381496883
news 0.000437636761487965 0.585026652029182 0.00025602916937819784
anchor 0.000437636761487965 1.0969100130080565 0.0004800481457365674
chris 0.000437636761487965 1.045757490560675 0.00045766192147075495
formerly 0.000437636761487965 1.1549019599857433 0.000505427553604264
hud 0.000437636761487965 1.045757490560675 0.00045766192147075495
michael 0.00087527352297593 0.494850021680094 0.0004331291218206512
multi 0.000437636761487965 0.6020599913279624 0.00026348358482624175
talented 0.000437636761487965 0.7447274948966939 0.0003259201290576341
musical 0.000437636761487965 0.48148606012211254 0.00021071600005344096
entertainer 0.000437636761487965 0.8239087409443188 0.0003605727531484984
enjoyed 0.000437636761487965 0.6575773191777938 0.0002877800083929076
chart 0.000437636761487965 0.6777807052660807 0.00029662175285167646
topping 0.000437636761487965 0.7958800173440752 0.0003483063533234465
solo 0.000437636761487965 0.6575773191777938 0.0002877800083929076
artist 0.000437636761487965 0.619788758288394 0.00027124234498397985
selling 0.000437636761487965 0.6575773191777938 0.0002877800083929076
album 0.000437636761487965 0.5686362358410126 0.00024885612071816744
thriller 0.000437636761487965 0.7958800173440752 0.0003483063533234465
number 0.000437636761487965 0.4685210829577449 0.00020504204943446168
hit 0.000437636761487965 0.5086383061657272 0.00022259882107909289
bad 0.000437636761487965 0.6020599913279624 0.00026348358482624175
wall 0.000437636761487965 0.5528419686577808 0.00024194396877802224
dwight 0.00087527352297593 1.5228787452803376 0.0013329354444466851
eisenhower 0.00087527352297593 1.5228787452803376 0.0013329354444466851
atom 0.000437636761487965 1.5228787452803376 0.0006664677222233426
peace 0.000437636761487965 0.7695510786217261 0.00033678384184758253
assembly 0.000437636761487965 0.8239087409443188 0.0003605727531484984
ease 0.000437636761487965 1.3010299956639813 0.0005693785539010859
cold 0.000437636761487965 1.045757490560675 0.00045766192147075495
tension 0.000437636761487965 1.0969100130080565 0.0004800481457365674
jimmie 0.00087527352297593 1.3979400086720377 0.0012235798762993766
lee 0.00087527352297593 0.7695510786217261 0.0006735676836951651
killed 0.000437636761487965 0.6989700043360189 0.00030589496907484416
trooper 0.000437636761487965 1.3979400086720377 0.0006117899381496883
inspired 0.000437636761487965 0.6989700043360189 0.00030589496907484416
demonstration 0.000437636761487965 1.045757490560675 0.00045766192147075495
voting 0.000437636761487965 0.7958800173440752 0.0003483063533234465
loading 0.000437636761487965 0.04575749056067514 2.0025159982789998e-05
logo 0.000437636761487965 0.04575749056067514 2.0025159982789998e-05
registered 0.000437636761487965 0.04575749056067514 2.0025159982789998e-05
trademark 0.000437636761487965 0.04575749056067514 2.0025159982789998e-05
llc 0.000437636761487965 0.04575749056067514 2.0025159982789998e-05
close 0.00175054704595186 0.04575749056067514 8.010063993115999e-05
