kirsten 0.013148283418553688 1.5228787452803376 0.02002324135503731
gillibrand 0.028487947406866325 1.5228787452803376 0.043383689602580836
u 0.014609203798392988 0.20065945054641832 0.0029314748071061843
senator 0.007304601899196494 1.5228787452803376 0.011124022975020728
representative 0.005843681519357195 1.4814860601221125 0.00865733271072089
biography 0.007304601899196494 0.04575749056067514 0.0003342402524519733
skip 0.0007304601899196494 0.04575749056067514 3.342402524519733e-05
main 0.0007304601899196494 0.04575749056067514 3.342402524519733e-05
content 0.0007304601899196494 0.04575749056067514 3.342402524519733e-05
people 0.005113221329437546 0.04575749056067514 0.0002339681767163813
nostalgia 0.002191380569758948 0.04575749056067514 0.00010027207573559198
celebrity 0.002191380569758948 0.04575749056067514 0.00010027207573559198
history 0.0029218407596785976 0.04575749056067514 0.0001336961009807893
culture 0.002191380569758948 0.04575749056067514 0.00010027207573559198
crime 0.0029218407596785976 1.2006594505464185 0.003508135721099835
scandal 0.002191380569758948 0.04575749056067514 0.00010027207573559198
video 0.002191380569758948 0.04575749056067514 0.00010027207573559198
contact 0.002191380569758948 0.04575749056067514 0.00010027207573559198
advertise 0.0014609203798392988 0.04575749056067514 6.684805049039466e-05
privacy 0.002191380569758948 0.04575749056067514 0.00010027207573559198
notice 0.0014609203798392988 0.04575749056067514 6.684805049039466e-05
term 0.0014609203798392988 0.04575749056067514 6.684805049039466e-05
use 0.0014609203798392988 0.04575749056067514 6.684805049039466e-05
copyright 0.0014609203798392988 0.04575749056067514 6.684805049039466e-05
policy 0.0029218407596785976 0.04575749056067514 0.0001336961009807893
ad 0.0014609203798392988 0.04575749056067514 6.684805049039466e-05
choice 0.0014609203798392988 0.04575749056067514 6.684805049039466e-05
accessibility 0.0014609203798392988 0.04575749056067514 6.684805049039466e-05
support 0.0014609203798392988 0.04575749056067514 6.684805049039466e-05
setting 0.0007304601899196494 0.04575749056067514 3.342402524519733e-05
february 0.0007304601899196494 0.04575749056067514 3.342402524519733e-05
subscribe 0.0014609203798392988 0.04575749056067514 6.684805049039466e-05
newsletter 0.002191380569758948 0.04575749056067514 0.00010027207573559198
quick 0.0007304601899196494 0.07058107428570728 5.155666492747063e-05
fact 0.0014609203798392988 0.14116214857141457 0.0002062266597098825
name 0.0029218407596785976 0.05551732784983141 0.00016221279138007718
occupation 0.0007304601899196494 1.3979400086720377 0.001021139524230853
birth 0.0014609203798392988 0.07058107428570728 0.00010311332985494125
date 0.0029218407596785976 0.07058107428570728 0.0002062266597098825
december 0.0029218407596785976 0.40893539297350084 0.0011948440992651595
age 0.0014609203798392988 0.11350927482751813 0.00016582801289630113
education 0.0007304601899196494 0.19382002601611284 0.00014157781301396118
dartmouth 0.002191380569758948 2.0 0.004382761139517896
college 0.003652300949598247 2.1079053973095196 0.007698704884256829
university 0.002191380569758948 2.259637310505756 0.00495172529694468
california 0.0014609203798392988 0.5528419686577808 0.0008076580988426309
los 0.0014609203798392988 0.6020599913279624 0.0008795617112168918
angeles 0.0014609203798392988 0.6020599913279624 0.0008795617112168918
place 0.0014609203798392988 0.07572071393811834 0.00011062193416817874
albany 0.0029218407596785976 1.6989700043360187 0.004964119808140303
new 0.008765522279035792 0.14266750356873154 0.0012505551810261346
york 0.007304601899196494 0.3467874862246563 0.0025331445304942026
aka 0.0007304601899196494 0.853871964321762 0.0006237194772255384
rutnik 0.005843681519357195 2.0 0.01168736303871439
maiden 0.0007304601899196494 1.6989700043360187 0.0012410299520350758
elizabeth 0.004382761139517896 0.7695510786217261 0.0033727585622573826
full 0.0007304601899196494 0.3010299956639812 0.00021989042780422294
zodiac 0.0007304601899196494 0.3010299956639812 0.00021989042780422294
sign 0.0014609203798392988 0.05551732784983141 8.110639569003859e-05
sagittarius 0.0007304601899196494 1.3010299956639813 0.0009503506177238724
early 0.002191380569758948 0.07572071393811834 0.00016593290125226808
family 0.0029218407596785976 0.11918640771920867 0.00034824370407365575
life 0.002191380569758948 0.13679614097137055 0.0002997724053426674
schooling 0.0014609203798392988 2.0 0.0029218407596785976
house 0.009495982468955442 0.32790214206428253 0.003113752992575364
senate 0.009495982468955442 0.5686362358410126 0.005399759726759068
progressive 0.002191380569758948 1.045757490560675 0.0022916526454945397
conservative 0.002191380569758948 0.8239087409443188 0.0018054976061599387
politics 0.003652300949598247 0.4685210829577449 0.0017111799961933708
cite 0.0007304601899196494 0.07058107428570728 5.155666492747063e-05
page 0.0007304601899196494 0.07058107428570728 5.155666492747063e-05
quote 0.0007304601899196494 0.3872161432802645 0.0002828459775604562
mother 0.004382761139517896 1.6126101736612708 0.0070676852023138234
amazing 0.0007304601899196494 1.3010299956639813 0.0009503506177238724
woman 0.008765522279035792 0.7958800173440752 0.006976304023468884
extremely 0.0014609203798392988 1.3010299956639813 0.0019007012354477447
strong 0.0007304601899196494 0.7958800173440752 0.000581358668622407
independent 0.002191380569758948 1.0 0.002191380569758948
mind 0.0007304601899196494 1.0 0.0007304601899196494
different 0.002191380569758948 0.7695510786217261 0.0016863792811286913
one 0.002191380569758948 0.08092190762392613 0.00017733069603490022
friend 0.0007304601899196494 0.5686362358410126 0.0004153661328276206
partner 0.0007304601899196494 1.1549019599857433 0.0008436099050297614
died 0.0007304601899196494 0.31875876262441283 0.00023284058628518102
aid 0.0007304601899196494 1.2218487496163564 0.0008925118696978498
affected 0.0007304601899196494 1.045757490560675 0.0007638842151648466
man 0.0007304601899196494 0.37675070960209955 0.0002752013948883123
interesting 0.0007304601899196494 1.6989700043360187 0.0012410299520350758
engaging 0.0007304601899196494 2.0 0.0014609203798392988
always 0.0014609203798392988 0.638272163982407 0.0009324648122460293
superkind 0.0007304601899196494 2.0 0.0014609203798392988
handsome 0.0007304601899196494 2.0 0.0014609203798392988
men 0.0007304601899196494 0.6777807052660807 0.0004950918226925352
ever 0.0007304601899196494 0.6989700043360189 0.0005105697621154265
met 0.0007304601899196494 0.44369749923271273 0.00032410335955640083
loss 0.0014609203798392988 0.7447274948966939 0.0010879875747212475
young 0.002191380569758948 0.3010299956639812 0.0006596712834126688
girl 0.0014609203798392988 0.6989700043360189 0.001021139524230853
see 0.0029218407596785976 0.04575749056067514 0.0001336961009807893
someone 0.0014609203798392988 1.0 0.0014609203798392988
die 0.0007304601899196494 1.0 0.0007304601899196494
congress 0.004382761139517896 0.4202164033831899 0.0018417081229358213
mean 0.0007304601899196494 1.0969100130080565 0.00080124909642663
diverse 0.0007304601899196494 2.0 0.0014609203798392988
view 0.0007304601899196494 0.853871964321762 0.0006237194772255384
represent 0.0014609203798392988 1.045757490560675 0.0015277684303296932
wider 0.0007304601899196494 2.0 0.0014609203798392988
swath 0.0007304601899196494 2.0 0.0014609203798392988
electorate 0.0007304601899196494 1.6989700043360187 0.0012410299520350758
bring 0.0007304601899196494 0.7447274948966939 0.0005439937873606237
experience 0.0007304601899196494 1.3010299956639813 0.0009503506177238724
perspective 0.0014609203798392988 3.3979400086720375 0.004964119808140303
bear 0.0007304601899196494 1.5228787452803376 0.0011124022975020729
decision 0.0014609203798392988 0.585026652029182 0.0008546773586985859
making 0.0007304601899196494 0.3979400086720376 0.0002906793343112035
truly 0.0007304601899196494 0.958607314841775 0.000700224481257688
believe 0.002191380569758948 0.853871964321762 0.0018711584316766152
elected 0.0029218407596785976 0.3665315444204135 0.0010709468061955107
better 0.0014609203798392988 0.638272163982407 0.0009324648122460293
outcome 0.0007304601899196494 2.0 0.0014609203798392988
everyone 0.0007304601899196494 1.0 0.0007304601899196494
slightly 0.0007304601899196494 1.5228787452803376 0.0011124022975020729
straighter 0.0007304601899196494 2.0 0.0014609203798392988
arrow 0.0007304601899196494 1.6989700043360187 0.0012410299520350758
ok 0.0007304601899196494 1.6989700043360187 0.0012410299520350758
massive 0.0007304601899196494 1.0 0.0007304601899196494
kiss 0.0007304601899196494 1.3979400086720377 0.001021139524230853
as 0.0007304601899196494 1.5228787452803376 0.0011124022975020729
lived 0.0007304601899196494 0.6020599913279624 0.0004397808556084459
positive 0.0007304601899196494 0.8860566476931633 0.0006472291071535159
reinforcement 0.0007304601899196494 2.0 0.0014609203798392988
look 0.0014609203798392988 0.07058107428570728 0.00010311332985494125
sexual 0.008035062089116142 0.7958800173440752 0.006394945354846477
assault 0.003652300949598247 2.4814860601221125 0.009063133893798805
military 0.004382761139517896 0.5528419686577808 0.0024229742965278926
campus 0.0014609203798392988 3.3979400086720375 0.004964119808140303
institution 0.0014609203798392988 2.8239087409443187 0.00412550583045189
propping 0.0007304601899196494 2.0 0.0014609203798392988
favored 0.002191380569758948 1.5228787452803376 0.0033372068925062183
person 0.007304601899196494 0.05060999335508724 0.00036968585357989223
star 0.0007304601899196494 0.32790214206428253 0.00023951946096733567
student 0.0007304601899196494 0.6020599913279624 0.0004397808556084459
close 0.003652300949598247 0.04575749056067514 0.00016712012622598665
rank 0.0007304601899196494 1.2218487496163564 0.0008925118696978498
protect 0.0014609203798392988 0.721246399047171 0.0010536835632537196
status 0.0007304601899196494 0.8860566476931633 0.0006472291071535159
quo 0.0007304601899196494 1.5228787452803376 0.0011124022975020729
process 0.002191380569758948 0.7958800173440752 0.001744076005867221
victim 0.0007304601899196494 1.5228787452803376 0.0011124022975020729
blame 0.0007304601899196494 1.3010299956639813 0.0009503506177238724
undermine 0.0007304601899196494 1.5228787452803376 0.0011124022975020729
trying 0.0014609203798392988 1.0 0.0014609203798392988
speak 0.0007304601899196494 0.958607314841775 0.000700224481257688
truth 0.0007304601899196494 0.9208187539523752 0.0006726214418936269
power 0.0007304601899196494 0.5376020021010439 0.0003926968605559123
dream 0.0007304601899196494 0.8860566476931633 0.0006472291071535159
big 0.0007304601899196494 0.5228787452803376 0.0003819421075824234
embrace 0.0007304601899196494 1.6989700043360187 0.0012410299520350758
ambition 0.0007304601899196494 1.3010299956639813 0.0009503506177238724
afraid 0.0007304601899196494 1.0 0.0007304601899196494
done 0.0007304601899196494 0.958607314841775 0.000700224481257688
way 0.0007304601899196494 0.431798275933005 0.00031541145064500003
might 0.0007304601899196494 0.853871964321762 0.0006237194772255384
great 0.0007304601899196494 0.5228787452803376 0.0003819421075824234
goal 0.0007304601899196494 0.9208187539523752 0.0006726214418936269
would 0.005113221329437546 0.2291479883578558 0.0011716843816690949
agree 0.0007304601899196494 1.5228787452803376 0.0011124022975020729
broken 0.0007304601899196494 1.0969100130080565 0.00080124909642663
need 0.0029218407596785976 0.638272163982407 0.0018649296244920585
actual 0.0007304601899196494 1.6989700043360187 0.0012410299520350758
population 0.0007304601899196494 1.1549019599857433 0.0008436099050297614
consensus 0.0007304601899196494 1.3979400086720377 0.001021139524230853
builder 0.0007304601899196494 2.0 0.0014609203798392988
listen 0.0007304601899196494 1.0969100130080565 0.00080124909642663
le 0.0007304601899196494 0.8239087409443188 0.0006018325353866463
ego 0.0007304601899196494 2.0 0.0014609203798392988
driven 0.0007304601899196494 1.3010299956639813 0.0009503506177238724
partisan 0.0007304601899196494 1.5228787452803376 0.0011124022975020729
really 0.0007304601899196494 0.721246399047171 0.0005268417816268598
percent 0.0007304601899196494 0.8860566476931633 0.0006472291071535159
whole 0.0014609203798392988 0.958607314841775 0.001400448962515376
dynamic 0.0007304601899196494 1.6989700043360187 0.0012410299520350758
change 0.002191380569758948 0.5686362358410126 0.001246098398482862
analysis 0.0007304601899196494 1.6989700043360187 0.0012410299520350758
frustration 0.0007304601899196494 1.3010299956639813 0.0009503506177238724
frame 0.0007304601899196494 1.5228787452803376 0.0011124022975020729
somehow 0.0007304601899196494 1.5228787452803376 0.0011124022975020729
judged 0.0007304601899196494 1.5228787452803376 0.0011124022975020729
want 0.0007304601899196494 0.585026652029182 0.00042733867934929295
something 0.0029218407596785976 0.07058107428570728 0.0002062266597098825
supposed 0.0007304601899196494 1.2218487496163564 0.0008925118696978498
first 0.007304601899196494 0.0655015487564323 0.0004784627374465471
opposed 0.0014609203798392988 0.9208187539523752 0.0013452428837872538
provide 0.0014609203798392988 0.958607314841775 0.001400448962515376
child 0.0014609203798392988 0.2076083105017461 0.000303299211836006
go 0.0007304601899196494 0.494850021680094 0.00036146824081818407
work 0.002191380569758948 0.2218487496163564 0.0004861550393346013
every 0.0007304601899196494 0.6575773191777938 0.0004803340534534652
day 0.0007304601899196494 0.2924298239020636 0.00021360834470567102
loving 0.0007304601899196494 1.3010299956639813 0.0009503506177238724
part 0.002191380569758948 0.3372421683184259 0.0007390259349563753
lot 0.0007304601899196494 1.0969100130080565 0.00080124909642663
must 0.0007304601899196494 0.8239087409443188 0.0006018325353866463
publish 0.0007304601899196494 0.07058107428570728 5.155666492747063e-05
mar 0.0007304601899196494 0.958607314841775 0.000700224481257688
comment 0.0014609203798392988 0.07058107428570728 0.00010311332985494125
lawyer 0.0014609203798392988 0.48148606012211254 0.0007034127978409241
politician 0.002191380569758948 0.6575773191777938 0.0014410021603603956
served 0.003652300949598247 0.2676062401770315 0.0009773785251169886
born 0.0014609203798392988 0.09151498112135023 0.00013369610098078923
grew 0.002191380569758948 0.494850021680094 0.0010844047224545523
political 0.005113221329437546 0.3098039199714864 0.0015840960115415666
influenced 0.0007304601899196494 1.0 0.0007304601899196494
spirit 0.0007304601899196494 1.0969100130080565 0.00080124909642663
grandmother 0.0014609203798392988 0.6777807052660807 0.0009901836453850704
seat 0.005843681519357195 0.619788758288394 0.0036218481127152312
democrat 0.0029218407596785976 1.5654310959658013 0.004573940382661216
traditionally 0.0007304601899196494 2.0 0.0014609203798392988
republican 0.0029218407596785976 0.6777807052660807 0.001980367290770141
region 0.0007304601899196494 1.2218487496163564 0.0008925118696978498
appointed 0.0014609203798392988 0.6777807052660807 0.0009901836453850704
hillary 0.003652300949598247 0.853871964321762 0.003118597386127692
clinton 0.005843681519357195 0.5228787452803376 0.0030555368606593873
resigned 0.002191380569758948 0.9208187539523752 0.0020178643256808806
achieved 0.0007304601899196494 0.8239087409443188 0.0006018325353866463
victory 0.0007304601899196494 0.5686362358410126 0.0004153661328276206
reelection 0.0029218407596785976 1.0 0.0029218407596785976
went 0.002191380569758948 0.32790214206428253 0.000718558382902007
release 0.0007304601899196494 0.5686362358410126 0.0004153661328276206
non 0.0014609203798392988 1.0969100130080565 0.00160249819285326
fiction 0.0014609203798392988 1.3979400086720377 0.002042279048461706
sideline 0.0014609203798392988 2.0 0.0029218407596785976
solidified 0.0007304601899196494 1.5228787452803376 0.0011124022975020729
staunch 0.0014609203798392988 1.0 0.0014609203798392988
proponent 0.0007304601899196494 1.3010299956639813 0.0009503506177238724
reform 0.002191380569758948 0.7958800173440752 0.001744076005867221
handling 0.0014609203798392988 0.958607314841775 0.001400448962515376
among 0.0014609203798392988 0.35654732351381263 0.0005208872512984845
announce 0.0007304601899196494 1.0969100130080565 0.00080124909642663
candidacy 0.0014609203798392988 0.9208187539523752 0.0013452428837872538
presidential 0.003652300949598247 0.3665315444204135 0.0013386835077443884
election 0.0014609203798392988 0.44369749923271273 0.0006482067191128017
dropping 0.002191380569758948 1.5228787452803376 0.0033372068925062183
race 0.002191380569758948 0.619788758288394 0.0013581930422682117
august 0.0014609203798392988 0.494850021680094 0.0007229364816363681
household 0.0007304601899196494 1.0 0.0007304601899196494
free 0.0007304601899196494 0.6989700043360189 0.0005105697621154265
thinker 0.0007304601899196494 1.6989700043360187 0.0012410299520350758
maternal 0.0007304601899196494 1.0969100130080565 0.00080124909642663
dorothea 0.0007304601899196494 1.6989700043360187 0.0012410299520350758
polly 0.0014609203798392988 2.0 0.0029218407596785976
noonan 0.0014609203798392988 2.0 0.0029218407596785976
major 0.004382761139517896 0.4202164033831899 0.0018417081229358213
influence 0.0007304601899196494 0.6989700043360189 0.0005105697621154265
advising 0.0007304601899196494 2.0 0.0014609203798392988
mayor 0.002191380569758948 0.6777807052660807 0.0014852754680776056
erastus 0.0007304601899196494 2.0 0.0014609203798392988
corning 0.0007304601899196494 2.0 0.0014609203798392988
ii 0.0007304601899196494 0.48148606012211254 0.00035170639892046206
organizing 0.0007304601899196494 1.1549019599857433 0.0008436099050297614
state 0.0029218407596785976 0.4930892744484819 0.0014407283402439208
legislature 0.0007304601899196494 1.045757490560675 0.0007638842151648466
secretary 0.002191380569758948 2.638272163982407 0.0057814583578869394
action 0.0007304601899196494 0.585026652029182 0.00042733867934929295
pursued 0.0007304601899196494 1.2218487496163564 0.0008925118696978498
career 0.0007304601899196494 0.17392519729917358 0.0001270454326509668
law 0.003652300949598247 1.2873502983727887 0.004701790717212523
also 0.005113221329437546 0.0861861476162833 0.0004406888482936327
became 0.003652300949598247 0.07572071393811834 0.00027655483542044683
black 0.0007304601899196494 0.3872161432802645 0.0002828459775604562
belt 0.0007304601899196494 2.0 0.0014609203798392988
karate 0.0007304601899196494 1.6989700043360187 0.0012410299520350758
father 0.0007304601899196494 0.14874165128092467 0.0001086498548436265
douglas 0.0007304601899196494 1.3010299956639813 0.0009503506177238724
worked 0.002191380569758948 0.3098039199714864 0.0006788982906606714
lobbyist 0.0007304601899196494 2.0 0.0014609203798392988
using 0.0007304601899196494 0.7958800173440752 0.000581358668622407
nickname 0.0007304601899196494 0.9208187539523752 0.0006726214418936269
tina 0.0007304601899196494 1.3010299956639813 0.0009503506177238724
attended 0.0014609203798392988 0.5376020021010439 0.0007853937211118246
prep 0.0007304601899196494 1.6989700043360187 0.0012410299520350758
school 0.0014609203798392988 0.14874165128092467 0.000217299709687253
emma 0.0007304601899196494 1.5228787452803376 0.0011124022975020729
willard 0.0007304601899196494 2.0 0.0014609203798392988
going 0.002191380569758948 0.6020599913279624 0.0013193425668253376
faced 0.0014609203798392988 0.7695510786217261 0.0011242528540857941
still 0.0014609203798392988 0.431798275933005 0.0006308229012900001
sexist 0.0007304601899196494 2.0 0.0014609203798392988
atmosphere 0.0007304601899196494 1.6989700043360187 0.0012410299520350758
decade 0.0007304601899196494 0.8239087409443188 0.0006018325353866463
ivy 0.0007304601899196494 1.6989700043360187 0.0012410299520350758
league 0.0007304601899196494 0.8239087409443188 0.0006018325353866463
gone 0.0007304601899196494 1.0969100130080565 0.00080124909642663
coed 0.0007304601899196494 2.0 0.0014609203798392988
majored 0.0007304601899196494 1.6989700043360187 0.0012410299520350758
asian 0.0007304601899196494 1.3010299956639813 0.0009503506177238724
study 0.0007304601899196494 0.9208187539523752 0.0006726214418936269
abroad 0.0007304601899196494 1.045757490560675 0.0007638842151648466
china 0.0007304601899196494 1.2218487496163564 0.0008925118696978498
interviewed 0.0007304601899196494 1.3979400086720377 0.001021139524230853
dalai 0.0007304601899196494 2.0 0.0014609203798392988
lama 0.0007304601899196494 2.0 0.0014609203798392988
graduated 0.0007304601899196494 0.6575773191777938 0.0004803340534534652
magna 0.0007304601899196494 1.2218487496163564 0.0008925118696978498
cum 0.0007304601899196494 1.0 0.0007304601899196494
laude 0.0007304601899196494 1.0 0.0007304601899196494
earn 0.0007304601899196494 0.9208187539523752 0.0006726214418936269
degree 0.0007304601899196494 0.5228787452803376 0.0003819421075824234
legal 0.0007304601899196494 0.5086383061657272 0.0003715400337222259
firm 0.0007304601899196494 0.6020599913279624 0.0004397808556084459
entering 0.0007304601899196494 1.045757490560675 0.0007638842151648466
world 0.002191380569758948 0.04575749056067514 0.00010027207573559198
inspired 0.0007304601899196494 0.6989700043360189 0.0005105697621154265
word 0.0007304601899196494 0.7447274948966939 0.0005439937873606237
time 0.002191380569758948 0.1023729087095586 0.0002243380030158333
corporate 0.0007304601899196494 1.0969100130080565 0.00080124909642663
attorney 0.0014609203798392988 0.494850021680094 0.0007229364816363681
special 0.0014609203798392988 0.638272163982407 0.0009324648122460293
counsel 0.0007304601899196494 0.958607314841775 0.000700224481257688
department 0.0007304601899196494 0.7447274948966939 0.0005439937873606237
housing 0.0007304601899196494 0.9208187539523752 0.0006726214418936269
urban 0.0007304601899196494 0.9208187539523752 0.0006726214418936269
development 0.0007304601899196494 0.7695510786217261 0.0005621264270428971
took 0.0007304601899196494 0.28399665636520083 0.00020744825154507
surname 0.0007304601899196494 1.3979400086720377 0.001021139524230853
marrying 0.0007304601899196494 1.5228787452803376 0.0011124022975020729
british 0.0007304601899196494 0.6989700043360189 0.0005105697621154265
venture 0.0007304601899196494 1.3979400086720377 0.001021139524230853
capitalist 0.0007304601899196494 2.0 0.0014609203798392988
jonathan 0.0007304601899196494 1.2218487496163564 0.0008925118696978498
two 0.0007304601899196494 0.11918640771920867 8.706092601841394e-05
campaigned 0.0007304601899196494 1.045757490560675 0.0007638842151648466
running 0.0007304601899196494 0.721246399047171 0.0005268417816268598
democratic 0.003652300949598247 0.3872161432802645 0.0014142298878022808
ticket 0.0007304601899196494 1.1549019599857433 0.0008436099050297614
incumbent 0.0007304601899196494 0.8860566476931633 0.0006472291071535159
john 0.0007304601899196494 0.37675070960209955 0.0002752013948883123
e 0.002191380569758948 0.04575749056067514 0.00010027207573559198
sweeney 0.0007304601899196494 2.0 0.0014609203798392988
area 0.0007304601899196494 0.7447274948966939 0.0005439937873606237
upstate 0.0007304601899196494 2.0 0.0014609203798392988
tended 0.0007304601899196494 1.6989700043360187 0.0012410299520350758
vote 0.002191380569758948 0.638272163982407 0.001398697218369044
cemented 0.0007304601899196494 2.0 0.0014609203798392988
standing 0.0007304601899196494 1.0 0.0007304601899196494
community 0.0007304601899196494 0.48148606012211254 0.00035170639892046206
based 0.0007304601899196494 0.619788758288394 0.0004527310140894039
campaigning 0.0007304601899196494 1.1549019599857433 0.0008436099050297614
resulted 0.0007304601899196494 0.8860566476931633 0.0006472291071535159
landslide 0.0007304601899196494 1.3979400086720377 0.001021139524230853
january 0.0014609203798392988 0.2676062401770315 0.00039095141004679546
governor 0.002191380569758948 0.6575773191777938 0.0014410021603603956
david 0.0007304601899196494 0.7695510786217261 0.0005621264270428971
paterson 0.0007304601899196494 2.0 0.0014609203798392988
fill 0.0007304601899196494 1.5228787452803376 0.0011124022975020729
left 0.0007304601899196494 0.2924298239020636 0.00021360834470567102
vacant 0.0007304601899196494 1.6989700043360187 0.0012410299520350758
accepted 0.0007304601899196494 0.619788758288394 0.0004527310140894039
position 0.0007304601899196494 0.619788758288394 0.0004527310140894039
president 0.003652300949598247 0.16749108729376372 0.0006117278571722561
barack 0.0014609203798392988 0.3872161432802645 0.0005656919551209124
obama 0.0014609203798392988 0.37675070960209955 0.0005504027897766246
newly 0.0007304601899196494 1.3010299956639813 0.0009503506177238724
formed 0.0007304601899196494 0.721246399047171 0.0005268417816268598
cabinet 0.0007304601899196494 0.958607314841775 0.000700224481257688
thus 0.0007304601899196494 1.3010299956639813 0.0009503506177238724
becoming 0.0007304601899196494 0.3372421683184259 0.0002463419783187918
youngest 0.0007304601899196494 0.5228787452803376 0.0003819421075824234
member 0.002191380569758948 0.3010299956639812 0.0006596712834126688
record 0.0007304601899196494 0.494850021680094 0.00036146824081818407
caused 0.0007304601899196494 0.8860566476931633 0.0006472291071535159
described 0.0007304601899196494 0.6989700043360189 0.0005105697621154265
centrist 0.0007304601899196494 1.6989700043360187 0.0012410299520350758
leaning 0.0007304601899196494 2.0 0.0014609203798392988
supporter 0.0014609203798392988 1.3979400086720377 0.002042279048461706
gay 0.0014609203798392988 1.045757490560675 0.0015277684303296932
right 0.0029218407596785976 0.39848321634998984 0.0011643045035792253
advocating 0.0007304601899196494 1.2218487496163564 0.0008925118696978498
sex 0.0007304601899196494 0.7958800173440752 0.000581358668622407
marriage 0.0007304601899196494 0.5376020021010439 0.0003926968605559123
repeal 0.0007304601899196494 1.3010299956639813 0.0009503506177238724
ask 0.0007304601899196494 1.0969100130080565 0.00080124909642663
tell 0.0007304601899196494 0.9208187539523752 0.0006726214418936269
thereby 0.0007304601899196494 1.6989700043360187 0.0012410299520350758
allowing 0.0014609203798392988 1.1549019599857433 0.0016872198100595227
citizen 0.0007304601899196494 0.721246399047171 0.0005268417816268598
serve 0.0014609203798392988 0.5086383061657272 0.0007430800674444518
openly 0.0014609203798392988 1.0969100130080565 0.00160249819285326
improved 0.0007304601899196494 1.3979400086720377 0.001021139524230853
healthcare 0.0007304601899196494 0.958607314841775 0.000700224481257688
benefit 0.0007304601899196494 1.2218487496163564 0.0008925118696978498
worker 0.0007304601899196494 0.958607314841775 0.000700224481257688
agricultural 0.0007304601899196494 1.5228787452803376 0.0011124022975020729
committee 0.0014609203798392988 0.638272163982407 0.0009324648122460293
fought 0.0007304601899196494 0.7958800173440752 0.000581358668622407
food 0.0007304601899196494 1.2218487496163564 0.0008925118696978498
stamp 0.0007304601899196494 1.6989700043360187 0.0012410299520350758
reduction 0.0007304601899196494 2.0 0.0014609203798392988
end 0.0007304601899196494 0.44369749923271273 0.00032410335955640083
amnesty 0.0007304601899196494 2.0 0.0014609203798392988
illegal 0.0007304601899196494 1.0969100130080565 0.00080124909642663
immigrant 0.0007304601899196494 1.0 0.0007304601899196494
received 0.0007304601899196494 0.28399665636520083 0.00020744825154507
endorsement 0.0007304601899196494 1.6989700043360187 0.0012410299520350758
national 0.0007304601899196494 0.3010299956639812 0.00021989042780422294
rifle 0.0007304601899196494 1.6989700043360187 0.0012410299520350758
association 0.0007304601899196494 0.8239087409443188 0.0006018325353866463
later 0.0014609203798392988 0.09151498112135023 0.00013369610098078923
softened 0.0007304601899196494 2.0 0.0014609203798392988
stance 0.0007304601899196494 1.1549019599857433 0.0008436099050297614
immigration 0.0007304601899196494 0.8860566476931633 0.0006472291071535159
started 0.0007304601899196494 0.6020599913279624 0.0004397808556084459
favor 0.0014609203798392988 0.7695510786217261 0.0011242528540857941
gun 0.0007304601899196494 0.8860566476931633 0.0006472291071535159
control 0.0007304601899196494 0.5528419686577808 0.00040382904942131543
known 0.0014609203798392988 0.06048074738138145 8.835755643737246e-05
transparency 0.0014609203798392988 1.6989700043360187 0.0024820599040701516
sunlight 0.0007304601899196494 2.0 0.0014609203798392988
report 0.0007304601899196494 0.8239087409443188 0.0006018325353866463
publishes 0.0007304601899196494 2.0 0.0014609203798392988
meet 0.0007304601899196494 1.5228787452803376 0.0011124022975020729
politically 0.0007304601899196494 1.045757490560675 0.0007638842151648466
welcomed 0.0007304601899196494 0.8860566476931633 0.0006472291071535159
colleague 0.0014609203798392988 1.5228787452803376 0.0022248045950041457
call 0.0014609203798392988 0.6989700043360189 0.001021139524230853
case 0.002191380569758948 0.958607314841775 0.0021006734437730643
wendy 0.0007304601899196494 1.6989700043360187 0.0012410299520350758
long 0.0014609203798392988 0.4559319556497244 0.0006660802858286696
hence 0.0007304601899196494 1.5228787452803376 0.0011124022975020729
retaining 0.0007304601899196494 1.5228787452803376 0.0011124022975020729
since 0.0014609203798392988 0.3372421683184259 0.0004926839566375835
made 0.0007304601899196494 0.1804560644581313 0.0001318159711162391
headline 0.0007304601899196494 0.8239087409443188 0.0006018325353866463
seeking 0.0007304601899196494 0.958607314841775 0.000700224481257688
create 0.0007304601899196494 0.8239087409443188 0.0006018325353866463
around 0.0007304601899196494 0.4559319556497244 0.0003330401429143348
within 0.0007304601899196494 0.8239087409443188 0.0006018325353866463
specifically 0.0007304601899196494 1.1549019599857433 0.0008436099050297614
called 0.002191380569758948 0.3010299956639812 0.0006596712834126688
commander 0.0007304601899196494 2.0 0.0014609203798392988
longer 0.0014609203798392988 0.8239087409443188 0.0012036650707732926
supervise 0.0007304601899196494 2.0 0.0014609203798392988
related 0.0007304601899196494 0.7695510786217261 0.0005621264270428971
court 0.0007304601899196494 0.4202164033831899 0.0003069513538226369
martial 0.0007304601899196494 1.6989700043360187 0.0012410299520350758
proceeding 0.0007304601899196494 1.3010299956639813 0.0009503506177238724
rape 0.0007304601899196494 1.3979400086720377 0.001021139524230853
handled 0.0014609203798392988 1.6989700043360187 0.0024820599040701516
outside 0.0007304601899196494 0.6989700043360189 0.0005105697621154265
purview 0.0007304601899196494 2.0 0.0014609203798392988
general 0.0014609203798392988 0.4559319556497244 0.0006660802858286696
judicial 0.0007304601899196494 1.1549019599857433 0.0008436099050297614
system 0.0007304601899196494 0.7958800173440752 0.000581358668622407
march 0.002191380569758948 0.27572413039921095 0.0006042165019705134
justice 0.0007304601899196494 0.5376020021010439 0.0003926968605559123
improvement 0.0007304601899196494 1.3010299956639813 0.0009503506177238724
act 0.0029218407596785976 0.4685210829577449 0.0013689439969546966
supported 0.0007304601899196494 0.6989700043360189 0.0005105697621154265
bipartisan 0.0007304601899196494 1.0 0.0007304601899196494
show 0.0014609203798392988 0.494850021680094 0.0007229364816363681
force 0.0007304601899196494 0.6575773191777938 0.0004803340534534652
number 0.0007304601899196494 1.1549019599857433 0.0008436099050297614
sufficient 0.0007304601899196494 1.5228787452803376 0.0011124022975020729
overcome 0.0007304601899196494 1.3979400086720377 0.001021139524230853
filibuster 0.0007304601899196494 1.5228787452803376 0.0011124022975020729
another 0.0007304601899196494 0.40893539297350084 0.00029871102481628987
xa 0.010226442658875092 0.17392519729917358 0.0017786360571135356
following 0.0014609203798392988 0.2518119729937996 0.0003678772432341849
year 0.0014609203798392988 0.1307682802690238 0.00019104204568155413
group 0.0007304601899196494 0.37675070960209955 0.0002752013948883123
proposed 0.0007304601899196494 1.0969100130080565 0.00080124909642663
accountability 0.002191380569758948 2.0 0.004382761139517896
safety 0.0007304601899196494 1.0969100130080565 0.00080124909642663
aim 0.0007304601899196494 1.3979400086720377 0.001021139524230853
decrease 0.0007304601899196494 2.0 0.0014609203798392988
incident 0.0007304601899196494 1.5228787452803376 0.0011124022975020729
thorough 0.0007304601899196494 1.3979400086720377 0.001021139524230853
regulation 0.0007304601899196494 1.2218487496163564 0.0008925118696978498
read 0.0007304601899196494 0.0655015487564323 4.784627374465471e-05
next 0.0007304601899196494 0.07058107428570728 5.155666492747063e-05
bella 0.0007304601899196494 0.0655015487564323 4.784627374465471e-05
hadid 0.0007304601899196494 0.0655015487564323 4.784627374465471e-05
sadie 0.0007304601899196494 0.06048074738138145 4.417877821868623e-05
alexander 0.0007304601899196494 0.05551732784983141 4.0553197845019294e-05
adrienne 0.0007304601899196494 0.0655015487564323 4.784627374465471e-05
kennedy 0.002191380569758948 0.06048074738138145 0.0001325363346560587
released 0.0007304601899196494 0.3010299956639812 0.00021989042780422294
bestselling 0.0007304601899196494 1.5228787452803376 0.0011124022975020729
raise 0.0007304601899196494 1.0969100130080565 0.00080124909642663
voice 0.0014609203798392988 0.7447274948966939 0.0010879875747212475
recount 0.0007304601899196494 1.5228787452803376 0.0011124022975020729
ascension 0.0007304601899196494 2.0 0.0014609203798392988
offer 0.0007304601899196494 1.6989700043360187 0.0012410299520350758
governmental 0.0007304601899196494 1.3979400086720377 0.001021139524230853
affair 0.0014609203798392988 0.7695510786217261 0.0011242528540857941
bid 0.0007304601899196494 0.6020599913279624 0.0004397808556084459
presidency 0.0014609203798392988 0.4685210829577449 0.0006844719984773483
prior 0.0007304601899196494 0.853871964321762 0.0006237194772255384
donald 0.0007304601899196494 0.494850021680094 0.00036146824081818407
trump 0.002191380569758948 0.5086383061657272 0.0011146201011666777
morality 0.0007304601899196494 1.6989700043360187 0.0012410299520350758
late 0.002191380569758948 0.3665315444204135 0.000803210104646633
began 0.0007304601899196494 0.20065945054641826 0.00014657374035530917
speaking 0.0007304601899196494 0.9208187539523752 0.0006726214418936269
harassment 0.005113221329437546 1.0969100130080565 0.005608743674986411
charge 0.0007304601899196494 0.9208187539523752 0.0006726214418936269
enveloping 0.0007304601899196494 2.0 0.0014609203798392988
figure 0.0007304601899196494 0.8239087409443188 0.0006018325353866463
entertainment 0.0007304601899196494 1.0 0.0007304601899196494
november 0.0007304601899196494 0.24412514432750856 0.00017832369928963372
said 0.002191380569758948 0.2518119729937996 0.0005518158648512774
bill 0.0029218407596785976 0.4202164033831899 0.0012278054152905476
admitting 0.0007304601899196494 1.6989700043360187 0.0012410299520350758
monica 0.0007304601899196494 1.5228787452803376 0.0011124022975020729
lewinsky 0.0007304601899196494 1.6989700043360187 0.0012410299520350758
angering 0.0007304601899196494 2.0 0.0014609203798392988
former 0.002191380569758948 0.27572413039921095 0.0006042165019705134
ally 0.0007304601899196494 0.958607314841775 0.000700224481257688
camp 0.0007304601899196494 1.0969100130080565 0.00080124909642663
minnesota 0.0007304601899196494 1.1549019599857433 0.0008436099050297614
al 0.0007304601899196494 0.7447274948966939 0.0005439937873606237
franken 0.0007304601899196494 2.0 0.0014609203798392988
step 0.0007304601899196494 0.7958800173440752 0.000581358668622407
multiple 0.0007304601899196494 0.721246399047171 0.0005268417816268598
accusation 0.0007304601899196494 1.1549019599857433 0.0008436099050297614
misconduct 0.0007304601899196494 1.5228787452803376 0.0011124022975020729
enough 0.0014609203798392988 0.6575773191777938 0.0009606681069069304
wrote 0.0014609203798392988 0.5528419686577808 0.0008076580988426309
facebook 0.0007304601899196494 1.3979400086720377 0.001021139524230853
country 0.0007304601899196494 0.27572413039921095 0.0002014055006568378
sent 0.0007304601899196494 0.853871964321762 0.0006237194772255384
clear 0.0007304601899196494 0.9208187539523752 0.0006726214418936269
message 0.0007304601899196494 0.9208187539523752 0.0006726214418936269
kind 0.0007304601899196494 0.7958800173440752 0.000581358668622407
mistreatment 0.0007304601899196494 2.0 0.0014609203798392988
society 0.0007304601899196494 0.7695510786217261 0.0005621264270428971
acceptable 0.0007304601899196494 1.3010299956639813 0.0009503506177238724
stepping 0.0007304601899196494 1.5228787452803376 0.0011124022975020729
aside 0.0007304601899196494 1.0969100130080565 0.00080124909642663
let 0.0007304601899196494 0.6777807052660807 0.0004950918226925352
else 0.0007304601899196494 1.0969100130080565 0.00080124909642663
shortly 0.0007304601899196494 0.585026652029182 0.00042733867934929295
afterward 0.0007304601899196494 0.853871964321762 0.0006237194772255384
growing 0.0007304601899196494 0.585026652029182 0.00042733867934929295
chorus 0.0007304601899196494 1.5228787452803376 0.0011124022975020729
calling 0.0014609203798392988 0.7958800173440752 0.001162717337244814
resign 0.0007304601899196494 1.0 0.0007304601899196494
allegation 0.0007304601899196494 1.0969100130080565 0.00080124909642663
true 0.0007304601899196494 0.8239087409443188 0.0006018325353866463
form 0.0007304601899196494 0.7447274948966939 0.0005439937873606237
punched 0.0007304601899196494 2.0 0.0014609203798392988
back 0.0007304601899196494 0.4202164033831899 0.0003069513538226369
via 0.0007304601899196494 0.5086383061657272 0.0003715400337222259
twitter 0.0007304601899196494 1.0969100130080565 0.00080124909642663
lightweight 0.0007304601899196494 2.0 0.0014609203798392988
flunky 0.0007304601899196494 2.0 0.0014609203798392988
come 0.0014609203798392988 0.5528419686577808 0.0008076580988426309
office 0.002191380569758948 0.31875876262441283 0.0006985217588555431
begging 0.0007304601899196494 2.0 0.0014609203798392988
campaign 0.0007304601899196494 0.3872161432802645 0.0002828459775604562
contribution 0.0007304601899196494 1.0969100130080565 0.00080124909642663
ago 0.0007304601899196494 1.045757490560675 0.0007638842151648466
anything 0.0007304601899196494 0.9208187539523752 0.0006726214418936269
criticized 0.0007304601899196494 0.958607314841775 0.000700224481257688
congressional 0.0014609203798392988 0.721246399047171 0.0010536835632537196
leader 0.0029218407596785976 0.8582367697242121 0.0025076311752350974
anti 0.0007304601899196494 0.721246399047171 0.0005268417816268598
measure 0.0014609203798392988 1.0 0.0014609203798392988
omnibus 0.0014609203798392988 1.6989700043360187 0.0024820599040701516
spending 0.0007304601899196494 0.721246399047171 0.0005268417816268598
signed 0.0007304601899196494 0.494850021680094 0.00036146824081818407
aimed 0.0007304601899196494 1.045757490560675 0.0007638842151648466
overhaul 0.0007304601899196494 1.3010299956639813 0.0009503506177238724
side 0.0007304601899196494 0.9208187539523752 0.0006726214418936269
aisle 0.0007304601899196494 1.2218487496163564 0.0008925118696978498
saw 0.0007304601899196494 0.6989700043360189 0.0005105697621154265
outdated 0.0007304601899196494 2.0 0.0014609203798392988
claim 0.0007304601899196494 1.3010299956639813 0.0009503506177238724
capitol 0.002191380569758948 1.0 0.002191380569758948
hill 0.002191380569758948 0.8860566476931633 0.0019416873214605477
appalled 0.0007304601899196494 2.0 0.0014609203798392988
leadership 0.0007304601899196494 0.638272163982407 0.00046623240612301463
removed 0.0007304601899196494 1.0 0.0007304601899196494
provision 0.0007304601899196494 1.6989700043360187 0.0012410299520350758
last 0.0014609203798392988 0.0655015487564323 9.569254748930943e-05
minute 0.0007304601899196494 1.0 0.0007304601899196494
finally 0.0007304601899196494 0.7447274948966939 0.0005439937873606237
brought 0.0014609203798392988 0.619788758288394 0.0009054620281788078
reporting 0.0007304601899196494 1.6989700043360187 0.0012410299520350758
x 0.002191380569758948 0.4559319556497244 0.0009991204287430045
c 0.0007304601899196494 0.35654732351381263 0.0002604436256492422
begs 0.0007304601899196494 2.0 0.0014609203798392988
question 0.0007304601899196494 1.1549019599857433 0.0008436099050297614
female 0.002191380569758948 0.6020599913279624 0.0013193425668253376
presented 0.0007304601899196494 1.0 0.0007304601899196494
letter 0.0007304601899196494 1.0969100130080565 0.00080124909642663
majority 0.0007304601899196494 0.7447274948966939 0.0005439937873606237
mitch 0.0007304601899196494 1.1549019599857433 0.0008436099050297614
mcconnell 0.0007304601899196494 1.1549019599857433 0.0008436099050297614
minority 0.0007304601899196494 0.8860566476931633 0.0006472291071535159
chuck 0.002191380569758948 1.2218487496163564 0.0026775356090935495
schumer 0.002191380569758948 1.5228787452803376 0.0033372068925062183
legislation 0.0007304601899196494 0.8239087409443188 0.0006018325353866463
complaint 0.0007304601899196494 1.6989700043360187 0.0012410299520350758
survivor 0.0007304601899196494 2.0 0.0014609203798392988
bravely 0.0007304601899196494 2.0 0.0014609203798392988
forward 0.0007304601899196494 0.7695510786217261 0.0005621264270428971
share 0.0007304601899196494 0.958607314841775 0.000700224481257688
story 0.0029218407596785976 0.05551732784983141 0.00016221279138007718
light 0.0007304601899196494 0.9208187539523752 0.0006726214418936269
widespread 0.0007304601899196494 1.2218487496163564 0.0008925118696978498
discrimination 0.0007304601899196494 0.9208187539523752 0.0006726214418936269
continue 0.0007304601899196494 0.6777807052660807 0.0004950918226925352
throughout 0.0007304601899196494 0.6020599913279624 0.0004397808556084459
allow 0.0007304601899196494 1.045757490560675 0.0007638842151648466
perpetrator 0.0007304601899196494 2.0 0.0014609203798392988
hide 0.0007304601899196494 2.0 0.0014609203798392988
behind 0.0014609203798392988 0.6777807052660807 0.0009901836453850704
old 0.0007304601899196494 0.28399665636520083 0.00020744825154507
candidate 0.0007304601899196494 0.585026652029182 0.00042733867934929295
appearing 0.0007304601899196494 1.2218487496163564 0.0008925118696978498
stephen 0.0007304601899196494 1.0969100130080565 0.00080124909642663
colbert 0.0014609203798392988 2.0 0.0029218407596785976
declared 0.0007304601899196494 0.5528419686577808 0.00040382904942131543
launching 0.0007304601899196494 1.1549019599857433 0.0008436099050297614
exploratory 0.0007304601899196494 2.0 0.0014609203798392988
run 0.002191380569758948 0.4559319556497244 0.0009991204287430045
white 0.0014609203798392988 0.3872161432802645 0.0005656919551209124
united 0.0007304601899196494 0.18708664335714445 0.00013665934503808946
mom 0.0007304601899196494 1.3979400086720377 0.001021139524230853
fight 0.0014609203798392988 0.5376020021010439 0.0007853937211118246
kid 0.0007304601899196494 0.9208187539523752 0.0006726214418936269
hard 0.0007304601899196494 0.638272163982407 0.00046623240612301463
told 0.0007304601899196494 0.44369749923271273 0.00032410335955640083
despite 0.0007304601899196494 0.4202164033831899 0.0003069513538226369
high 0.0007304601899196494 0.27572413039921095 0.0002014055006568378
profile 0.0007304601899196494 0.853871964321762 0.0006237194772255384
launch 0.0007304601899196494 1.045757490560675 0.0007638842151648466
failed 0.0007304601899196494 0.5376020021010439 0.0003926968605559123
gain 0.0007304601899196494 0.958607314841775 0.000700224481257688
significant 0.0007304601899196494 1.3010299956639813 0.0009503506177238724
traction 0.0007304601899196494 1.3010299956639813 0.0009503506177238724
month 0.0007304601899196494 0.431798275933005 0.00031541145064500003
ahead 0.0007304601899196494 0.958607314841775 0.000700224481257688
leaving 0.0007304601899196494 0.5686362358410126 0.0004153661328276206
well 0.0007304601899196494 0.20065945054641826 0.00014657374035530917
frontrunners 0.0007304601899196494 1.6989700043360187 0.0012410299520350758
joe 0.0007304601899196494 0.5228787452803376 0.0003819421075824234
biden 0.0007304601899196494 0.6575773191777938 0.0004803340534534652
warren 0.002191380569758948 1.045757490560675 0.0022916526454945397
kamala 0.0007304601899196494 1.1549019599857433 0.0008436099050297614
harris 0.0007304601899196494 1.045757490560675 0.0007638842151648466
bernie 0.0007304601899196494 1.1549019599857433 0.0008436099050297614
sander 0.0007304601899196494 1.0969100130080565 0.00080124909642663
debate 0.0014609203798392988 0.853871964321762 0.0012474389544510768
june 0.0007304601899196494 0.28399665636520083 0.00020744825154507
failing 0.0007304601899196494 1.3979400086720377 0.001021139524230853
qualify 0.0007304601899196494 1.5228787452803376 0.0011124022975020729
third 0.0007304601899196494 0.4202164033831899 0.0003069513538226369
announced 0.0007304601899196494 0.40893539297350084 0.00029871102481628987
check 0.0007304601899196494 0.07058107428570728 5.155666492747063e-05
strive 0.0007304601899196494 0.07058107428570728 5.155666492747063e-05
accuracy 0.0007304601899196494 0.07058107428570728 5.155666492747063e-05
fairness 0.0007304601899196494 0.07058107428570728 5.155666492747063e-05
citation 0.0007304601899196494 0.07058107428570728 5.155666492747063e-05
information 0.0007304601899196494 0.07058107428570728 5.155666492747063e-05
article 0.0007304601899196494 0.07058107428570728 5.155666492747063e-05
title 0.0007304601899196494 0.07058107428570728 5.155666492747063e-05
author 0.0007304601899196494 0.06048074738138145 4.417877821868623e-05
com 0.0014609203798392988 0.06048074738138145 8.835755643737246e-05
editor 0.0007304601899196494 0.1023729087095586 7.477933433861111e-05
website 0.0014609203798392988 0.0655015487564323 9.569254748930943e-05
url 0.0007304601899196494 0.07058107428570728 5.155666492747063e-05
access 0.0007304601899196494 0.07058107428570728 5.155666492747063e-05
publisher 0.0007304601899196494 0.07058107428570728 5.155666492747063e-05
television 0.0014609203798392988 0.04575749056067514 6.684805049039466e-05
network 0.0014609203798392988 0.04575749056067514 6.684805049039466e-05
updated 0.0007304601899196494 0.07058107428570728 5.155666492747063e-05
april 0.0014609203798392988 0.1549019599857432 0.0002262994302202238
original 0.0007304601899196494 0.0655015487564323 4.784627374465471e-05
published 0.0007304601899196494 0.07058107428570728 5.155666492747063e-05
receive 0.0007304601899196494 0.05551732784983141 4.0553197845019294e-05
shaped 0.0014609203798392988 0.05551732784983141 8.110639569003859e-05
introduced 0.0007304601899196494 0.9208187539523752 0.0006726214418936269
federally 0.0007304601899196494 1.6989700043360187 0.0012410299520350758
decriminalize 0.0007304601899196494 1.6989700043360187 0.0012410299520350758
regulate 0.0007304601899196494 2.0 0.0014609203798392988
marijuana 0.0007304601899196494 1.6989700043360187 0.0012410299520350758
taking 0.0014609203798392988 0.6020599913279624 0.0008795617112168918
pot 0.0007304601899196494 2.0 0.0014609203798392988
controlled 0.0007304601899196494 0.8239087409443188 0.0006018325353866463
substance 0.0007304601899196494 1.5228787452803376 0.0011124022975020729
determine 0.0007304601899196494 1.5228787452803376 0.0011124022975020729
simply 0.0007304601899196494 1.045757490560675 0.0007638842151648466
thing 0.0007304601899196494 0.7447274948966939 0.0005439937873606237
andrew 0.0014609203798392988 0.7447274948966939 0.0010879875747212475
cuomo 0.0029218407596785976 1.5228787452803376 0.004449609190008291
th 0.0007304601899196494 0.2076083105017461 0.000151649605918003
son 0.0007304601899196494 0.28399665636520083 0.00020744825154507
mario 0.0007304601899196494 1.3979400086720377 0.001021139524230853
brother 0.0007304601899196494 0.494850021680094 0.00036146824081818407
news 0.0007304601899196494 0.585026652029182 0.00042733867934929295
anchor 0.0007304601899196494 1.0969100130080565 0.00080124909642663
chris 0.0007304601899196494 1.045757490560675 0.0007638842151648466
formerly 0.0007304601899196494 1.1549019599857433 0.0008436099050297614
hud 0.0007304601899196494 1.045757490560675 0.0007638842151648466
american 0.0014609203798392988 0.1023729087095586 0.00014955866867722223
lady 0.0007304601899196494 0.6575773191777938 0.0004803340534534652
win 0.0014609203798392988 0.585026652029182 0.0008546773586985859
public 0.0014609203798392988 0.2596373105057561 0.0003793094382845232
become 0.0007304601899196494 0.3372421683184259 0.0002463419783187918
nominee 0.0007304601899196494 0.7695510786217261 0.0005621264270428971
party 0.002191380569758948 0.3979400086720376 0.0008720380029336105
nancy 0.0014609203798392988 1.0 0.0014609203798392988
pelosi 0.0014609203798392988 1.0969100130080565 0.00160249819285326
speaker 0.0007304601899196494 0.7447274948966939 0.0005439937873606237
rahm 0.0014609203798392988 1.3979400086720377 0.002042279048461706
emanuel 0.0014609203798392988 1.3979400086720377 0.002042279048461706
chief 0.0007304601899196494 0.5686362358410126 0.0004153661328276206
staff 0.0007304601899196494 0.9208187539523752 0.0006726214418936269
chicago 0.0007304601899196494 0.638272163982407 0.00046623240612301463
cory 0.0014609203798392988 1.5228787452803376 0.0022248045950041457
booker 0.0014609203798392988 1.5228787452803376 0.0022248045950041457
best 0.0007304601899196494 0.13667713987954408 9.983720955408625e-05
newark 0.0007304601899196494 2.0 0.0014609203798392988
junior 0.0007304601899196494 0.853871964321762 0.0006237194772255384
jersey 0.0007304601899196494 1.2218487496163564 0.0008925118696978498
joseph 0.0014609203798392988 0.585026652029182 0.0008546773586985859
p 0.0014609203798392988 0.9208187539523752 0.0013452428837872538
iii 0.0007304601899196494 1.045757490560675 0.0007638842151648466
famed 0.0007304601899196494 0.8860566476931633 0.0006472291071535159
dynasty 0.0007304601899196494 1.3010299956639813 0.0009503506177238724
latest 0.0007304601899196494 1.3010299956639813 0.0009503506177238724
retiring 0.0007304601899196494 1.3010299956639813 0.0009503506177238724
barney 0.0007304601899196494 1.3010299956639813 0.0009503506177238724
frank 0.0007304601899196494 0.853871964321762 0.0006237194772255384
massachusetts 0.0007304601899196494 0.7695510786217261 0.0005621264270428971
ran 0.0007304601899196494 0.48148606012211254 0.00035170639892046206
nomination 0.0007304601899196494 0.5086383061657272 0.0003715400337222259
geraldine 0.0014609203798392988 2.0 0.0029218407596785976
ferraro 0.0014609203798392988 2.0 0.0029218407596785976
vice 0.0007304601899196494 0.5376020021010439 0.0003926968605559123
platform 0.0007304601899196494 1.1549019599857433 0.0008436099050297614
loading 0.0007304601899196494 0.04575749056067514 3.342402524519733e-05
logo 0.0007304601899196494 0.04575749056067514 3.342402524519733e-05
registered 0.0007304601899196494 0.04575749056067514 3.342402524519733e-05
trademark 0.0007304601899196494 0.04575749056067514 3.342402524519733e-05
llc 0.0007304601899196494 0.04575749056067514 3.342402524519733e-05
