shirley 0.03317535545023697 1.0969100130080565 0.03639037957846633
chisholm 0.037914691943127965 1.1549019599857433 0.04378775203737416
quote 0.002369668246445498 0.3872161432802645 0.000917573799242333
family 0.002369668246445498 0.11918640771920867 0.0002824322457801154
fact 0.0035545023696682467 0.14116214857141457 0.0005017611916045541
biography 0.011848341232227487 0.04575749056067514 0.0005421503620933073
skip 0.001184834123222749 0.04575749056067514 5.421503620933074e-05
main 0.001184834123222749 0.04575749056067514 5.421503620933074e-05
content 0.001184834123222749 0.04575749056067514 5.421503620933074e-05
people 0.0071090047393364926 0.04575749056067514 0.0003252902172559844
nostalgia 0.0035545023696682463 0.04575749056067514 0.0001626451086279922
celebrity 0.0035545023696682463 0.04575749056067514 0.0001626451086279922
history 0.0071090047393364926 0.04575749056067514 0.0003252902172559844
culture 0.0035545023696682463 0.04575749056067514 0.0001626451086279922
crime 0.0035545023696682463 0.04575749056067514 0.0001626451086279922
scandal 0.0035545023696682463 0.04575749056067514 0.0001626451086279922
video 0.0035545023696682463 0.04575749056067514 0.0001626451086279922
contact 0.004739336492890996 0.04575749056067514 0.00021686014483732297
u 0.013033175355450238 0.20065945054641832 0.002615229805699765
advertise 0.002369668246445498 0.04575749056067514 0.00010843007241866148
privacy 0.0035545023696682463 0.04575749056067514 0.0001626451086279922
notice 0.002369668246445498 0.04575749056067514 0.00010843007241866148
term 0.0071090047393364926 0.5406075122407692 0.0038431813666405393
use 0.002369668246445498 0.04575749056067514 0.00010843007241866148
copyright 0.002369668246445498 0.04575749056067514 0.00010843007241866148
policy 0.002369668246445498 0.04575749056067514 0.00010843007241866148
ad 0.002369668246445498 0.04575749056067514 0.00010843007241866148
choice 0.002369668246445498 0.04575749056067514 0.00010843007241866148
accessibility 0.002369668246445498 0.04575749056067514 0.00010843007241866148
support 0.0035545023696682463 0.04575749056067514 0.0001626451086279922
setting 0.001184834123222749 0.04575749056067514 5.421503620933074e-05
february 0.001184834123222749 0.04575749056067514 5.421503620933074e-05
subscribe 0.002369668246445498 0.04575749056067514 0.00010843007241866148
newsletter 0.0035545023696682463 0.04575749056067514 0.0001626451086279922
photo 0.002369668246445498 0.12493873660829993 0.000296063356891706
bob 0.001184834123222749 1.045757490560675 0.0012390491594320794
peterson 0.001184834123222749 1.6989700043360187 0.0020129976354692166
life 0.0035545023696682467 0.13679614097137055 0.00048624220724420813
image 0.004739336492890996 0.2218487496163564 0.0010514158749590351
collection 0.001184834123222749 0.853871964321762 0.0010116966401916613
via 0.001184834123222749 0.5086383061657272 0.0006026520215233735
getty 0.0035545023696682463 0.2291479883578558 0.0008145070676227102
quick 0.001184834123222749 0.07058107428570728 8.36268652674257e-05
name 0.002369668246445498 0.05551732784983141 0.0001315576489332498
birth 0.002369668246445498 0.07058107428570728 0.0001672537305348514
date 0.005924170616113744 0.07058107428570728 0.00041813432633712845
november 0.0035545023696682463 0.24412514432750856 0.0008677434040077318
death 0.005924170616113744 0.2365720064370627 0.0014014929291295182
january 0.002369668246445498 0.2676062401770315 0.000634138009898179
know 0.004739336492890996 0.4559319556497244 0.0021608149556858977
became 0.01066350710900474 0.07572071393811834 0.0008074483713780392
united 0.004739336492890996 0.18708664335714445 0.0008866665561949974
state 0.0059241706161137445 0.4930892744484819 0.002921144990808542
first 0.017772511848341232 0.0655015487564323 0.001164127051358394
african 0.011848341232227487 0.28399665636520083 0.00336488929342655
american 0.015402843601895734 0.1023729087095586 0.0015768339019244808
congresswoman 0.0071090047393364926 1.045757490560675 0.007434294956592476
one 0.005924170616113744 0.08092190762392613 0.0004793951873455339
founding 0.002369668246445498 0.6777807052660807 0.0016061154153224663
member 0.0035545023696682463 0.5376020021010439 0.001910907590406554
congressional 0.0035545023696682463 0.721246399047171 0.002563672034527859
black 0.01066350710900474 0.3872161432802645 0.004129082096590499
caucus 0.002369668246445498 1.3010299956639813 0.00308300946839806
major 0.004739336492890996 0.4202164033831899 0.001991546935465355
party 0.004739336492890996 0.3979400086720376 0.0018859716050807472
candidate 0.0071090047393364926 0.585026652029182 0.004158957241913616
make 0.004739336492890996 0.3872161432802645 0.001835147598484666
bid 0.004739336492890996 0.6020599913279624 0.0028533648878102487
presidency 0.0071090047393364926 0.4685210829577449 0.0033307185992256746
ran 0.0035545023696682463 0.48148606012211254 0.0017114433416662766
democratic 0.0071090047393364926 0.3872161432802645 0.0027527213977269985
nomination 0.005924170616113744 0.5086383061657272 0.0030132601076168675
survived 0.001184834123222749 1.0 0.001184834123222749
three 0.002369668246445498 0.2076083105017461 0.0004919628210941851
assassination 0.001184834123222749 0.7447274948966939 0.0008823785484557985
attempt 0.001184834123222749 0.7958800173440752 0.0009429858025403736
campaign 0.005924170616113744 0.3872161432802645 0.0022939344981058323
education 0.005924170616113744 0.19382002601611284 0.001148222902939057
brooklyn 0.005924170616113744 1.2218487496163564 0.0072384404598125375
college 0.0035545023696682463 0.40893539297350084 0.0014535618233655243
columbia 0.002369668246445498 0.8239087409443188 0.0019523903813846418
university 0.002369668246445498 0.2596373105057561 0.0006152542902980003
place 0.002369668246445498 0.07572071393811834 0.00017943297141734206
new 0.008293838862559242 0.14266750356873154 0.001183261285522655
york 0.0071090047393364926 0.3467874862246563 0.0024653138831136705
ormond 0.002369668246445498 1.6989700043360187 0.004025995270938433
beach 0.002369668246445498 1.1549019599857433 0.002736734502335885
florida 0.004739336492890996 0.7447274948966939 0.003529514193823194
originally 0.001184834123222749 0.8860566476931633 0.0010498301512952173
anita 0.002369668246445498 1.6989700043360187 0.004025995270938433
st 0.002369668246445498 0.721246399047171 0.0017091146896852396
hill 0.002369668246445498 0.8860566476931633 0.0020996603025904346
legacy 0.002369668246445498 0.6989700043360189 0.0016563270244929359
cite 0.001184834123222749 0.07058107428570728 8.36268652674257e-05
page 0.001184834123222749 0.07058107428570728 8.36268652674257e-05
greatest 0.001184834123222749 0.6777807052660807 0.0008030577076612331
political 0.004739336492890996 0.3098039199714864 0.0014682650235615469
asset 0.001184834123222749 1.3979400086720377 0.0016563270244929359
professional 0.001184834123222749 0.8239087409443188 0.0009761951906923209
politician 0.001184834123222749 1.2218487496163564 0.0014476880919625076
fear 0.001184834123222749 1.045757490560675 0.0012390491594320794
mouth 0.001184834123222749 1.6989700043360187 0.0020129976354692166
come 0.002369668246445498 0.5528419686577808 0.0013100520584307604
kind 0.001184834123222749 1.3979400086720377 0.0016563270244929359
thing 0.001184834123222749 0.6989700043360189 0.0008281635122464679
always 0.002369668246445498 0.638272163982407 0.0015124932795791638
discus 0.001184834123222749 1.1549019599857433 0.0013683672511679425
reason 0.001184834123222749 1.0969100130080565 0.0012996564135166547
expediency 0.001184834123222749 1.6989700043360187 0.0020129976354692166
help 0.001184834123222749 0.4559319556497244 0.0005402037389214744
bring 0.001184834123222749 0.7447274948966939 0.0008823785484557985
change 0.001184834123222749 0.5686362358410126 0.0006737396159253705
move 0.001184834123222749 0.721246399047171 0.0008545573448426198
direction 0.001184834123222749 1.1549019599857433 0.0013683672511679425
made 0.002369668246445498 0.1804560644581313 0.00042762100582495574
contribution 0.001184834123222749 1.3979400086720377 0.0016563270244929359
service 0.001184834123222749 0.5086383061657272 0.0006026520215233735
rent 0.001184834123222749 1.5228787452803376 0.0018043587029387888
pay 0.001184834123222749 0.853871964321762 0.0010116966401916613
room 0.001184834123222749 0.8860566476931633 0.0010498301512952173
earth 0.001184834123222749 1.2218487496163564 0.0014476880919625076
publish 0.001184834123222749 0.07058107428570728 8.36268652674257e-05
feb 0.001184834123222749 1.0969100130080565 0.0012996564135166547
comment 0.002369668246445498 0.07058107428570728 0.0001672537305348514
four 0.002369668246445498 0.28399665636520083 0.0006729778586853101
year 0.0035545023696682463 0.11918640771920867 0.000423648368670173
later 0.0035545023696682463 0.09151498112135023 0.0003252902172559842
best 0.001184834123222749 0.13667713987954408 0.00016193973919377262
known 0.0035545023696682463 0.06048074738138145 0.00021497895988642694
becoming 0.004739336492890996 0.3372421683184259 0.0015983041152532035
representing 0.001184834123222749 0.8860566476931633 0.0010498301512952173
house 0.0035545023696682463 0.32790214206428253 0.0011655289409867862
representative 0.0035545023696682467 1.4814860601221125 0.005265945711334524
seven 0.002369668246445498 0.619788758288394 0.001468693740019891
went 0.0035545023696682463 0.32790214206428253 0.0011655289409867862
run 0.001184834123222749 0.4559319556497244 0.0005402037389214744
throughout 0.002369668246445498 0.6020599913279624 0.0014266824439051243
career 0.004739336492890996 0.17392519729917358 0.0008242900345932398
fought 0.001184834123222749 0.7958800173440752 0.0009429858025403736
opportunity 0.002369668246445498 1.0969100130080565 0.0025993128270333093
social 0.001184834123222749 0.5228787452803376 0.0006195245797160399
justice 0.001184834123222749 0.5376020021010439 0.0006369691968021848
left 0.001184834123222749 0.2924298239020636 0.0003464808340071844
congress 0.004739336492890996 0.4202164033831899 0.001991546935465355
teach 0.001184834123222749 1.1549019599857433 0.0013683672511679425
died 0.002369668246445498 0.31875876262441283 0.000755352518067329
early 0.002369668246445498 0.07572071393811834 0.00017943297141734206
born 0.001184834123222749 0.09151498112135023 0.00010843007241866142
predominantly 0.001184834123222749 1.3010299956639813 0.00154150473419903
neighborhood 0.001184834123222749 0.7958800173440752 0.0009429858025403736
spent 0.001184834123222749 0.48148606012211254 0.000570481113888759
part 0.002369668246445498 0.3372421683184259 0.0007991520576266018
childhood 0.001184834123222749 0.6020599913279624 0.0007133412219525622
barbados 0.001184834123222749 1.6989700043360187 0.0020129976354692166
grandmother 0.001184834123222749 0.6777807052660807 0.0008030577076612331
graduating 0.002369668246445498 0.5528419686577808 0.0013100520584307604
began 0.001184834123222749 0.20065945054641826 0.00023774816415452401
teacher 0.001184834123222749 0.6989700043360189 0.0008281635122464679
earn 0.001184834123222749 0.9208187539523752 0.0010910174809862267
master 0.001184834123222749 0.853871964321762 0.0010116966401916613
degree 0.001184834123222749 0.5228787452803376 0.0006195245797160399
elementary 0.001184834123222749 0.8860566476931633 0.0010498301512952173
served 0.001184834123222749 0.2676062401770315 0.0003170690049490895
director 0.001184834123222749 0.5686362358410126 0.0006737396159253705
hamilton 0.001184834123222749 1.5228787452803376 0.0018043587029387888
madison 0.001184834123222749 1.0969100130080565 0.0012996564135166547
child 0.0035545023696682463 0.2924298239020636 0.001039442502021553
care 0.001184834123222749 0.5376020021010439 0.0006369691968021848
center 0.001184834123222749 0.585026652029182 0.0006931595403189361
educational 0.001184834123222749 1.0 0.001184834123222749
consultant 0.001184834123222749 0.958607314841775 0.0011357906573954682
city 0.001184834123222749 0.3665315444204135 0.0004342790810668407
bureau 0.001184834123222749 1.3010299956639813 0.00154150473419903
welfare 0.001184834123222749 1.2218487496163564 0.0014476880919625076
beginning 0.001184834123222749 0.9208187539523752 0.0010910174809862267
xa 0.014218009478672985 0.17392519729917358 0.002472870103779719
initially 0.001184834123222749 0.7695510786217261 0.0009117903775138936
assigned 0.001184834123222749 1.1549019599857433 0.0013683672511679425
forestry 0.001184834123222749 1.6989700043360187 0.0020129976354692166
committee 0.0035545023696682463 0.638272163982407 0.0022687399193687453
shocked 0.001184834123222749 1.3979400086720377 0.0016563270244929359
many 0.001184834123222749 0.28399665636520083 0.00033648892934265504
demanding 0.001184834123222749 1.1549019599857433 0.0013683672511679425
reassignment 0.001184834123222749 1.5228787452803376 0.0018043587029387888
placed 0.001184834123222749 1.1549019599857433 0.0013683672511679425
veteran 0.001184834123222749 1.1549019599857433 0.0013683672511679425
affair 0.001184834123222749 0.7695510786217261 0.0009117903775138936
eventually 0.001184834123222749 0.3979400086720376 0.0004714929012701868
labor 0.001184834123222749 0.8860566476931633 0.0010498301512952173
championed 0.001184834123222749 1.1549019599857433 0.0013683672511679425
minority 0.001184834123222749 0.8860566476931633 0.0010498301512952173
employment 0.001184834123222749 1.3010299956639813 0.00154150473419903
tenure 0.001184834123222749 0.9208187539523752 0.0010910174809862267
read 0.002369668246445498 0.0655015487564323 0.0001552169401811192
woman 0.007109004739336493 0.7958800173440752 0.005657914815242241
presidential 0.0035545023696682463 0.3665315444204135 0.001302837243200522
yet 0.001184834123222749 0.6777807052660807 0.0008030577076612331
second 0.002369668246445498 0.19382002601611284 0.00045928916117562286
announcing 0.001184834123222749 1.1549019599857433 0.0013683672511679425
said 0.0035545023696682463 0.2518119729937996 0.0008950662547172971
america 0.001184834123222749 0.37675070960209955 0.0004463870966849521
although 0.0035545023696682463 0.431798275933005 0.0015348279950225295
proud 0.002369668246445498 0.9208187539523752 0.0021820349619724533
movement 0.001184834123222749 0.48148606012211254 0.000570481113888759
country 0.001184834123222749 0.27572413039921095 0.000326687358292904
equally 0.001184834123222749 1.3979400086720377 0.0016563270244929359
presence 0.001184834123222749 0.958607314841775 0.0011357906573954682
symbolizes 0.001184834123222749 1.6989700043360187 0.0020129976354692166
era 0.001184834123222749 0.8239087409443188 0.0009761951906923209
spirited 0.001184834123222749 1.6989700043360187 0.0020129976354692166
unable 0.001184834123222749 1.0969100130080565 0.0012996564135166547
consolidate 0.001184834123222749 1.5228787452803376 0.0018043587029387888
influential 0.001184834123222749 0.6777807052660807 0.0008030577076612331
leader 0.001184834123222749 0.48148606012211254 0.000570481113888759
giving 0.001184834123222749 1.0 0.001184834123222749
way 0.001184834123222749 0.431798275933005 0.0005116093316741766
south 0.002369668246445498 0.40893539297350084 0.0009690412155770163
dakota 0.001184834123222749 1.2218487496163564 0.0014476880919625076
senator 0.001184834123222749 0.5228787452803376 0.0006195245797160399
george 0.001184834123222749 0.4685210829577449 0.0005551197665376125
mcgovern 0.001184834123222749 1.5228787452803376 0.0018043587029387888
claim 0.001184834123222749 1.045757490560675 0.0012390491594320794
next 0.001184834123222749 0.07058107428570728 8.36268652674257e-05
bella 0.001184834123222749 0.0655015487564323 7.76084700905596e-05
hadid 0.001184834123222749 0.0655015487564323 7.76084700905596e-05
sadie 0.001184834123222749 0.06048074738138145 7.165965329547566e-05
alexander 0.001184834123222749 0.05551732784983141 6.57788244666249e-05
adrienne 0.001184834123222749 0.0655015487564323 7.76084700905596e-05
kennedy 0.001184834123222749 0.06048074738138145 7.165965329547566e-05
hogan 0.001184834123222749 1.6989700043360187 0.0020129976354692166
charles 0.001184834123222749 0.8860566476931633 0.0010498301512952173
time 0.002369668246445498 0.4791236183116582 0.001135364024435209
co 0.002369668246445498 0.4202164033831899 0.0009957734677326776
book 0.0035545023696682467 1.306273051076353 0.004643150655484667
authored 0.001184834123222749 1.1549019599857433 0.0013683672511679425
two 0.001184834123222749 0.11918640771920867 0.0001412161228900577
lifetime 0.001184834123222749 0.7958800173440752 0.0009429858025403736
unbought 0.001184834123222749 1.6989700043360187 0.0020129976354692166
unbossed 0.001184834123222749 1.6989700043360187 0.0020129976354692166
slogan 0.001184834123222749 1.3010299956639813 0.00154150473419903
good 0.001184834123222749 0.585026652029182 0.0006931595403189361
fight 0.001184834123222749 0.5376020021010439 0.0006369691968021848
leaving 0.001184834123222749 0.5686362358410126 0.0006737396159253705
taught 0.001184834123222749 1.0 0.001184834123222749
mount 0.001184834123222749 1.5228787452803376 0.0018043587029387888
holyoke 0.001184834123222749 1.6989700043360187 0.0020129976354692166
popular 0.001184834123222749 0.4685210829577449 0.0005551197665376125
lecture 0.001184834123222749 1.5228787452803376 0.0018043587029387888
circuit 0.001184834123222749 1.0 0.001184834123222749
organization 0.002369668246445498 1.473660722610156 0.0034920870204032135
personal 0.001184834123222749 0.3372421683184259 0.0003995760288133009
founder 0.001184834123222749 0.7958800173440752 0.0009429858025403736
unity 0.001184834123222749 1.2218487496163564 0.0014476880919625076
club 0.001184834123222749 0.8239087409443188 0.0009761951906923209
national 0.0035545023696682463 0.3010299956639812 0.0010700118329288431
active 0.001184834123222749 0.8239087409443188 0.0009761951906923209
association 0.001184834123222749 0.8239087409443188 0.0009761951906923209
advancement 0.001184834123222749 1.0969100130080565 0.0012996564135166547
colored 0.001184834123222749 1.2218487496163564 0.0014476880919625076
naacp 0.002369668246445498 0.958607314841775 0.0022715813147909363
inducted 0.001184834123222749 1.045757490560675 0.0012390491594320794
hall 0.001184834123222749 0.9208187539523752 0.0010910174809862267
fame 0.001184834123222749 0.48148606012211254 0.000570481113888759
married 0.001184834123222749 0.24412514432750856 0.0002892478013359106
conrad 0.001184834123222749 1.0 0.001184834123222749
arthur 0.001184834123222749 1.6989700043360187 0.0020129976354692166
hardwick 0.001184834123222749 1.6989700043360187 0.0020129976354692166
jr 0.001184834123222749 0.32790214206428253 0.00038850964699559544
age 0.001184834123222749 0.11350927482751813 0.00013448966211791248
nearly 0.001184834123222749 0.721246399047171 0.0008545573448426198
posthumously 0.001184834123222749 1.3979400086720377 0.0016563270244929359
awarded 0.001184834123222749 0.8239087409443188 0.0009761951906923209
distinguished 0.001184834123222749 1.3010299956639813 0.00154150473419903
medal 0.001184834123222749 0.6575773191777938 0.0007791200464191871
freedom 0.001184834123222749 0.619788758288394 0.0007343468700099455
moses 0.001184834123222749 1.5228787452803376 0.0018043587029387888
opened 0.001184834123222749 1.0969100130080565 0.0012996564135166547
red 0.001184834123222749 0.8239087409443188 0.0009761951906923209
sea 0.001184834123222749 1.3010299956639813 0.00154150473419903
robert 0.001184834123222749 0.5528419686577808 0.0006550260292153802
e 0.0035545023696682463 0.04575749056067514 0.0001626451086279922
williams 0.001184834123222749 0.8860566476931633 0.0010498301512952173
president 0.002369668246445498 0.16749108729376372 0.00039689831112266286
flagler 0.001184834123222749 1.6989700043360187 0.0020129976354692166
county 0.001184834123222749 0.8239087409443188 0.0009761951906923209
interview 0.001184834123222749 0.585026652029182 0.0006931595403189361
associated 0.001184834123222749 1.1549019599857433 0.0013683672511679425
press 0.001184834123222749 0.7958800173440752 0.0009429858025403736
william 0.001184834123222749 0.8239087409443188 0.0009761951906923209
howard 0.001184834123222749 0.958607314841775 0.0011357906573954682
longtime 0.001184834123222749 0.7447274948966939 0.0008823785484557985
treasurer 0.001184834123222749 1.5228787452803376 0.0018043587029387888
expressed 0.001184834123222749 0.8239087409443188 0.0009761951906923209
similar 0.001184834123222749 1.3010299956639813 0.00154150473419903
sentiment 0.001184834123222749 1.5228787452803376 0.0018043587029387888
anyone 0.001184834123222749 1.0969100130080565 0.0012996564135166547
came 0.001184834123222749 0.3010299956639812 0.0003566706109762811
feeling 0.001184834123222749 0.8239087409443188 0.0009761951906923209
careness 0.001184834123222749 1.6989700043360187 0.0020129976354692166
felt 0.001184834123222749 0.6020599913279624 0.0007133412219525622
much 0.001184834123222749 0.37675070960209955 0.0004463870966849521
individual 0.001184834123222749 0.8239087409443188 0.0009761951906923209
represented 0.001184834123222749 1.0969100130080565 0.0012996564135166547
district 0.001184834123222749 0.721246399047171 0.0008545573448426198
check 0.001184834123222749 0.07058107428570728 8.36268652674257e-05
strive 0.001184834123222749 0.07058107428570728 8.36268652674257e-05
accuracy 0.001184834123222749 0.07058107428570728 8.36268652674257e-05
fairness 0.001184834123222749 0.07058107428570728 8.36268652674257e-05
see 0.002369668246445498 0.04575749056067514 0.00010843007241866148
something 0.001184834123222749 0.07058107428570728 8.36268652674257e-05
look 0.001184834123222749 0.07058107428570728 8.36268652674257e-05
right 0.001184834123222749 0.07058107428570728 8.36268652674257e-05
citation 0.001184834123222749 0.07058107428570728 8.36268652674257e-05
information 0.001184834123222749 0.07058107428570728 8.36268652674257e-05
article 0.001184834123222749 0.07058107428570728 8.36268652674257e-05
title 0.001184834123222749 0.07058107428570728 8.36268652674257e-05
author 0.001184834123222749 0.06048074738138145 7.165965329547566e-05
com 0.002369668246445498 0.06048074738138145 0.00014331930659095132
editor 0.001184834123222749 0.1023729087095586 0.00012129491553265238
website 0.002369668246445498 0.0655015487564323 0.0001552169401811192
url 0.001184834123222749 0.07058107428570728 8.36268652674257e-05
access 0.001184834123222749 0.07058107428570728 8.36268652674257e-05
publisher 0.001184834123222749 0.07058107428570728 8.36268652674257e-05
television 0.002369668246445498 0.04575749056067514 0.00010843007241866148
network 0.002369668246445498 0.04575749056067514 0.00010843007241866148
last 0.001184834123222749 0.0655015487564323 7.76084700905596e-05
updated 0.001184834123222749 0.07058107428570728 8.36268652674257e-05
may 0.001184834123222749 0.3098039199714864 0.0003670662558903867
original 0.001184834123222749 0.0655015487564323 7.76084700905596e-05
published 0.001184834123222749 0.07058107428570728 8.36268652674257e-05
april 0.001184834123222749 0.1549019599857432 0.00018353312794519336
receive 0.001184834123222749 0.05551732784983141 6.57788244666249e-05
story 0.0059241706161137445 0.7332980331159121 0.00434418266063929
shaped 0.002369668246445498 0.05551732784983141 0.0001315576489332498
world 0.002369668246445498 0.04575749056067514 0.00010843007241866148
sign 0.001184834123222749 0.05551732784983141 6.57788244666249e-05
person 0.01066350710900474 0.05060999335508724 0.0005396800239286555
temple 0.002369668246445498 1.3010299956639813 0.00308300946839806
leading 0.002369668246445498 0.5228787452803376 0.0012390491594320798
actor 0.001184834123222749 0.4685210829577449 0.0005551197665376125
receiving 0.001184834123222749 0.619788758288394 0.0007343468700099455
special 0.001184834123222749 0.638272163982407 0.0007562466397895819
oscar 0.001184834123222749 0.9208187539523752 0.0010910174809862267
starring 0.001184834123222749 0.8239087409443188 0.0009761951906923209
film 0.0035545023696682467 1.3233063903751334 0.0047036957003855455
like 0.002369668246445498 0.2365720064370627 0.0005605971716518074
bright 0.001184834123222749 1.5228787452803376 0.0018043587029387888
eye 0.001184834123222749 1.0969100130080565 0.0012996564135166547
heidi 0.001184834123222749 1.5228787452803376 0.0018043587029387888
jackson 0.002369668246445498 0.5228787452803376 0.0012390491594320798
acclaimed 0.001184834123222749 0.7958800173440752 0.0009429858025403736
writer 0.001184834123222749 0.6989700043360189 0.0008281635122464679
short 0.001184834123222749 0.8239087409443188 0.0009761951906923209
lottery 0.001184834123222749 1.6989700043360187 0.0020129976354692166
well 0.001184834123222749 0.20065945054641826 0.00023774816415452401
longer 0.001184834123222749 0.8239087409443188 0.0009761951906923209
work 0.001184834123222749 1.045757490560675 0.0012390491594320794
lived 0.001184834123222749 0.6020599913279624 0.0007133412219525622
castle 0.001184834123222749 1.3979400086720377 0.0016563270244929359
bassey 0.002369668246445498 1.6989700043360187 0.004025995270938433
famous 0.001184834123222749 0.494850021680094 0.0005863151915640925
singer 0.001184834123222749 0.4202164033831899 0.0004978867338663388
big 0.001184834123222749 0.5228787452803376 0.0006195245797160399
voice 0.001184834123222749 0.7447274948966939 0.0008823785484557985
glamorous 0.001184834123222749 1.5228787452803376 0.0018043587029387888
reputation 0.001184834123222749 0.7958800173440752 0.0009429858025403736
recorded 0.001184834123222749 0.8860566476931633 0.0010498301512952173
numerous 0.001184834123222749 0.721246399047171 0.0008545573448426198
hit 0.001184834123222749 0.5086383061657272 0.0006026520215233735
including 0.001184834123222749 0.2365720064370627 0.0002802985858259037
james 0.001184834123222749 0.6020599913279624 0.0007133412219525622
bond 0.001184834123222749 1.0969100130080565 0.0012996564135166547
theme 0.001184834123222749 1.5228787452803376 0.0018043587029387888
song 0.001184834123222749 0.638272163982407 0.0007562466397895819
barbara 0.002369668246445498 1.045757490560675 0.002478098318864159
jordan 0.002369668246445498 1.3010299956639813 0.00308300946839806
texas 0.001184834123222749 0.619788758288394 0.0007343468700099455
deep 0.001184834123222749 0.8860566476931633 0.0010498301512952173
th 0.002369668246445498 0.2076083105017461 0.0004919628210941851
century 0.001184834123222749 0.494850021680094 0.0005863151915640925
jamaican 0.001184834123222749 1.5228787452803376 0.0018043587029387888
pianist 0.001184834123222749 1.0969100130080565 0.0012996564135166547
composer 0.001184834123222749 1.2218487496163564 0.0014476880919625076
often 0.001184834123222749 0.5376020021010439 0.0006369691968021848
performed 0.001184834123222749 0.7695510786217261 0.0009117903775138936
trio 0.001184834123222749 1.0969100130080565 0.0012996564135166547
chapter 0.001184834123222749 1.1549019599857433 0.0013683672511679425
subject 0.001184834123222749 1.045757490560675 0.0012390491594320794
green 0.001184834123222749 0.6989700043360189 0.0008281635122464679
maclaine 0.002369668246445498 1.6989700043360187 0.004025995270938433
hollywood 0.001184834123222749 0.7958800173440752 0.0009429858025403736
legendary 0.001184834123222749 0.853871964321762 0.0010116966401916613
lady 0.001184834123222749 1.3979400086720377 0.0016563270244929359
range 0.001184834123222749 1.2218487496163564 0.0014476880919625076
include 0.001184834123222749 0.619788758288394 0.0007343468700099455
apartment 0.001184834123222749 1.1549019599857433 0.0013683672511679425
sweet 0.001184834123222749 1.5228787452803376 0.0018043587029387888
charity 0.001184834123222749 1.0 0.001184834123222749
endearment 0.001184834123222749 1.6989700043360187 0.0020129976354692166
barack 0.002369668246445498 0.3872161432802645 0.000917573799242333
obama 0.002369668246445498 0.37675070960209955 0.0008927741933699042
serve 0.001184834123222749 0.5086383061657272 0.0006026520215233735
office 0.001184834123222749 0.31875876262441283 0.0003776762590336645
elected 0.001184834123222749 0.3665315444204135 0.0004342790810668407
jane 0.002369668246445498 1.5228787452803376 0.0036087174058775776
bolin 0.002369668246445498 1.6989700043360187 0.004025995270938433
trailblazing 0.001184834123222749 1.3010299956639813 0.00154150473419903
attorney 0.001184834123222749 0.494850021680094 0.0005863151915640925
female 0.001184834123222749 0.6020599913279624 0.0007133412219525622
judge 0.001184834123222749 0.585026652029182 0.0006931595403189361
serving 0.001184834123222749 0.48148606012211254 0.000570481113888759
court 0.001184834123222749 0.4202164033831899 0.0004978867338663388
decade 0.001184834123222749 0.638272163982407 0.0007562466397895819
grace 0.002369668246445498 1.3010299956639813 0.00308300946839806
hopper 0.002369668246445498 1.6989700043360187 0.004025995270938433
computer 0.001184834123222749 1.2218487496163564 0.0014476880919625076
programmer 0.001184834123222749 1.6989700043360187 0.0020129976354692166
helped 0.001184834123222749 0.3372421683184259 0.0003995760288133009
develop 0.001184834123222749 1.1549019599857433 0.0013683672511679425
compiler 0.001184834123222749 1.6989700043360187 0.0020129976354692166
precursor 0.001184834123222749 1.6989700043360187 0.0020129976354692166
widely 0.001184834123222749 1.1549019599857433 0.0013683672511679425
used 0.001184834123222749 0.5086383061657272 0.0006026520215233735
cobol 0.001184834123222749 1.6989700043360187 0.0020129976354692166
language 0.001184834123222749 1.1549019599857433 0.0013683672511679425
rear 0.001184834123222749 1.6989700043360187 0.0020129976354692166
admiral 0.001184834123222749 1.5228787452803376 0.0018043587029387888
navy 0.001184834123222749 0.958607314841775 0.0011357906573954682
loading 0.001184834123222749 0.04575749056067514 5.421503620933074e-05
logo 0.001184834123222749 0.04575749056067514 5.421503620933074e-05
registered 0.001184834123222749 0.04575749056067514 5.421503620933074e-05
trademark 0.001184834123222749 0.04575749056067514 5.421503620933074e-05
llc 0.001184834123222749 0.04575749056067514 5.421503620933074e-05
close 0.004739336492890996 0.04575749056067514 0.00021686014483732297
