mitch 0.006081081081081081 1.1549019599857433 0.007023052459372764
mcconnell 0.02972972972972973 1.1549019599857433 0.03433492313471129
senator 0.007432432432432433 1.5228787452803376 0.011318693377083591
kentucky 0.006081081081081081 1.3010299956639813 0.007911668892551238
wife 0.002702702702702703 0.3098039199714864 0.0008373078918148281
biography 0.006081081081081081 0.04575749056067514 0.00027825501016626777
skip 0.0006756756756756757 0.04575749056067514 3.091722335180753e-05
main 0.0006756756756756757 0.04575749056067514 3.091722335180753e-05
content 0.0006756756756756757 0.04575749056067514 3.091722335180753e-05
people 0.004054054054054054 0.04575749056067514 0.0001855033401108452
nostalgia 0.002027027027027027 0.04575749056067514 9.27516700554226e-05
celebrity 0.002027027027027027 0.04575749056067514 9.27516700554226e-05
history 0.002702702702702703 0.04575749056067514 0.00012366889340723012
culture 0.002027027027027027 0.04575749056067514 9.27516700554226e-05
crime 0.002027027027027027 0.04575749056067514 9.27516700554226e-05
scandal 0.002027027027027027 0.04575749056067514 9.27516700554226e-05
video 0.002027027027027027 0.04575749056067514 9.27516700554226e-05
contact 0.002027027027027027 0.04575749056067514 9.27516700554226e-05
u 0.011486486486486487 0.20065945054641832 0.0023048720670872376
advertise 0.0013513513513513514 0.04575749056067514 6.183444670361506e-05
privacy 0.002027027027027027 0.04575749056067514 9.27516700554226e-05
notice 0.0013513513513513514 0.04575749056067514 6.183444670361506e-05
term 0.00472972972972973 0.5406075122407692 0.002556927422760395
use 0.0013513513513513514 0.04575749056067514 6.183444670361506e-05
copyright 0.0013513513513513514 0.04575749056067514 6.183444670361506e-05
policy 0.002027027027027027 0.04575749056067514 9.27516700554226e-05
ad 0.0013513513513513514 0.04575749056067514 6.183444670361506e-05
choice 0.0013513513513513514 0.04575749056067514 6.183444670361506e-05
accessibility 0.0013513513513513514 0.04575749056067514 6.183444670361506e-05
support 0.002702702702702703 0.04575749056067514 0.00012366889340723012
setting 0.0013513513513513514 1.744727494896694 0.0023577398579685055
february 0.004054054054054054 0.04575749056067514 0.0001855033401108452
subscribe 0.0013513513513513514 0.04575749056067514 6.183444670361506e-05
newsletter 0.002027027027027027 0.04575749056067514 9.27516700554226e-05
photo 0.0013513513513513514 0.12493873660829993 0.00016883613055175667
wikimedia 0.0013513513513513514 1.3010299956639813 0.0017581486427891639
common 0.0013513513513513514 1.3010299956639813 0.0017581486427891639
quick 0.0006756756756756757 0.07058107428570728 4.768991505791033e-05
fact 0.0013513513513513514 0.14116214857141457 0.0001907596602316413
name 0.0013513513513513514 0.05551732784983141 7.50234160132857e-05
birth 0.0013513513513513514 0.07058107428570728 9.537983011582066e-05
date 0.002702702702702703 0.07058107428570728 0.0001907596602316413
age 0.0013513513513513514 0.11350927482751813 0.00015339091192907858
education 0.002027027027027027 0.19382002601611284 0.00039287843111374224
university 0.002702702702702703 0.2596373105057561 0.000701722460826368
college 0.0013513513513513514 0.40893539297350084 0.0005526153959101363
law 0.002702702702702703 0.3665315444204135 0.0009906257957308475
louisville 0.002027027027027027 1.6989700043360187 0.0034438581168973353
place 0.0013513513513513514 0.07572071393811834 0.00010232528910556533
sheffield 0.0013513513513513514 2.0 0.002702702702702703
alabama 0.0013513513513513514 0.7447274948966939 0.001006388506617154
zodiac 0.0006756756756756757 0.3010299956639812 0.00020339864571890622
sign 0.0013513513513513514 0.05551732784983141 7.50234160132857e-05
pisces 0.0006756756756756757 1.0969100130080565 0.0007411554141946328
cite 0.0006756756756756757 0.07058107428570728 4.768991505791033e-05
page 0.0006756756756756757 0.07058107428570728 4.768991505791033e-05
quote 0.0006756756756756757 0.3872161432802645 0.00026163252924342196
single 0.0013513513513513514 0.585026652029182 0.0007905765567961919
important 0.0013513513513513514 0.8860566476931633 0.0011973738482340046
thing 0.0013513513513513514 0.7447274948966939 0.001006388506617154
want 0.0013513513513513514 0.585026652029182 0.0007905765567961919
achieve 0.002027027027027027 1.5228787452803376 0.003086916375568252
president 0.01756756756756757 0.16749108729376372 0.0029424109929985518
obama 0.007432432432432433 0.37675070960209955 0.002800174192988578
one 0.002702702702702703 1.3819519032879073 0.0037350051440213712
talk 0.0006756756756756757 0.6989700043360189 0.00047227702995676955
press 0.0006756756756756757 0.7958800173440752 0.0005377567684757265
advantage 0.0013513513513513514 1.3010299956639813 0.0017581486427891639
demonstrated 0.0006756756756756757 1.1549019599857433 0.0007803391621525293
congress 0.002702702702702703 0.4202164033831899 0.0011357200091437565
gridlock 0.0006756756756756757 1.6989700043360187 0.001147952705632445
country 0.002702702702702703 0.27572413039921095 0.0007452003524302999
risk 0.0006756756756756757 1.0 0.0006756756756756757
guy 0.0006756756756756757 1.1549019599857433 0.0007803391621525293
step 0.0006756756756756757 1.0969100130080565 0.0007411554141946328
forward 0.0006756756756756757 0.7695510786217261 0.0005199669450146799
try 0.0006756756756756757 1.5228787452803376 0.0010289721251894174
get 0.0013513513513513514 0.44369749923271273 0.0005995912151793416
ditch 0.0006756756756756757 1.5228787452803376 0.0010289721251894174
publish 0.0006756756756756757 0.07058107428570728 4.768991505791033e-05
dec 0.0006756756756756757 1.1549019599857433 0.0007803391621525293
comment 0.0013513513513513514 0.07058107428570728 9.537983011582066e-05
longtime 0.0006756756756756757 0.7447274948966939 0.000503194253308577
republican 0.014864864864864866 1.5985994592184558 0.023762964934328397
named 0.002027027027027027 0.494850021680094 0.0010030743682704609
senate 0.019594594594594596 0.5686362358410126 0.011142196513100925
majority 0.005405405405405406 0.7447274948966939 0.004025554026468616
leader 0.008783783783783784 0.8582367697242121 0.007538566220550513
politician 0.0013513513513513514 0.6575773191777938 0.0008886179988889107
began 0.0013513513513513514 0.20065945054641826 0.000271161419657322
career 0.0033783783783783786 0.17392519729917358 0.0005875851260107216
elected 0.004054054054054054 0.3665315444204135 0.0014859386935962711
official 0.0006756756756756757 0.721246399047171 0.0004873286480048453
judge 0.0013513513513513514 0.585026652029182 0.0007905765567961919
executive 0.0013513513513513514 0.5528419686577808 0.0007470837414294335
jefferson 0.002027027027027027 1.2218487496163564 0.002476720438411533
county 0.0013513513513513514 0.8239087409443188 0.0011133901904652958
moderate 0.0013513513513513514 1.2218487496163564 0.0016511469589410221
displayed 0.0006756756756756757 1.5228787452803376 0.0010289721251894174
political 0.002027027027027027 0.3098039199714864 0.0006279809188611211
acumen 0.0006756756756756757 2.0 0.0013513513513513514
enabled 0.0006756756756756757 2.0 0.0013513513513513514
rise 0.0006756756756756757 1.0 0.0006756756756756757
position 0.0013513513513513514 0.619788758288394 0.0008375523760653973
minority 0.002027027027027027 0.8860566476931633 0.0017960607723510066
gained 0.0006756756756756757 0.853871964321762 0.000576940516433623
national 0.0033783783783783786 0.3010299956639812 0.0010169932285945312
attention 0.0013513513513513514 0.6777807052660807 0.0009159198719811902
opposition 0.002027027027027027 0.958607314841775 0.0019431229354900845
barack 0.002027027027027027 0.3872161432802645 0.0007848975877302659
legislative 0.002027027027027027 0.8239087409443188 0.0016700852856979436
ambition 0.0006756756756756757 1.3010299956639813 0.0008790743213945819
helping 0.0006756756756756757 0.958607314841775 0.0006477076451633615
turn 0.0006756756756756757 0.7958800173440752 0.0005377567684757265
tide 0.0013513513513513514 1.3010299956639813 0.0017581486427891639
democratic 0.0033783783783783786 0.3872161432802645 0.0013081626462171099
control 0.002027027027027027 0.5528419686577808 0.0011206256121441503
infamously 0.0013513513513513514 1.6989700043360187 0.00229590541126489
refused 0.002027027027027027 0.7447274948966939 0.0015095827599257308
allow 0.0013513513513513514 1.045757490560675 0.0014131857980549663
hearing 0.002027027027027027 1.2218487496163564 0.002476720438411533
new 0.002702702702702703 0.14266750356873154 0.00038558784748305824
supreme 0.002702702702702703 0.585026652029182 0.0015811531135923838
court 0.0033783783783783786 0.4202164033831899 0.0014196500114296957
nominee 0.0033783783783783786 2.2924298239020637 0.007744695351020486
following 0.0033783783783783786 0.2518119729937996 0.0008507161249790528
death 0.0013513513513513514 0.2365720064370627 0.0003196919005906253
justice 0.0033783783783783786 0.5376020021010439 0.0018162229800710945
antonin 0.0006756756756756757 1.2218487496163564 0.0008255734794705111
scalia 0.0013513513513513514 1.2218487496163564 0.0016511469589410221
early 0.0033783783783783786 0.07572071393811834 0.00025581322276391335
year 0.0033783783783783786 0.24995468798823245 0.0008444415134737583
addison 0.0013513513513513514 2.0 0.002702702702702703
mitchell 0.0006756756756756757 1.3979400086720377 0.0009445540599135391
jr 0.0006756756756756757 0.32790214206428253 0.00022155550139478552
born 0.0006756756756756757 0.09151498112135023 6.183444670361502e-05
contracting 0.0006756756756756757 2.0 0.0013513513513513514
polio 0.0006756756756756757 1.3010299956639813 0.0008790743213945819
two 0.0033783783783783786 0.11918640771920867 0.00040265678283516446
recovered 0.0006756756756756757 1.0969100130080565 0.0007411554141946328
mother 0.0006756756756756757 0.21467016498923297 0.00014504740877650877
vigorous 0.0006756756756756757 2.0 0.0013513513513513514
therapy 0.0006756756756756757 1.5228787452803376 0.0010289721251894174
session 0.0006756756756756757 1.2218487496163564 0.0008255734794705111
even 0.0006756756756756757 0.3665315444204135 0.0002476564489327119
developing 0.0006756756756756757 1.3010299956639813 0.0008790743213945819
talented 0.0006756756756756757 0.7447274948966939 0.000503194253308577
baseball 0.0006756756756756757 1.1549019599857433 0.0007803391621525293
player 0.0006756756756756757 0.958607314841775 0.0006477076451633615
job 0.0013513513513513514 0.5686362358410126 0.0007684273457310982
sr 0.0006756756756756757 1.0969100130080565 0.0007411554141946328
brought 0.0013513513513513514 0.619788758288394 0.0008375523760653973
family 0.0006756756756756757 0.11918640771920867 8.053135656703289e-05
became 0.002702702702702703 0.07572071393811834 0.00020465057821113065
student 0.0006756756756756757 0.6020599913279624 0.00040679729143781244
body 0.0006756756756756757 0.5686362358410126 0.0003842136728655491
dupont 0.0006756756756756757 1.5228787452803376 0.0010289721251894174
manual 0.0006756756756756757 2.0 0.0013513513513513514
high 0.0006756756756756757 0.27572413039921095 0.00018630008810757498
school 0.0013513513513513514 0.14874165128092467 0.00020100223146070904
held 0.0006756756756756757 0.48148606012211254 0.0003253284190014274
role 0.0013513513513513514 0.3665315444204135 0.0004953128978654238
graduating 0.0006756756756756757 0.5528419686577808 0.00037354187071471677
honor 0.0006756756756756757 0.958607314841775 0.0006477076451633615
b 0.0006756756756756757 0.37675070960209955 0.0002545612902716889
earned 0.002702702702702703 0.40893539297350084 0.0011052307918202726
j 0.0006756756756756757 0.7958800173440752 0.0005377567684757265
sight 0.0006756756756756757 1.3010299956639813 0.0008790743213945819
politics 0.0013513513513513514 0.4685210829577449 0.0006331365985915472
interned 0.0006756756756756757 1.6989700043360187 0.001147952705632445
congressman 0.0006756756756756757 0.958607314841775 0.0006477076451633615
gene 0.0006756756756756757 2.0 0.0013513513513513514
snyder 0.0006756756756756757 2.0 0.0013513513513513514
john 0.00472972972972973 0.37675070960209955 0.0017819290319018224
sherman 0.0006756756756756757 1.2218487496163564 0.0008255734794705111
cooper 0.0006756756756756757 1.5228787452803376 0.0010289721251894174
mid 0.0006756756756756757 0.585026652029182 0.00039528827839809596
served 0.002702702702702703 0.2676062401770315 0.0007232601085865717
chief 0.0013513513513513514 0.5686362358410126 0.0007684273457310982
assistant 0.0013513513513513514 0.8860566476931633 0.0011973738482340046
marlow 0.0006756756756756757 2.0 0.0013513513513513514
cook 0.0006756756756756757 2.0 0.0013513513513513514
later 0.002702702702702703 0.09151498112135023 0.0002473377868144601
deputy 0.0006756756756756757 0.9208187539523752 0.0006221748337516049
attorney 0.0006756756756756757 0.494850021680094 0.0003343581227568203
general 0.0006756756756756757 0.4559319556497244 0.0003080621321957597
gerald 0.0006756756756756757 1.045757490560675 0.0007065928990274831
ford 0.0006756756756756757 0.958607314841775 0.0006477076451633615
first 0.00472972972972973 0.0655015487564323 0.00030980462249663925
seat 0.002027027027027027 0.619788758288394 0.001256328564098096
supported 0.0006756756756756757 0.6989700043360189 0.00047227702995676955
collective 0.0006756756756756757 1.2218487496163564 0.0008255734794705111
bargaining 0.0006756756756756757 2.0 0.0013513513513513514
right 0.002702702702702703 0.39848321634998984 0.0010769816658107833
public 0.0013513513513513514 0.2596373105057561 0.000350861230413184
employee 0.0006756756756756757 1.3979400086720377 0.0009445540599135391
steered 0.0006756756756756757 2.0 0.0013513513513513514
federal 0.002027027027027027 0.6020599913279624 0.0012203918743134373
fund 0.0006756756756756757 1.0969100130080565 0.0007411554141946328
toward 0.0006756756756756757 0.8860566476931633 0.0005986869241170023
expansion 0.0006756756756756757 1.3010299956639813 0.0008790743213945819
memorial 0.0006756756756756757 0.9208187539523752 0.0006221748337516049
forest 0.0006756756756756757 1.5228787452803376 0.0010289721251894174
edged 0.0006756756756756757 1.5228787452803376 0.0010289721251894174
walter 0.0006756756756756757 1.2218487496163564 0.0008255734794705111
huddleston 0.0006756756756756757 2.0 0.0013513513513513514
making 0.0013513513513513514 0.3979400086720376 0.0005377567684757265
defeat 0.0013513513513513514 1.0 0.0013513513513513514
incumbent 0.0006756756756756757 0.8860566476931633 0.0005986869241170023
well 0.0006756756756756757 0.20065945054641826 0.000135580709828661
party 0.006081081081081081 1.4436974992327127 0.008779241549388118
win 0.0006756756756756757 0.585026652029182 0.00039528827839809596
statewide 0.0006756756756756757 2.0 0.0013513513513513514
race 0.0006756756756756757 0.619788758288394 0.00041877618803269867
since 0.0013513513513513514 0.3372421683184259 0.00045573265988976477
spot 0.0006756756756756757 1.1549019599857433 0.0007803391621525293
foreign 0.0006756756756756757 0.7447274948966939 0.000503194253308577
relation 0.0006756756756756757 0.7958800173440752 0.0005377567684757265
committee 0.002027027027027027 1.7351821769904636 0.0035172611695752642
advocated 0.0006756756756756757 1.0969100130080565 0.0007411554141946328
tax 0.0033783783783783786 0.7958800173440752 0.0026887838423786327
reform 0.004054054054054054 2.0177287669604316 0.008179981487677426
gaining 0.0006756756756756757 1.3979400086720377 0.0009445540599135391
traction 0.0013513513513513514 1.3010299956639813 0.0017581486427891639
election 0.004054054054054054 0.44369749923271273 0.0017987736455380248
known 0.002027027027027027 0.06048074738138145 0.0001225961095568543
campaign 0.0006756756756756757 0.3872161432802645 0.00026163252924342196
finance 0.0006756756756756757 1.2218487496163564 0.0008255734794705111
successfully 0.0006756756756756757 1.3979400086720377 0.0009445540599135391
spearheaded 0.0006756756756756757 1.5228787452803376 0.0010289721251894174
effort 0.0013513513513513514 0.853871964321762 0.001153881032867246
block 0.0006756756756756757 1.3010299956639813 0.0008790743213945819
legislation 0.00472972972972973 0.8239087409443188 0.0038968656666285347
front 0.0006756756756756757 1.0969100130080565 0.0007411554141946328
chairman 0.0006756756756756757 0.8860566476931633 0.0005986869241170023
senatorial 0.0006756756756756757 2.0 0.0013513513513513514
continued 0.002702702702702703 0.3372421683184259 0.0009114653197795295
buck 0.0006756756756756757 1.6989700043360187 0.001147952705632445
opportune 0.0006756756756756757 2.0 0.0013513513513513514
moment 0.0006756756756756757 1.0 0.0006756756756756757
sued 0.0006756756756756757 1.3010299956639813 0.0008790743213945819
commission 0.0006756756756756757 1.2218487496163564 0.0008255734794705111
passage 0.002702702702702703 1.0 0.002702702702702703
bipartisan 0.0013513513513513514 1.0 0.0013513513513513514
mccain 0.002702702702702703 1.0969100130080565 0.002964621656778531
feingold 0.0006756756756756757 2.0 0.0013513513513513514
act 0.002027027027027027 0.4685210829577449 0.0009497048978873208
opposed 0.0013513513513513514 0.9208187539523752 0.0012443496675032099
constitutional 0.0006756756756756757 1.045757490560675 0.0007065928990274831
amendment 0.0006756756756756757 1.1549019599857433 0.0007803391621525293
ban 0.0006756756756756757 0.8860566476931633 0.0005986869241170023
desecration 0.0006756756756756757 2.0 0.0013513513513513514
american 0.002702702702702703 0.1023729087095586 0.0002766835370528611
flag 0.0006756756756756757 1.3010299956639813 0.0008790743213945819
junior 0.0006756756756756757 0.853871964321762 0.000576940516433623
renown 0.0006756756756756757 1.6989700043360187 0.001147952705632445
cunning 0.0006756756756756757 2.0 0.0013513513513513514
ability 0.0006756756756756757 0.7958800173440752 0.0005377567684757265
forge 0.0006756756756756757 1.3979400086720377 0.0009445540599135391
coalition 0.0006756756756756757 1.6989700043360187 0.001147952705632445
voted 0.002702702702702703 0.853871964321762 0.002307762065734492
whip 0.0006756756756756757 1.3979400086720377 0.0009445540599135391
four 0.0013513513513513514 0.28399665636520083 0.00038377926535837953
took 0.002027027027027027 0.28399665636520083 0.0005756688980375693
top 0.0013513513513513514 0.48148606012211254 0.0006506568380028548
rejected 0.002027027027027027 1.1549019599857433 0.002341017486457588
push 0.002027027027027027 1.1549019599857433 0.002341017486457588
establishing 0.0006756756756756757 1.045757490560675 0.0007065928990274831
timetable 0.0006756756756756757 2.0 0.0013513513513513514
withdraw 0.0006756756756756757 1.3010299956639813 0.0008790743213945819
troop 0.0006756756756756757 1.0 0.0006756756756756757
iraq 0.0006756756756756757 0.853871964321762 0.000576940516433623
late 0.0006756756756756757 0.3665315444204135 0.0002476564489327119
threw 0.0006756756756756757 1.0969100130080565 0.0007411554141946328
behind 0.0006756756756756757 0.6777807052660807 0.0004579599359905951
troubled 0.0006756756756756757 1.1549019599857433 0.0007803391621525293
asset 0.0006756756756756757 1.3979400086720377 0.0009445540599135391
relief 0.0013513513513513514 1.045757490560675 0.0014131857980549663
program 0.0013513513513513514 0.5528419686577808 0.0007470837414294335
signed 0.0006756756756756757 0.494850021680094 0.0003343581227568203
outgoing 0.0006756756756756757 1.3979400086720377 0.0009445540599135391
george 0.002702702702702703 0.4685210829577449 0.0012662731971830943
w 0.002027027027027027 0.6989700043360189 0.0014168310898703086
bush 0.004054054054054054 0.7447274948966939 0.0030191655198514617
giving 0.002027027027027027 1.0 0.002027027027027027
democrat 0.002027027027027027 0.7695510786217261 0.0015599008350440395
white 0.0013513513513513514 0.3872161432802645 0.0005232650584868439
house 0.007432432432432433 0.32790214206428253 0.0024371105153426407
branch 0.0006756756756756757 1.5228787452803376 0.0010289721251894174
focused 0.0013513513513513514 0.6989700043360189 0.0009445540599135391
obstructing 0.0006756756756756757 2.0 0.0013513513513513514
commander 0.0006756756756756757 0.958607314841775 0.0006477076451633615
whenever 0.0006756756756756757 1.6989700043360187 0.001147952705632445
possible 0.0013513513513513514 0.7695510786217261 0.0010399338900293597
notably 0.0006756756756756757 1.2218487496163564 0.0008255734794705111
xa 0.005405405405405406 0.17392519729917358 0.0009401362016171546
economic 0.0006756756756756757 0.585026652029182 0.00039528827839809596
stimulus 0.0006756756756756757 1.1549019599857433 0.0007803391621525293
package 0.002027027027027027 1.2218487496163564 0.002476720438411533
recovery 0.0006756756756756757 1.0969100130080565 0.0007411554141946328
reinvestment 0.0006756756756756757 1.6989700043360187 0.001147952705632445
health 0.0006756756756756757 0.5528419686577808 0.00037354187071471677
insurance 0.0013513513513513514 1.0 0.0013513513513513514
affordable 0.0006756756756756757 1.0969100130080565 0.0007411554141946328
care 0.0006756756756756757 0.5376020021010439 0.00036324459601421886
also 0.002027027027027027 0.0861861476162833 0.00017470165057354724
obamacare 0.002702702702702703 1.2218487496163564 0.0033022939178820442
additionally 0.002027027027027027 0.9208187539523752 0.0018665245012548148
stood 0.0006756756756756757 0.8860566476931633 0.0005986869241170023
closing 0.0006756756756756757 1.1549019599857433 0.0007803391621525293
guantanamo 0.0006756756756756757 1.3979400086720377 0.0009445540599135391
bay 0.0006756756756756757 1.0969100130080565 0.0007411554141946328
detention 0.0006756756756756757 1.1549019599857433 0.0007803391621525293
camp 0.0006756756756756757 1.0969100130080565 0.0007411554141946328
delayed 0.0006756756756756757 1.6989700043360187 0.001147952705632445
approval 0.0013513513513513514 1.0969100130080565 0.0014823108283892655
judicial 0.0006756756756756757 1.1549019599857433 0.0007803391621525293
host 0.0006756756756756757 0.853871964321762 0.000576940516433623
put 0.0006756756756756757 0.6777807052660807 0.0004579599359905951
forth 0.0006756756756756757 1.3979400086720377 0.0009445540599135391
administration 0.0013513513513513514 0.6575773191777938 0.0008886179988889107
strategy 0.0006756756756756757 1.0969100130080565 0.0007411554141946328
explicit 0.0006756756756756757 1.5228787452803376 0.0010289721251894174
interview 0.0006756756756756757 0.585026652029182 0.00039528827839809596
journal 0.0006756756756756757 1.3010299956639813 0.0008790743213945819
stated 0.0013513513513513514 0.7447274948966939 0.001006388506617154
goal 0.0006756756756756757 0.9208187539523752 0.0006221748337516049
saw 0.0006756756756756757 0.6989700043360189 0.00047227702995676955
gain 0.0013513513513513514 2.0 0.002702702702702703
takeover 0.0006756756756756757 1.5228787452803376 0.0010289721251894174
despite 0.0006756756756756757 0.4202164033831899 0.0002839300022859391
gun 0.0013513513513513514 0.8860566476931633 0.0011973738482340046
december 0.0033783783783783786 0.40893539297350084 0.0013815384897753408
sandy 0.0006756756756756757 1.3979400086720377 0.0009445540599135391
hook 0.0006756756756756757 1.3010299956639813 0.0008790743213945819
massacre 0.0006756756756756757 1.6989700043360187 0.001147952705632445
bill 0.007432432432432433 0.4202164033831899 0.0031232300251453305
would 0.004054054054054054 0.2291479883578558 0.0009289783311804966
expanded 0.0013513513513513514 0.9208187539523752 0.0012443496675032099
background 0.0006756756756756757 0.7958800173440752 0.0005377567684757265
check 0.0013513513513513514 1.3716110699496886 0.0018535284729049848
purchase 0.0006756756756756757 1.5228787452803376 0.0010289721251894174
narrative 0.0006756756756756757 1.6989700043360187 0.001147952705632445
wasteful 0.0006756756756756757 1.6989700043360187 0.001147952705632445
spending 0.0013513513513513514 0.721246399047171 0.0009746572960096906
fueling 0.0006756756756756757 2.0 0.0013513513513513514
ongoing 0.0006756756756756757 1.2218487496163564 0.0008255734794705111
dispute 0.0006756756756756757 1.045757490560675 0.0007065928990274831
debt 0.0006756756756756757 1.045757490560675 0.0007065928990274831
limit 0.0006756756756756757 1.1549019599857433 0.0007803391621525293
eventually 0.0006756756756756757 0.3979400086720376 0.00026887838423786327
forced 0.0006756756756756757 0.721246399047171 0.0004873286480048453
deal 0.0013513513513513514 2.0757207139381184 0.002805027991808268
end 0.0006756756756756757 0.44369749923271273 0.0002997956075896708
government 0.002027027027027027 0.494850021680094 0.0010030743682704609
shutdown 0.002027027027027027 1.3979400086720377 0.002833662179740617
october 0.0006756756756756757 0.37675070960209955 0.0002545612902716889
although 0.0013513513513513514 0.431798275933005 0.0005835111836932501
compromise 0.0013513513513513514 1.3010299956639813 0.0017581486427891639
angered 0.0006756756756756757 1.3979400086720377 0.0009445540599135391
tea 0.0006756756756756757 1.3010299956639813 0.0008790743213945819
faction 0.0006756756756756757 2.0 0.0013513513513513514
gop 0.0013513513513513514 1.6989700043360187 0.00229590541126489
survived 0.0006756756756756757 1.0 0.0006756756756756757
ensuing 0.0006756756756756757 1.045757490560675 0.0007065928990274831
power 0.0013513513513513514 0.5376020021010439 0.0007264891920284377
struggle 0.0006756756756756757 0.9208187539523752 0.0006221748337516049
eric 0.0006756756756756757 1.6989700043360187 0.001147952705632445
cantor 0.0006756756756756757 2.0 0.0013513513513513514
boehner 0.0006756756756756757 1.5228787452803376 0.0010289721251894174
capped 0.0006756756756756757 2.0 0.0013513513513513514
another 0.002027027027027027 0.40893539297350084 0.0008289230938652044
wave 0.0006756756756756757 1.5228787452803376 0.0010289721251894174
long 0.002027027027027027 0.4559319556497244 0.0009241863965872792
coveted 0.0006756756756756757 1.6989700043360187 0.001147952705632445
read 0.0006756756756756757 0.0655015487564323 4.425780321380561e-05
next 0.0013513513513513514 0.07058107428570728 9.537983011582066e-05
bella 0.0006756756756756757 0.0655015487564323 4.425780321380561e-05
hadid 0.0006756756756756757 0.0655015487564323 4.425780321380561e-05
sadie 0.0006756756756756757 0.06048074738138145 4.086536985228477e-05
alexander 0.0006756756756756757 0.05551732784983141 3.751170800664285e-05
adrienne 0.0006756756756756757 0.0655015487564323 4.425780321380561e-05
kennedy 0.0006756756756756757 0.06048074738138145 4.086536985228477e-05
controversy 0.0006756756756756757 0.8239087409443188 0.0005566950952326479
vote 0.002702702702702703 1.5590909179347823 0.004213759237661574
favor 0.0006756756756756757 0.7695510786217261 0.0005199669450146799
turned 0.0006756756756756757 0.638272163982407 0.0004312649756637886
oversaw 0.0006756756756756757 1.1549019599857433 0.0007803391621525293
five 0.0006756756756756757 0.48148606012211254 0.0003253284190014274
highway 0.0006756756756756757 2.0 0.0013513513513513514
struck 0.0006756756756756757 0.9208187539523752 0.0006221748337516049
enact 0.0006756756756756757 1.3979400086720377 0.0009445540599135391
social 0.0006756756756756757 0.5228787452803376 0.00035329644951374167
security 0.0006756756756756757 0.853871964321762 0.000576940516433623
pushed 0.0006756756756756757 0.7958800173440752 0.0005377567684757265
address 0.0006756756756756757 0.7695510786217261 0.0005199669450146799
opioid 0.0006756756756756757 2.0 0.0013513513513513514
epidemic 0.0006756756756756757 1.6989700043360187 0.001147952705632445
work 0.0013513513513513514 0.2218487496163564 0.0002997956075896708
senior 0.0006756756756756757 1.0 0.0006756756756756757
member 0.002027027027027027 0.8386319977650252 0.0016999297251993754
agriculture 0.0006756756756756757 1.6989700043360187 0.001147952705632445
appropriation 0.0006756756756756757 1.6989700043360187 0.001147952705632445
rule 0.0013513513513513514 1.0 0.0013513513513513514
obstructed 0.0006756756756756757 1.5228787452803376 0.0010289721251894174
appointment 0.0013513513513513514 0.958607314841775 0.001295415290326723
expected 0.0006756756756756757 0.8860566476931633 0.0005986869241170023
tip 0.0006756756756756757 1.5228787452803376 0.0010289721251894174
liberal 0.0006756756756756757 0.8860566476931633 0.0005986869241170023
direction 0.0013513513513513514 1.1549019599857433 0.0015606783243050585
announced 0.0013513513513513514 0.40893539297350084 0.0005526153959101363
voice 0.0006756756756756757 0.7447274948966939 0.000503194253308577
selection 0.0006756756756756757 1.3010299956639813 0.0008790743213945819
merrick 0.0006756756756756757 1.3979400086720377 0.0009445540599135391
garland 0.0006756756756756757 1.3979400086720377 0.0009445540599135391
move 0.0006756756756756757 0.721246399047171 0.0004873286480048453
drew 0.0006756756756756757 0.8239087409443188 0.0005566950952326479
condemnation 0.0006756756756756757 1.6989700043360187 0.001147952705632445
side 0.0006756756756756757 0.9208187539523752 0.0006221748337516049
aisle 0.0006756756756756757 1.2218487496163564 0.0008255734794705111
gambit 0.0006756756756756757 2.0 0.0013513513513513514
paid 0.0006756756756756757 1.0 0.0006756756756756757
donald 0.0013513513513513514 0.494850021680094 0.0006687162455136406
trump 0.010135135135135136 0.5086383061657272 0.005155117967895885
november 0.0013513513513513514 0.24412514432750856 0.0003298988436858224
assuring 0.0006756756756756757 2.0 0.0013513513513513514
eventual 0.0006756756756756757 1.2218487496163564 0.0008255734794705111
nomination 0.0013513513513513514 0.5086383061657272 0.0006873490623861179
confirmation 0.0013513513513513514 0.958607314841775 0.001295415290326723
conservative 0.0006756756756756757 0.8239087409443188 0.0005566950952326479
favorite 0.0006756756756756757 0.8239087409443188 0.0005566950952326479
neil 0.0006756756756756757 1.3010299956639813 0.0008790743213945819
gorsuch 0.0006756756756756757 1.6989700043360187 0.001147952705632445
repeal 0.002702702702702703 1.3010299956639813 0.0035162972855783277
wall 0.002027027027027027 0.5528419686577808 0.0011206256121441503
office 0.0006756756756756757 0.31875876262441283 0.00021537754231379247
fellow 0.0013513513513513514 0.6020599913279624 0.0008135945828756249
lawmaker 0.0006756756756756757 1.2218487496163564 0.0008255734794705111
embarked 0.0006756756756756757 1.1549019599857433 0.0007803391621525293
promised 0.0006756756756756757 0.8860566476931633 0.0005986869241170023
misstep 0.0006756756756756757 2.0 0.0013513513513513514
managed 0.0006756756756756757 0.958607314841775 0.0006477076451633615
pas 0.0006756756756756757 1.1549019599857433 0.0007803391621525293
version 0.0013513513513513514 1.045757490560675 0.0014131857980549663
may 0.0006756756756756757 0.3098039199714864 0.00020932697295370702
however 0.002027027027027027 0.32790214206428253 0.0006646665041843565
failed 0.002027027027027027 0.5376020021010439 0.0010897337880426566
generate 0.0006756756756756757 1.3010299956639813 0.0008790743213945819
enough 0.0006756756756756757 0.6575773191777938 0.00044430899944445534
hump 0.0006756756756756757 2.0 0.0013513513513513514
defection 0.0006756756756756757 2.0 0.0013513513513513514
independent 0.0006756756756756757 1.0 0.0006756756756756757
minded 0.0006756756756756757 1.5228787452803376 0.0010289721251894174
like 0.0013513513513513514 0.2365720064370627 0.0003196919005906253
susan 0.0006756756756756757 1.2218487496163564 0.0008255734794705111
collins 0.0006756756756756757 1.6989700043360187 0.001147952705632445
delay 0.0006756756756756757 1.5228787452803376 0.0010289721251894174
holding 0.0006756756756756757 1.1549019599857433 0.0007803391621525293
suffering 0.0006756756756756757 0.7958800173440752 0.0005377567684757265
rare 0.0006756756756756757 1.3010299956639813 0.0008790743213945819
revised 0.0006756756756756757 1.6989700043360187 0.001147952705632445
july 0.0006756756756756757 0.37675070960209955 0.0002545612902716889
fueled 0.0006756756756756757 1.3979400086720377 0.0009445540599135391
increased 0.0006756756756756757 0.9208187539523752 0.0006221748337516049
tension 0.0006756756756756757 1.3010299956639813 0.0008790743213945819
already 0.0006756756756756757 1.0 0.0006756756756756757
odds 0.0006756756756756757 1.5228787452803376 0.0010289721251894174
got 0.0006756756756756757 0.5376020021010439 0.00036324459601421886
back 0.0013513513513513514 0.4202164033831899 0.0005678600045718783
track 0.0006756756756756757 0.8860566476931633 0.0005986869241170023
securing 0.0006756756756756757 1.5228787452803376 0.0010289721251894174
sweeping 0.0006756756756756757 1.5228787452803376 0.0010289721251894174
speaker 0.002027027027027027 0.7447274948966939 0.0015095827599257308
paul 0.002027027027027027 0.721246399047171 0.0014619859440145359
ryan 0.002027027027027027 1.045757490560675 0.0021197786970824496
reconciled 0.0006756756756756757 1.6989700043360187 0.001147952705632445
difference 0.0006756756756756757 1.3979400086720377 0.0009445540599135391
trillion 0.0013513513513513514 1.0969100130080565 0.0014823108283892655
passed 0.002027027027027027 0.6777807052660807 0.0013738798079717853
major 0.0006756756756756757 0.4202164033831899 0.0002839300022859391
victory 0.0013513513513513514 0.5686362358410126 0.0007684273457310982
scored 0.0006756756756756757 1.3979400086720377 0.0009445540599135391
bickered 0.0006756756756756757 2.0 0.0013513513513513514
temporary 0.0013513513513513514 0.853871964321762 0.001153881032867246
leading 0.0006756756756756757 0.5228787452803376 0.00035329644951374167
brief 0.0006756756756756757 1.0969100130080565 0.0007411554141946328
january 0.0013513513513513514 0.2676062401770315 0.00036163005429328584
demanded 0.0006756756756756757 1.2218487496163564 0.0008255734794705111
renewed 0.0006756756756756757 1.3979400086720377 0.0009445540599135391
protection 0.0006756756756756757 1.6989700043360187 0.001147952705632445
dreamer 0.0006756756756756757 2.0 0.0013513513513513514
child 0.0006756756756756757 0.2076083105017461 0.00014027588547415278
illegal 0.0006756756756756757 1.0969100130080565 0.0007411554141946328
immigrant 0.0006756756756756757 1.0 0.0006756756756756757
growing 0.0006756756756756757 0.585026652029182 0.00039528827839809596
united 0.0013513513513513514 0.18708664335714445 0.0002528197883204655
state 0.0033783783783783786 0.4930892744484819 0.0016658421434070335
relented 0.0006756756756756757 2.0 0.0013513513513513514
delivered 0.0006756756756756757 0.8239087409443188 0.0005566950952326479
vague 0.0006756756756756757 2.0 0.0013513513513513514
promise 0.0006756756756756757 0.9208187539523752 0.0006221748337516049
consider 0.0006756756756756757 1.3010299956639813 0.0008790743213945819
issue 0.002702702702702703 0.6989700043360189 0.0018891081198270782
april 0.0006756756756756757 0.1549019599857432 0.00010466348647685351
said 0.002027027027027027 0.2518119729937996 0.0005104296749874317
make 0.0006756756756756757 0.3872161432802645 0.00026163252924342196
individual 0.0006756756756756757 0.8239087409443188 0.0005566950952326479
cut 0.0006756756756756757 1.0969100130080565 0.0007411554141946328
permanent 0.0006756756756756757 1.0969100130080565 0.0007411554141946328
around 0.0006756756756756757 0.4559319556497244 0.0003080621321957597
time 0.0013513513513513514 0.1023729087095586 0.00013834176852643056
revealed 0.0006756756756756757 0.5086383061657272 0.00034367453119305897
allegedly 0.0006756756756756757 0.853871964321762 0.000576940516433623
torpedoed 0.0006756756756756757 1.5228787452803376 0.0010289721251894174
march 0.002702702702702703 0.27572413039921095 0.0007452003524302999
omnibus 0.0006756756756756757 1.6989700043360187 0.001147952705632445
update 0.0006756756756756757 2.0 0.0013513513513513514
congressional 0.0006756756756756757 0.721246399047171 0.0004873286480048453
sexual 0.0006756756756756757 0.7958800173440752 0.0005377567684757265
harassment 0.0006756756756756757 1.0969100130080565 0.0007411554141946328
provision 0.0006756756756756757 1.3010299956639813 0.0008790743213945819
rendered 0.0006756756756756757 1.2218487496163564 0.0008255734794705111
financially 0.0006756756756756757 1.5228787452803376 0.0010289721251894174
liable 0.0006756756756756757 1.5228787452803376 0.0010289721251894174
settlement 0.0006756756756756757 1.6989700043360187 0.001147952705632445
addressed 0.0006756756756756757 1.0969100130080565 0.0007411554141946328
thorny 0.0006756756756756757 1.6989700043360187 0.001147952705632445
robert 0.0006756756756756757 0.5528419686577808 0.00037354187071471677
mueller 0.0013513513513513514 1.3979400086720377 0.0018891081198270782
investigation 0.0013513513513513514 2.657577319177794 0.0035913207015916136
russian 0.0006756756756756757 0.958607314841775 0.0006477076451633615
interference 0.0006756756756756757 1.3010299956639813 0.0008790743213945819
presidential 0.002702702702702703 0.3665315444204135 0.0009906257957308475
reportedly 0.0006756756756756757 0.721246399047171 0.0004873286480048453
fuming 0.0006756756756756757 2.0 0.0013513513513513514
special 0.0013513513513513514 0.638272163982407 0.0008625299513275772
counsel 0.0013513513513513514 2.657577319177794 0.0035913207015916136
intrusion 0.0006756756756756757 2.0 0.0013513513513513514
area 0.0006756756756756757 1.0969100130080565 0.0007411554141946328
professional 0.0006756756756756757 0.8239087409443188 0.0005566950952326479
dealing 0.0006756756756756757 1.2218487496163564 0.0008255734794705111
downplayed 0.0006756756756756757 2.0 0.0013513513513513514
importance 0.0006756756756756757 1.0 0.0006756756756756757
recently 0.0006756756756756757 1.5228787452803376 0.0010289721251894174
introduced 0.0006756756756756757 0.9208187539523752 0.0006221748337516049
protect 0.0006756756756756757 0.721246399047171 0.0004873286480048453
bring 0.0006756756756756757 0.7447274948966939 0.000503194253308577
floor 0.0006756756756756757 1.3979400086720377 0.0009445540599135391
found 0.0006756756756756757 0.3372421683184259 0.00022786632994488239
cornered 0.0006756756756756757 2.0 0.0013513513513513514
insistence 0.0006756756756756757 1.6989700043360187 0.001147952705632445
building 0.0006756756756756757 0.853871964321762 0.000576940516433623
mexico 0.0006756756756756757 1.0 0.0006756756756756757
border 0.0006756756756756757 0.958607314841775 0.0006477076451633615
day 0.0013513513513513514 0.7013652168755644 0.0009477908336156276
budget 0.0006756756756756757 0.958607314841775 0.0006477076451633615
allocated 0.0013513513513513514 1.6989700043360187 0.00229590541126489
billion 0.0013513513513513514 0.8860566476931633 0.0011973738482340046
ignored 0.0006756756756756757 1.6989700043360187 0.001147952705632445
warning 0.0013513513513513514 2.0 0.002702702702702703
lukewarm 0.0006756756756756757 1.6989700043360187 0.001147952705632445
declared 0.0006756756756756757 0.5528419686577808 0.00037354187071471677
emergency 0.002027027027027027 1.1549019599857433 0.002341017486457588
obtain 0.0006756756756756757 1.0969100130080565 0.0007411554141946328
funding 0.0006756756756756757 1.1549019599857433 0.0007803391621525293
subsequently 0.0006756756756756757 0.7695510786217261 0.0005199669450146799
resolution 0.0006756756756756757 1.0969100130080565 0.0007411554141946328
overturn 0.0006756756756756757 1.3010299956639813 0.0008790743213945819
able 0.0006756756756756757 0.7447274948966939 0.000503194253308577
prevent 0.0006756756756756757 1.0 0.0006756756756756757
resulting 0.0006756756756756757 1.045757490560675 0.0007065928990274831
veto 0.0006756756756756757 1.3010299956639813 0.0008790743213945819
presidency 0.0013513513513513514 0.4685210829577449 0.0006331365985915472
released 0.0006756756756756757 0.3010299956639812 0.00020339864571890622
summary 0.0006756756756756757 1.6989700043360187 0.001147952705632445
completed 0.0006756756756756757 1.1549019599857433 0.0007803391621525293
report 0.0006756756756756757 0.8239087409443188 0.0005566950952326479
cleared 0.0006756756756756757 2.0 0.0013513513513513514
colluding 0.0006756756756756757 2.0 0.0013513513513513514
russia 0.0006756756756756757 0.853871964321762 0.000576940516433623
though 0.0013513513513513514 0.3665315444204135 0.0004953128978654238
obstruction 0.0013513513513513514 1.5228787452803376 0.0020579442503788348
remained 0.0006756756756756757 0.585026652029182 0.00039528827839809596
politically 0.0006756756756756757 1.045757490560675 0.0007065928990274831
charged 0.0013513513513513514 0.7695510786217261 0.0010399338900293597
topic 0.0006756756756756757 1.3979400086720377 0.0009445540599135391
emboldened 0.0006756756756756757 2.0 0.0013513513513513514
taking 0.0006756756756756757 0.6020599913279624 0.00040679729143781244
replace 0.0006756756756756757 1.0969100130080565 0.0007411554141946328
yet 0.0006756756756756757 0.6777807052660807 0.0004579599359905951
heeded 0.0006756756756756757 1.5228787452803376 0.0010289721251894174
appetite 0.0006756756756756757 2.0 0.0013513513513513514
immediate 0.0006756756756756757 1.0969100130080565 0.0007411554141946328
healthcare 0.0006756756756756757 0.958607314841775 0.0006477076451633615
battle 0.0006756756756756757 0.721246399047171 0.0004873286480048453
tackle 0.0006756756756756757 1.5228787452803376 0.0010289721251894174
reelected 0.0006756756756756757 1.5228787452803376 0.0010289721251894174
summer 0.0006756756756756757 0.6989700043360189 0.00047227702995676955
suffered 0.0006756756756756757 0.6575773191777938 0.00044430899944445534
fractured 0.0006756756756756757 1.3979400086720377 0.0009445540599135391
shoulder 0.0006756756756756757 1.6989700043360187 0.001147952705632445
falling 0.0006756756756756757 1.3010299956639813 0.0008790743213945819
patio 0.0006756756756756757 2.0 0.0013513513513513514
forcing 0.0006756756756756757 1.2218487496163564 0.0008255734794705111
continue 0.0006756756756756757 0.6777807052660807 0.0004579599359905951
home 0.0006756756756756757 0.31875876262441283 0.00021537754231379247
impeachment 0.002702702702702703 1.3010299956639813 0.0035162972855783277
fall 0.0006756756756756757 0.7695510786217261 0.0005199669450146799
mostly 0.0006756756756756757 0.8239087409443188 0.0005566950952326479
representative 0.0013513513513513514 1.4814860601221125 0.0020020081893542064
lower 0.0006756756756756757 0.958607314841775 0.0006477076451633615
chamber 0.0006756756756756757 1.5228787452803376 0.0010289721251894174
almost 0.0006756756756756757 0.8860566476931633 0.0005986869241170023
entirely 0.0006756756756756757 1.3010299956639813 0.0008790743213945819
along 0.0013513513513513514 0.4202164033831899 0.0005678600045718783
line 0.0013513513513513514 1.3979400086720377 0.0018891081198270782
charge 0.0013513513513513514 1.8794260687941502 0.002539764957829933
abuse 0.0006756756756756757 0.958607314841775 0.0006477076451633615
nancy 0.0006756756756756757 1.0 0.0006756756756756757
pelosi 0.0006756756756756757 1.0969100130080565 0.0007411554141946328
immediately 0.0006756756756756757 0.853871964321762 0.000576940516433623
relay 0.0006756756756756757 1.6989700043360187 0.001147952705632445
article 0.0013513513513513514 1.3716110699496886 0.0018535284729049848
controlled 0.0006756756756756757 0.8239087409443188 0.0005566950952326479
leaving 0.0006756756756756757 0.5686362358410126 0.0003842136728655491
jostle 0.0006756756756756757 2.0 0.0013513513513513514
chuck 0.0006756756756756757 1.2218487496163564 0.0008255734794705111
schumer 0.0013513513513513514 1.5228787452803376 0.0020579442503788348
trial 0.002027027027027027 0.7447274948966939 0.0015095827599257308
beyond 0.0006756756756756757 1.045757490560675 0.0007065928990274831
consenting 0.0006756756756756757 2.0 0.0013513513513513514
let 0.0006756756756756757 0.6777807052660807 0.0004579599359905951
argument 0.0006756756756756757 1.2218487496163564 0.0008255734794705111
take 0.0006756756756756757 0.48148606012211254 0.0003253284190014274
three 0.0013513513513513514 0.2076083105017461 0.00028055177094830555
instead 0.0006756756756756757 0.7447274948966939 0.000503194253308577
leveraged 0.0006756756756756757 2.0 0.0013513513513513514
squashing 0.0006756756756756757 2.0 0.0013513513513513514
attempt 0.0006756756756756757 0.7958800173440752 0.0005377567684757265
amend 0.0006756756756756757 1.6989700043360187 0.001147952705632445
call 0.0006756756756756757 0.6989700043360189 0.00047227702995676955
witness 0.0006756756756756757 1.5228787452803376 0.0010289721251894174
acquit 0.0006756756756756757 1.3979400086720377 0.0009445540599135391
prompting 0.0006756756756756757 1.2218487496163564 0.0008255734794705111
praise 0.0006756756756756757 1.0969100130080565 0.0007411554141946328
fantastic 0.0006756756756756757 2.0 0.0013513513513513514
celebratory 0.0006756756756756757 2.0 0.0013513513513513514
speech 0.0006756756756756757 0.7447274948966939 0.000503194253308577
afterward 0.0006756756756756757 0.853871964321762 0.000576940516433623
month 0.0013513513513513514 1.016824927962187 0.001374087740489442
suddenly 0.0006756756756756757 1.3979400086720377 0.0009445540599135391
reeling 0.0006756756756756757 1.5228787452803376 0.0010289721251894174
coronavirus 0.0006756756756756757 1.0 0.0006756756756756757
outbreak 0.0006756756756756757 1.2218487496163564 0.0008255734794705111
butted 0.0006756756756756757 2.0 0.0013513513513513514
head 0.0006756756756756757 1.3010299956639813 0.0008790743213945819
component 0.0006756756756756757 2.0 0.0013513513513513514
unanimously 0.0006756756756756757 1.5228787452803376 0.0010289721251894174
amount 0.0006756756756756757 1.5228787452803376 0.0010289721251894174
called 0.0006756756756756757 0.3010299956639812 0.00020339864571890622
wartime 0.0006756756756756757 1.6989700043360187 0.001147952705632445
level 0.0006756756756756757 1.2218487496163564 0.0008255734794705111
investment 0.0006756756756756757 0.853871964321762 0.000576940516433623
nation 0.0006756756756756757 0.35654732351381263 0.0002409103537255491
created 0.0006756756756756757 0.721246399047171 0.0004873286480048453
lending 0.0006756756756756757 1.5228787452803376 0.0010289721251894174
business 0.0006756756756756757 1.1549019599857433 0.0007803391621525293
city 0.0006756756756756757 1.2218487496163564 0.0008255734794705111
provided 0.0006756756756756757 0.958607314841775 0.0006477076451633615
unemployment 0.0006756756756756757 1.2218487496163564 0.0008255734794705111
adult 0.0006756756756756757 1.045757490560675 0.0007065928990274831
personal 0.0006756756756756757 0.3372421683184259 0.00022786632994488239
life 0.002027027027027027 0.13679614097137055 0.0002772894749419673
devoted 0.0006756756756756757 1.0 0.0006756756756756757
baptist 0.0006756756756756757 0.8860566476931633 0.0005986869241170023
published 0.0013513513513513514 0.07058107428570728 9.537983011582066e-05
book 0.0006756756756756757 0.585026652029182 0.00039528827839809596
game 0.0006756756756756757 0.958607314841775 0.0006477076451633615
daughter 0.0006756756756756757 0.8239087409443188 0.0005566950952326479
sherrill 0.0006756756756756757 2.0 0.0013513513513513514
redmon 0.0006756756756756757 2.0 0.0013513513513513514
married 0.0006756756756756757 0.24412514432750856 0.0001649494218429112
second 0.0006756756756756757 0.19382002601611284 0.0001309594770379141
elaine 0.0006756756756756757 2.0 0.0013513513513513514
chao 0.0013513513513513514 2.0 0.002702702702702703
secretary 0.002027027027027027 0.638272163982407 0.0012937949269913656
labor 0.0006756756756756757 0.8860566476931633 0.0005986869241170023
tapped 0.0006756756756756757 1.3979400086720377 0.0009445540599135391
elect 0.0006756756756756757 0.8860566476931633 0.0005986869241170023
transportation 0.0006756756756756757 1.2218487496163564 0.0008255734794705111
upon 0.0006756756756756757 0.721246399047171 0.0004873286480048453
recuse 0.0006756756756756757 1.6989700043360187 0.001147952705632445
strive 0.0006756756756756757 0.07058107428570728 4.768991505791033e-05
accuracy 0.0006756756756756757 0.07058107428570728 4.768991505791033e-05
fairness 0.0006756756756756757 0.07058107428570728 4.768991505791033e-05
see 0.0013513513513513514 0.04575749056067514 6.183444670361506e-05
something 0.0006756756756756757 0.07058107428570728 4.768991505791033e-05
look 0.0006756756756756757 0.07058107428570728 4.768991505791033e-05
citation 0.0006756756756756757 0.07058107428570728 4.768991505791033e-05
information 0.0006756756756756757 0.07058107428570728 4.768991505791033e-05
title 0.0006756756756756757 0.07058107428570728 4.768991505791033e-05
author 0.0006756756756756757 0.06048074738138145 4.086536985228477e-05
tim 0.0006756756756756757 1.0969100130080565 0.0007411554141946328
ott 0.0006756756756756757 1.3979400086720377 0.0009445540599135391
website 0.0013513513513513514 0.0655015487564323 8.851560642761121e-05
com 0.0006756756756756757 0.06048074738138145 4.086536985228477e-05
url 0.0006756756756756757 0.07058107428570728 4.768991505791033e-05
access 0.0006756756756756757 0.07058107428570728 4.768991505791033e-05
publisher 0.0006756756756756757 0.07058107428570728 4.768991505791033e-05
e 0.0013513513513513514 0.04575749056067514 6.183444670361506e-05
television 0.0013513513513513514 0.04575749056067514 6.183444670361506e-05
network 0.0013513513513513514 0.04575749056067514 6.183444670361506e-05
last 0.0006756756756756757 0.0655015487564323 4.425780321380561e-05
updated 0.0006756756756756757 0.07058107428570728 4.768991505791033e-05
original 0.0006756756756756757 0.0655015487564323 4.425780321380561e-05
receive 0.0006756756756756757 0.05551732784983141 3.751170800664285e-05
story 0.002027027027027027 0.05551732784983141 0.00011253512401992854
shaped 0.0013513513513513514 0.05551732784983141 7.50234160132857e-05
world 0.0006756756756756757 0.04575749056067514 3.091722335180753e-05
person 0.006081081081081081 0.05060999335508724 0.0003077634731052603
running 0.0006756756756756757 0.721246399047171 0.0004873286480048453
mate 0.0006756756756756757 1.0 0.0006756756756756757
mitt 0.0006756756756756757 1.1549019599857433 0.0007803391621525293
romney 0.0006756756756756757 1.1549019599857433 0.0007803391621525293
bob 0.0013513513513513514 1.045757490560675 0.0014131857980549663
dole 0.0013513513513513514 2.0 0.002702702702702703
kansa 0.0006756756756756757 1.2218487496163564 0.0008255734794705111
candidate 0.0006756756756756757 0.585026652029182 0.00039528827839809596
rick 0.0013513513513513514 1.2218487496163564 0.0016511469589410221
perry 0.0013513513513513514 1.3010299956639813 0.0017581486427891639
governor 0.0013513513513513514 0.6575773191777938 0.0008886179988889107
texas 0.0006756756756756757 0.619788758288394 0.00041877618803269867
ran 0.0006756756756756757 0.48148606012211254 0.0003253284190014274
bid 0.0013513513513513514 2.3010299956639813 0.0031094999941405155
becoming 0.0006756756756756757 0.3372421683184259 0.00022786632994488239
energy 0.0006756756756756757 0.8239087409443188 0.0005566950952326479
lewis 0.0013513513513513514 0.8860566476931633 0.0011973738482340046
big 0.0006756756756756757 0.5228787452803376 0.00035329644951374167
six 0.0013513513513513514 0.5686362358410126 0.0007684273457310982
civil 0.0006756756756756757 0.3467874862246563 0.00023431586907071375
movement 0.0006756756756756757 0.48148606012211254 0.0003253284190014274
fight 0.0006756756756756757 0.5376020021010439 0.00036324459601421886
joining 0.0006756756756756757 0.7695510786217261 0.0005199669450146799
vietnam 0.0006756756756756757 0.9208187539523752 0.0006221748337516049
war 0.0006756756756756757 0.35654732351381263 0.0002409103537255491
veteran 0.0006756756756756757 0.9208187539523752 0.0006221748337516049
arizona 0.0006756756756756757 0.958607314841775 0.0006477076451633615
loss 0.0006756756756756757 0.7447274948966939 0.000503194253308577
joseph 0.0013513513513513514 0.585026652029182 0.0007905765567961919
mccarthy 0.0013513513513513514 1.6989700043360187 0.00229590541126489
communist 0.0006756756756756757 2.0 0.0013513513513513514
infiltrated 0.0006756756756756757 2.0 0.0013513513513513514
department 0.0006756756756756757 0.7447274948966939 0.000503194253308577
chair 0.0006756756756756757 0.958607314841775 0.0006477076451633615
subcommittee 0.0006756756756756757 2.0 0.0013513513513513514
joe 0.0013513513513513514 0.5228787452803376 0.0007065928990274833
biden 0.0013513513513513514 0.6575773191777938 0.0008886179988889107
vice 0.0006756756756756757 0.5376020021010439 0.00036324459601421886
jeb 0.0013513513513513514 2.0 0.002702702702702703
florida 0.0013513513513513514 0.7447274948966939 0.001006388506617154
son 0.0006756756756756757 0.28399665636520083 0.00019188963267918976
st 0.0006756756756756757 0.721246399047171 0.0004873286480048453
brother 0.0006756756756756757 0.494850021680094 0.0003343581227568203
rd 0.0006756756756756757 1.3010299956639813 0.0008790743213945819
marco 0.0013513513513513514 1.3979400086720377 0.0018891081198270782
rubio 0.0013513513513513514 1.3979400086720377 0.0018891081198270782
representing 0.0006756756756756757 0.8860566476931633 0.0005986869241170023
unsuccessful 0.0006756756756756757 0.8860566476931633 0.0005986869241170023
loading 0.0006756756756756757 0.04575749056067514 3.091722335180753e-05
logo 0.0006756756756756757 0.04575749056067514 3.091722335180753e-05
registered 0.0006756756756756757 0.04575749056067514 3.091722335180753e-05
trademark 0.0006756756756756757 0.04575749056067514 3.091722335180753e-05
llc 0.0006756756756756757 0.04575749056067514 3.091722335180753e-05
close 0.002702702702702703 0.04575749056067514 0.00012366889340723012
