malia 0.02609727164887307 1.2218487496163564 0.031886918732573946
obama 0.03084223013048636 0.37675070960209955 0.011619832087371992
education 0.002372479240806643 0.19382002601611284 0.0004598339881758312
first 0.0166073546856465 0.0655015487564323 0.0010878074526572386
daughter 0.009489916963226572 1.1426675035687315 0.010843819725444665
fact 0.0035587188612099647 0.14116214857141457 0.0005023564006100163
biography 0.011862396204033215 0.04575749056067514 0.0005427934823330385
skip 0.0011862396204033216 0.04575749056067514 5.427934823330385e-05
main 0.0011862396204033216 0.04575749056067514 5.427934823330385e-05
content 0.0011862396204033216 0.04575749056067514 5.427934823330385e-05
people 0.004744958481613286 0.04575749056067514 0.0002171173929332154
nostalgia 0.0035587188612099642 0.04575749056067514 0.00016283804469991153
celebrity 0.0035587188612099642 0.04575749056067514 0.00016283804469991153
history 0.004744958481613286 0.04575749056067514 0.0002171173929332154
culture 0.0035587188612099642 0.04575749056067514 0.00016283804469991153
crime 0.0035587188612099642 0.04575749056067514 0.00016283804469991153
scandal 0.0035587188612099642 0.04575749056067514 0.00016283804469991153
video 0.0035587188612099642 0.04575749056067514 0.00016283804469991153
contact 0.0035587188612099642 0.04575749056067514 0.00016283804469991153
u 0.015421115065243178 0.20065945054641832 0.00309439247580479
advertise 0.002372479240806643 0.04575749056067514 0.0001085586964666077
privacy 0.0035587188612099642 0.04575749056067514 0.00016283804469991153
notice 0.002372479240806643 0.04575749056067514 0.0001085586964666077
term 0.0035587188612099647 0.5406075122407692 0.001923870150323022
use 0.002372479240806643 0.04575749056067514 0.0001085586964666077
copyright 0.002372479240806643 0.04575749056067514 0.0001085586964666077
policy 0.002372479240806643 0.04575749056067514 0.0001085586964666077
ad 0.002372479240806643 0.04575749056067514 0.0001085586964666077
choice 0.002372479240806643 0.04575749056067514 0.0001085586964666077
accessibility 0.002372479240806643 0.04575749056067514 0.0001085586964666077
support 0.002372479240806643 0.04575749056067514 0.0001085586964666077
setting 0.0011862396204033216 0.04575749056067514 5.427934823330385e-05
february 0.002372479240806643 0.04575749056067514 0.0001085586964666077
subscribe 0.002372479240806643 0.04575749056067514 0.0001085586964666077
newsletter 0.0035587188612099642 0.04575749056067514 0.00016283804469991153
photo 0.0011862396204033216 0.12493873660829993 0.0001482072794879003
bruce 0.0011862396204033216 1.0969100130080565 0.0013011981174472795
glikas 0.0011862396204033216 2.0 0.002372479240806643
filmmagic 0.0011862396204033216 1.3010299956639813 0.0015433333281897762
quick 0.0011862396204033216 0.07058107428570728 8.372606676833605e-05
name 0.005931198102016607 0.05551732784983141 0.0003292842695719538
birth 0.002372479240806643 0.07058107428570728 0.0001674521335366721
date 0.004744958481613286 0.07058107428570728 0.0003349042670733442
july 0.002372479240806643 0.37675070960209955 0.0008938332374901532
age 0.0011862396204033216 0.11350927482751813 0.0001346491990836514
place 0.0011862396204033216 0.07572071393811834 8.982291095862201e-05
chicago 0.009489916963226572 0.638272163982407 0.006057149836131977
illinois 0.002372479240806643 1.045757490560675 0.0024810379372732505
full 0.0011862396204033216 0.3010299956639812 0.0003570937077864546
ann 0.002372479240806643 1.0969100130080565 0.002602396234894559
cite 0.0011862396204033216 0.07058107428570728 8.372606676833605e-05
page 0.0011862396204033216 0.07058107428570728 8.372606676833605e-05
publish 0.0011862396204033216 0.07058107428570728 8.372606676833605e-05
jun 0.0011862396204033216 1.045757490560675 0.0012405189686366253
comment 0.002372479240806643 0.07058107428570728 0.0001674521335366721
older 0.0011862396204033216 0.721246399047171 0.0008555710546229787
former 0.0071174377224199285 0.27572413039921095 0.0019624493266847754
president 0.017793594306049824 0.16749108729376372 0.0029802684571844083
barack 0.011862396204033215 0.3872161432802645 0.004593311308188191
lady 0.00830367734282325 0.6575773191777938 0.005460309886411099
michelle 0.0071174377224199285 1.0 0.0071174377224199285
born 0.002372479240806643 0.09151498112135023 0.00021711739293321528
moved 0.0011862396204033216 0.3872161432802645 0.0004593311308188191
white 0.0035587188612099642 0.3872161432802645 0.0013779933924564572
house 0.0035587188612099642 0.32790214206428253 0.0011669115375953114
father 0.005931198102016607 0.14874165128092467 0.0008822161997682365
elected 0.004744958481613286 0.3665315444204135 0.0017391769604764582
attended 0.0011862396204033216 0.5376020021010439 0.000637724794900408
sidwell 0.0035587188612099642 1.5228787452803376 0.005419497314164902
friend 0.004744958481613286 0.5686362358410126 0.0026981553302064657
school 0.0071174377224199285 1.0026136156026868 0.007136039968702397
younger 0.0035587188612099642 0.585026652029182 0.0020819453808867687
sister 0.002372479240806643 0.721246399047171 0.0017111421092459575
sasha 0.0071174377224199285 1.2218487496163564 0.008696432381611077
accompanied 0.002372479240806643 1.5228787452803376 0.003612998209443269
parent 0.0035587188612099642 0.4559319556497244 0.001622533649999019
international 0.002372479240806643 0.40893539297350084 0.0009701907306607375
trip 0.004744958481613286 2.283996656365201 0.010837469306596447
enrolling 0.0011862396204033216 1.5228787452803376 0.0018064991047216344
harvard 0.004744958481613286 0.7447274948966939 0.003533701043400683
university 0.005931198102016607 0.2596373105057561 0.0015399603232844371
since 0.0011862396204033216 0.3372421683184259 0.0004000500217300426
pursued 0.0011862396204033216 1.2218487496163564 0.0014494053969351796
interest 0.002372479240806643 1.0969100130080565 0.002602396234894559
television 0.004744958481613286 0.04575749056067514 0.0002171173929332154
filmmaking 0.002372479240806643 1.6989700043360187 0.004030771066040377
early 0.004744958481613286 0.07572071393811834 0.00035929164383448803
year 0.005931198102016607 0.24995468798823245 0.0014825307709859575
medical 0.0011862396204033216 0.7447274948966939 0.0008834252608501707
center 0.0011862396204033216 0.585026652029182 0.000693981793628923
time 0.0071174377224199285 0.1023729087095586 0.0007286328022032641
state 0.004744958481613286 0.4930892744484819 0.0023396881349868654
senator 0.002372479240806643 0.5228787452803376 0.0012405189686366255
law 0.0011862396204033216 0.3665315444204135 0.00043479424011911454
professor 0.0011862396204033216 0.8860566476931633 0.0010510755014153776
mother 0.002372479240806643 0.21467016498923297 0.0005093005100574923
serving 0.0011862396204033216 0.48148606012211254 0.0005711578411887456
associate 0.0011862396204033216 0.9208187539523752 0.0010923116891487252
dean 0.0011862396204033216 0.958607314841775 0.0011371379772737544
student 0.002372479240806643 0.6020599913279624 0.0014283748311458185
service 0.002372479240806643 1.5086383061657274 0.003579213063263885
raised 0.0011862396204033216 0.585026652029182 0.000693981793628923
middle 0.0011862396204033216 0.585026652029182 0.000693981793628923
class 0.002372479240806643 0.44369749923271273 0.0010526631061274325
hyde 0.0011862396204033216 1.2218487496163564 0.0014494053969351796
park 0.0011862396204033216 1.2218487496163564 0.0014494053969351796
neighborhood 0.0011862396204033216 0.7958800173440752 0.0009441044096608248
overcame 0.0011862396204033216 1.3010299956639813 0.0015433333281897762
diagnosis 0.0011862396204033216 1.3010299956639813 0.0015433333281897762
asthma 0.0011862396204033216 1.6989700043360187 0.0020153855330201885
enjoy 0.0011862396204033216 1.6989700043360187 0.0020153855330201885
active 0.0011862396204033216 0.8239087409443188 0.0009773531921047672
childhood 0.0011862396204033216 0.6020599913279624 0.0007141874155729092
marked 0.0011862396204033216 0.8860566476931633 0.0010510755014153776
soccer 0.002372479240806643 1.3979400086720377 0.003316583650467468
swim 0.002372479240806643 2.0 0.004744958481613286
flute 0.0011862396204033216 2.0 0.002372479240806643
lesson 0.0011862396204033216 1.5228787452803376 0.0018064991047216344
world 0.002372479240806643 0.04575749056067514 0.0001085586964666077
soon 0.0011862396204033216 0.40893539297350084 0.00048509536533036877
expanded 0.0011862396204033216 0.9208187539523752 0.0010923116891487252
beyond 0.002372479240806643 1.045757490560675 0.0024810379372732505
election 0.0011862396204033216 0.44369749923271273 0.0005263315530637162
senate 0.002372479240806643 0.5686362358410126 0.0013490776651032329
however 0.0011862396204033216 0.32790214206428253 0.00038897051253177054
getting 0.0011862396204033216 0.7695510786217261 0.000912871979385203
taste 0.002372479240806643 3.221848749616356 0.007643769275483645
national 0.002372479240806643 0.3010299956639812 0.0007141874155729092
campaign 0.0011862396204033216 0.3872161432802645 0.0004593311308188191
trail 0.0011862396204033216 1.3010299956639813 0.0015433333281897762
bid 0.0011862396204033216 0.6020599913279624 0.0007141874155729092
presidency 0.002372479240806643 0.4685210829577449 0.0011115565431974968
life 0.004744958481613286 0.13679614097137055 0.0006490920093540714
old 0.0011862396204033216 0.28399665636520083 0.00033688808584246836
th 0.002372479240806643 0.2076083105017461 0.0004925464068843324
november 0.0011862396204033216 0.24412514432750856 0.00028959091853796986
spent 0.002372479240806643 0.48148606012211254 0.0011423156823774912
much 0.0011862396204033216 0.37675070960209955 0.0004469166187450766
remaining 0.0011862396204033216 1.0 0.0011862396204033216
adolescence 0.0011862396204033216 1.3979400086720377 0.001658291825233734
teenage 0.0011862396204033216 1.3010299956639813 0.0015433333281897762
confines 0.0011862396204033216 2.0 0.002372479240806643
according 0.0011862396204033216 0.638272163982407 0.0007571437295164972
memoir 0.0011862396204033216 1.045757490560675 0.0012405189686366253
becoming 0.0011862396204033216 0.3372421683184259 0.0004000500217300426
attempted 0.0011862396204033216 1.045757490560675 0.0012405189686366253
keep 0.0011862396204033216 0.6575773191777938 0.0007800442694873
grounded 0.0011862396204033216 2.0 0.002372479240806643
transitioning 0.0011862396204033216 2.0 0.002372479240806643
room 0.0035587188612099647 2.585026652029182 0.009199383103306697
mansion 0.0011862396204033216 1.045757490560675 0.0012405189686366253
featured 0.0011862396204033216 0.7695510786217261 0.000912871979385203
swimming 0.0011862396204033216 1.5228787452803376 0.0018064991047216344
pool 0.0011862396204033216 1.045757490560675 0.0012405189686366253
bowling 0.0011862396204033216 2.0 0.002372479240806643
alley 0.0011862396204033216 2.0 0.002372479240806643
numerous 0.0011862396204033216 0.721246399047171 0.0008555710546229787
aide 0.0011862396204033216 1.3010299956639813 0.0015433333281897762
received 0.0011862396204033216 0.28399665636520083 0.00033688808584246836
portuguese 0.0011862396204033216 1.6989700043360187 0.0020153855330201885
water 0.0011862396204033216 1.045757490560675 0.0012405189686366253
dog 0.0011862396204033216 1.3979400086720377 0.001658291825233734
bo 0.0011862396204033216 1.3010299956639813 0.0015433333281897762
later 0.002372479240806643 0.09151498112135023 0.00021711739293321528
welcomed 0.0011862396204033216 0.8860566476931633 0.0010510755014153776
second 0.002372479240806643 0.19382002601611284 0.0004598339881758312
one 0.0011862396204033216 0.08092190762392613 9.59927729821188e-05
named 0.002372479240806643 0.494850021680094 0.0011740214037487403
sunny 0.0011862396204033216 1.3979400086720377 0.001658291825233734
counted 0.0011862396204033216 1.5228787452803376 0.0018064991047216344
presence 0.0011862396204033216 0.958607314841775 0.0011371379772737544
maternal 0.0011862396204033216 1.0969100130080565 0.0013011981174472795
grandmother 0.0011862396204033216 0.6777807052660807 0.0008040103265315312
marian 0.0011862396204033216 1.6989700043360187 0.0020153855330201885
robinson 0.0011862396204033216 0.958607314841775 0.0011371379772737544
escort 0.0011862396204033216 2.0 0.002372479240806643
ensure 0.0011862396204033216 1.045757490560675 0.0012405189686366253
kept 0.0011862396204033216 0.8860566476931633 0.0010510755014153776
tidy 0.0011862396204033216 2.0 0.002372479240806643
girl 0.002372479240806643 0.7958800173440752 0.0018882088193216495
took 0.0011862396204033216 0.28399665636520083 0.00033688808584246836
part 0.0011862396204033216 0.3372421683184259 0.0004000500217300426
typical 0.0011862396204033216 1.3979400086720377 0.001658291825233734
activity 0.002372479240806643 1.0969100130080565 0.002602396234894559
like 0.0035587188612099642 0.2365720064370627 0.0008418932613418601
summer 0.0011862396204033216 0.6989700043360189 0.000829145912616867
camp 0.0011862396204033216 1.0969100130080565 0.0013011981174472795
high 0.0011862396204033216 0.27572413039921095 0.00032707488778079593
prom 0.0011862396204033216 2.0 0.002372479240806643
albeit 0.0011862396204033216 2.0 0.002372479240806643
close 0.005931198102016607 0.04575749056067514 0.00027139674116651925
watch 0.0011862396204033216 1.2218487496163564 0.0014494053969351796
secret 0.0011862396204033216 0.8860566476931633 0.0010510755014153776
protection 0.0011862396204033216 1.1549019599857433 0.00136999046261654
went 0.0011862396204033216 0.32790214206428253 0.00038897051253177054
code 0.0011862396204033216 1.3010299956639813 0.0015433333281897762
radiance 0.0011862396204033216 2.0 0.002372479240806643
learned 0.0011862396204033216 0.6989700043360189 0.000829145912616867
drive 0.0011862396204033216 1.1549019599857433 0.00136999046261654
security 0.0011862396204033216 0.853871964321762 0.0010128967548300855
detail 0.0011862396204033216 2.0 0.002372479240806643
additionally 0.0011862396204033216 0.9208187539523752 0.0010923116891487252
along 0.002372479240806643 0.4202164033831899 0.0009969546936730485
annual 0.0011862396204033216 0.958607314841775 0.0011371379772737544
trek 0.0011862396204033216 1.6989700043360187 0.0020153855330201885
hawaii 0.0011862396204033216 1.0 0.0011862396204033216
spend 0.0011862396204033216 1.1549019599857433 0.00136999046261654
christmas 0.0011862396204033216 1.045757490560675 0.0012405189686366253
relative 0.0011862396204033216 1.3010299956639813 0.0015433333281897762
russia 0.0011862396204033216 0.853871964321762 0.0010128967548300855
asia 0.0011862396204033216 1.1549019599857433 0.00136999046261654
south 0.002372479240806643 0.40893539297350084 0.0009701907306607375
america 0.002372479240806643 0.37675070960209955 0.0008938332374901532
chance 0.0011862396204033216 0.853871964321762 0.0010128967548300855
meet 0.0011862396204033216 0.9208187539523752 0.0010923116891487252
renowned 0.0011862396204033216 1.1549019599857433 0.00136999046261654
leader 0.0011862396204033216 0.48148606012211254 0.0005711578411887456
pope 0.0011862396204033216 1.6989700043360187 0.0020153855330201885
benedict 0.0011862396204033216 2.0 0.002372479240806643
xvi 0.0011862396204033216 2.0 0.002372479240806643
nelson 0.0011862396204033216 0.9208187539523752 0.0010923116891487252
mandela 0.0011862396204033216 1.0969100130080565 0.0013011981174472795
visit 0.0011862396204033216 0.958607314841775 0.0011371379772737544
cuba 0.0011862396204033216 1.0 0.0011862396204033216
famously 0.0011862396204033216 1.3010299956639813 0.0015433333281897762
helped 0.0011862396204033216 0.3372421683184259 0.0004000500217300426
communicate 0.0011862396204033216 1.3010299956639813 0.0015433333281897762
host 0.0011862396204033216 1.5228787452803376 0.0018064991047216344
spanish 0.0011862396204033216 1.2218487496163564 0.0014494053969351796
read 0.0011862396204033216 0.0655015487564323 7.77005323326599e-05
next 0.0011862396204033216 0.07058107428570728 8.372606676833605e-05
bella 0.0011862396204033216 0.0655015487564323 7.77005323326599e-05
hadid 0.0011862396204033216 0.0655015487564323 7.77005323326599e-05
sadie 0.0011862396204033216 0.06048074738138145 7.174465881539911e-05
alexander 0.0011862396204033216 0.05551732784983141 6.585685391439076e-05
adrienne 0.0011862396204033216 0.0655015487564323 7.77005323326599e-05
kennedy 0.004744958481613286 0.06048074738138145 0.00028697863526159644
medium 0.0011862396204033216 0.5086383061657272 0.0006033669112286207
largely 0.0011862396204033216 0.853871964321762 0.0010128967548300855
dissuaded 0.0011862396204033216 2.0 0.002372479240806643
focusing 0.0011862396204033216 1.2218487496163564 0.0014494053969351796
presidential 0.0035587188612099642 0.3665315444204135 0.0013043827203573434
nation 0.0011862396204033216 0.35654732351381263 0.0004229505617008454
capital 0.0011862396204033216 1.0 0.0011862396204033216
obamas 0.0011862396204033216 2.0 0.002372479240806643
approved 0.0011862396204033216 1.045757490560675 0.0012405189686366253
inclusion 0.0011862396204033216 2.0 0.002372479240806643
magazine 0.0011862396204033216 0.8239087409443188 0.0009773531921047672
list 0.0011862396204033216 0.958607314841775 0.0011371379772737544
influential 0.0011862396204033216 0.6777807052660807 0.0008040103265315312
teen 0.002372479240806643 2.0409586076789066 0.004842131928063835
attending 0.0011862396204033216 0.9208187539523752 0.0010923116891487252
laboratory 0.0011862396204033216 1.6989700043360187 0.0020153855330201885
followed 0.002372479240806643 0.5528419686577808 0.0013116060940872617
footstep 0.0011862396204033216 1.1549019599857433 0.00136999046261654
fellow 0.002372479240806643 0.6020599913279624 0.0014283748311458185
child 0.0011862396204033216 0.2076083105017461 0.0002462732034421662
chelsea 0.0035587188612099642 1.1549019599857433 0.00410997138784962
clinton 0.00830367734282325 0.5228787452803376 0.004341816390228188
acceptance 0.0011862396204033216 1.3010299956639813 0.0015433333281897762
private 0.0011862396204033216 0.6020599913279624 0.0007141874155729092
washington 0.0011862396204033216 0.3979400086720376 0.0004720522048304124
c 0.0011862396204033216 0.35654732351381263 0.0004229505617008454
among 0.0011862396204033216 0.35654732351381263 0.0004229505617008454
competed 0.0011862396204033216 1.6989700043360187 0.0020153855330201885
tennis 0.0011862396204033216 1.3010299956639813 0.0015433333281897762
team 0.0011862396204033216 1.6989700043360187 0.0020153855330201885
sang 0.0011862396204033216 1.2218487496163564 0.0014494053969351796
chorus 0.0011862396204033216 1.5228787452803376 0.0018064991047216344
graduating 0.0011862396204033216 0.5528419686577808 0.0006558030470436309
june 0.0035587188612099642 0.28399665636520083 0.001010664257527405
following 0.0011862396204033216 0.2518119729937996 0.0002987093392571763
gap 0.0011862396204033216 1.5228787452803376 0.0018064991047216344
traveled 0.0011862396204033216 0.8860566476931633 0.0010510755014153776
indonesia 0.0011862396204033216 1.5228787452803376 0.0018064991047216344
enrolled 0.0011862396204033216 1.0 0.0011862396204033216
fall 0.0011862396204033216 0.7695510786217261 0.000912871979385203
semester 0.0011862396204033216 2.0 0.002372479240806643
little 0.0011862396204033216 0.6989700043360189 0.000829145912616867
publicly 0.0011862396204033216 0.619788758288394 0.0007352179813622705
known 0.002372479240806643 0.06048074738138145 0.00014348931763079822
although 0.0011862396204033216 0.431798275933005 0.0005122162229335766
thomas 0.0011862396204033216 0.853871964321762 0.0010128967548300855
temple 0.0011862396204033216 1.3010299956639813 0.0015433333281897762
hoopes 0.0011862396204033216 2.0 0.002372479240806643
prize 0.0011862396204033216 0.853871964321762 0.0010128967548300855
winner 0.0011862396204033216 0.853871964321762 0.0010128967548300855
excellent 0.0011862396204033216 1.5228787452803376 0.0018064991047216344
undergraduate 0.0011862396204033216 1.3010299956639813 0.0015433333281897762
work 0.002372479240806643 0.2218487496163564 0.0005263315530637162
excellence 0.0011862396204033216 1.6989700043360187 0.0020153855330201885
art 0.0011862396204033216 1.0969100130080565 0.0013011981174472795
teaching 0.0011862396204033216 1.1549019599857433 0.00136999046261654
prior 0.002372479240806643 0.853871964321762 0.002025793509660171
graduation 0.0011862396204033216 1.045757490560675 0.0012405189686366253
internship 0.002372479240806643 2.0 0.004744958481613286
tv 0.0011862396204033216 0.5228787452803376 0.0006202594843183127
career 0.0011862396204033216 0.17392519729917358 0.00020631696002274447
smithsonian 0.0011862396204033216 1.5228787452803376 0.0018064991047216344
zoo 0.0011862396204033216 2.0 0.002372479240806643
scored 0.0011862396204033216 1.3979400086720377 0.001658291825233734
multiple 0.0011862396204033216 0.721246399047171 0.0008555710546229787
teenager 0.0011862396204033216 0.958607314841775 0.0011371379772737544
intent 0.0011862396204033216 1.3979400086720377 0.001658291825233734
advancing 0.0011862396204033216 1.6989700043360187 0.0020153855330201885
became 0.004744958481613286 0.07572071393811834 0.00035929164383448803
production 0.0011862396204033216 1.0 0.0011862396204033216
assistant 0.0011862396204033216 0.8860566476931633 0.0010510755014153776
set 0.0011862396204033216 0.494850021680094 0.0005870107018743702
xa 0.0011862396204033216 0.17392519729917358 0.00020631696002274447
extant 0.0011862396204033216 2.0 0.002372479240806643
aided 0.0011862396204033216 0.9208187539523752 0.0010923116891487252
writer 0.0035587188612099647 2.0 0.007117437722419929
series 0.0035587188612099642 0.37675070960209955 0.0013407498562352297
served 0.0035587188612099642 0.2676062401770315 0.0009523353742954857
stint 0.0011862396204033216 1.3010299956639813 0.0015433333281897762
weinstein 0.0011862396204033216 1.6989700043360187 0.0020153855330201885
company 0.0011862396204033216 0.494850021680094 0.0005870107018743702
reported 0.0011862396204033216 0.7447274948966939 0.0008834252608501707
landed 0.0011862396204033216 1.045757490560675 0.0012405189686366253
position 0.0011862396204033216 0.619788758288394 0.0007352179813622705
donald 0.0011862396204033216 0.494850021680094 0.0005870107018743702
glover 0.0011862396204033216 1.3010299956639813 0.0015433333281897762
created 0.0011862396204033216 0.721246399047171 0.0008555710546229787
beyonc 0.0011862396204033216 1.5228787452803376 0.0018064991047216344
xe 0.0011862396204033216 0.853871964321762 0.0010128967548300855
esque 0.0011862396204033216 2.0 0.002372479240806643
pop 0.0011862396204033216 0.5686362358410126 0.0006745388325516164
star 0.0011862396204033216 0.32790214206428253 0.00038897051253177054
titled 0.0011862396204033216 1.2218487496163564 0.0014494053969351796
hive 0.0011862396204033216 2.0 0.002372479240806643
shortly 0.0011862396204033216 0.585026652029182 0.000693981793628923
afterward 0.0011862396204033216 0.853871964321762 0.0010128967548300855
revealed 0.0011862396204033216 0.5086383061657272 0.0006033669112286207
erstwhile 0.0011862396204033216 1.6989700043360187 0.0020153855330201885
would 0.0011862396204033216 0.2291479883578558 0.0002718244227258076
portrayed 0.0011862396204033216 1.3979400086720377 0.001658291825233734
actress 0.0011862396204033216 0.6020599913279624 0.0007141874155729092
lexi 0.0011862396204033216 2.0 0.002372479240806643
underwood 0.0011862396204033216 2.0 0.002372479240806643
anthology 0.0011862396204033216 1.6989700043360187 0.0020153855330201885
fashion 0.002372479240806643 0.9208187539523752 0.0021846233782974503
activism 0.0011862396204033216 0.958607314841775 0.0011371379772737544
drawn 0.0011862396204033216 1.1549019599857433 0.00136999046261654
attention 0.0011862396204033216 0.6777807052660807 0.0008040103265315312
clothing 0.0011862396204033216 1.5228787452803376 0.0018064991047216344
vogue 0.0011862396204033216 1.1549019599857433 0.00136999046261654
praised 0.0011862396204033216 1.2218487496163564 0.0014494053969351796
simple 0.0011862396204033216 1.3010299956639813 0.0015433333281897762
polished 0.0011862396204033216 1.6989700043360187 0.0020153855330201885
pretty 0.0011862396204033216 1.0969100130080565 0.0013011981174472795
ensemble 0.0011862396204033216 2.0 0.002372479240806643
london 0.002372479240806643 1.0 0.002372479240806643
also 0.002372479240806643 0.0861861476162833 0.00020447484606472908
caused 0.0011862396204033216 0.8860566476931633 0.0010510755014153776
stir 0.0011862396204033216 1.3979400086720377 0.001658291825233734
photographed 0.0011862396204033216 1.3979400086720377 0.001658291825233734
shirt 0.0011862396204033216 1.6989700043360187 0.0020153855330201885
brooklyn 0.0011862396204033216 1.2218487496163564 0.0014494053969351796
hip 0.0011862396204033216 1.1549019599857433 0.00136999046261654
hop 0.0011862396204033216 1.3010299956639813 0.0015433333281897762
collective 0.0011862396204033216 1.2218487496163564 0.0014494053969351796
pro 0.0011862396204033216 1.2218487496163564 0.0014494053969351796
era 0.0011862396204033216 0.8239087409443188 0.0009773531921047672
influencing 0.0011862396204033216 2.0 0.002372479240806643
sought 0.0011862396204033216 0.721246399047171 0.0008555710546229787
make 0.0011862396204033216 0.3872161432802645 0.0004593311308188191
mark 0.0011862396204033216 0.958607314841775 0.0011371379772737544
budding 0.0011862396204033216 2.0 0.002372479240806643
activist 0.0011862396204033216 0.494850021680094 0.0005870107018743702
joined 0.0011862396204033216 0.4685210829577449 0.0005557782715987484
protest 0.0011862396204033216 0.7447274948966939 0.0008834252608501707
dakota 0.0011862396204033216 1.2218487496163564 0.0014494053969351796
access 0.002372479240806643 0.07058107428570728 0.0001674521335366721
pipeline 0.0011862396204033216 1.1549019599857433 0.00136999046261654
sundance 0.0011862396204033216 1.3979400086720377 0.001658291825233734
film 0.0011862396204033216 0.6020599913279624 0.0007141874155729092
festival 0.0011862396204033216 1.045757490560675 0.0012405189686366253
involved 0.0011862396204033216 0.4559319556497244 0.000540844549999673
nationwide 0.0011862396204033216 1.3010299956639813 0.0015433333281897762
demonstration 0.0011862396204033216 1.0 0.0011862396204033216
death 0.0011862396204033216 0.2365720064370627 0.0002806310871139534
george 0.0011862396204033216 0.4685210829577449 0.0005557782715987484
floyd 0.0011862396204033216 1.3979400086720377 0.001658291825233734
personal 0.0011862396204033216 0.3372421683184259 0.0004000500217300426
late 0.002372479240806643 0.3665315444204135 0.0008695884802382291
romantically 0.0011862396204033216 1.3010299956639813 0.0015433333281897762
linked 0.0011862396204033216 1.045757490560675 0.0012405189686366253
rory 0.0011862396204033216 2.0 0.002372479240806643
farquharson 0.002372479240806643 2.0 0.004744958481613286
son 0.0011862396204033216 0.28399665636520083 0.00033688808584246836
prominent 0.0011862396204033216 0.7447274948966939 0.0008834252608501707
investment 0.0011862396204033216 0.853871964321762 0.0010128967548300855
banker 0.0011862396204033216 1.0 0.0011862396204033216
relationship 0.0011862396204033216 0.5228787452803376 0.0006202594843183127
endured 0.0011862396204033216 1.0 0.0011862396204033216
college 0.0011862396204033216 0.40893539297350084 0.00048509536533036877
onset 0.0011862396204033216 1.6989700043360187 0.0020153855330201885
covid 0.0011862396204033216 1.045757490560675 0.0012405189686366253
pandemic 0.0011862396204033216 0.9208187539523752 0.0010923116891487252
confirming 0.0011862396204033216 2.0 0.002372479240806643
bill 0.002372479240806643 0.4202164033831899 0.0009969546936730485
simmons 0.0011862396204033216 1.6989700043360187 0.0020153855330201885
podcast 0.0011862396204033216 1.6989700043360187 0.0020153855330201885
quarantining 0.0011862396204033216 2.0 0.002372479240806643
family 0.0011862396204033216 0.11918640771920867 0.00014138363905006961
check 0.0011862396204033216 0.07058107428570728 8.372606676833605e-05
strive 0.0011862396204033216 0.07058107428570728 8.372606676833605e-05
accuracy 0.0011862396204033216 0.07058107428570728 8.372606676833605e-05
fairness 0.0011862396204033216 0.07058107428570728 8.372606676833605e-05
see 0.002372479240806643 0.04575749056067514 0.0001085586964666077
something 0.0011862396204033216 0.07058107428570728 8.372606676833605e-05
look 0.0011862396204033216 0.07058107428570728 8.372606676833605e-05
right 0.0011862396204033216 0.07058107428570728 8.372606676833605e-05
citation 0.0011862396204033216 0.07058107428570728 8.372606676833605e-05
information 0.0011862396204033216 0.07058107428570728 8.372606676833605e-05
article 0.0011862396204033216 0.07058107428570728 8.372606676833605e-05
title 0.0011862396204033216 0.07058107428570728 8.372606676833605e-05
author 0.0011862396204033216 0.06048074738138145 7.174465881539911e-05
com 0.002372479240806643 0.06048074738138145 0.00014348931763079822
editor 0.0011862396204033216 0.1023729087095586 0.0001214388003672107
website 0.002372479240806643 0.0655015487564323 0.0001554010646653198
url 0.0011862396204033216 0.07058107428570728 8.372606676833605e-05
publisher 0.0011862396204033216 0.07058107428570728 8.372606676833605e-05
e 0.002372479240806643 0.04575749056067514 0.0001085586964666077
network 0.002372479240806643 0.04575749056067514 0.0001085586964666077
last 0.0011862396204033216 0.0655015487564323 7.77005323326599e-05
updated 0.0011862396204033216 0.07058107428570728 8.372606676833605e-05
original 0.0011862396204033216 0.0655015487564323 7.77005323326599e-05
published 0.0011862396204033216 0.07058107428570728 8.372606676833605e-05
receive 0.0011862396204033216 0.05551732784983141 6.585685391439076e-05
story 0.0035587188612099642 0.05551732784983141 0.00019757056174317226
shaped 0.002372479240806643 0.05551732784983141 0.00013171370782878153
sign 0.0011862396204033216 0.05551732784983141 6.585685391439076e-05
person 0.010676156583629894 0.05060999335508724 0.0005403202137553799
lawyer 0.002372479240806643 0.48148606012211254 0.0011423156823774912
wife 0.0011862396204033216 0.3098039199714864 0.000367501684426437
role 0.0011862396204033216 0.3665315444204135 0.00043479424011911454
city 0.0011862396204033216 0.3665315444204135 0.00043479424011911454
administrator 0.0011862396204033216 1.3010299956639813 0.0015433333281897762
community 0.0011862396204033216 0.48148606012211254 0.0005711578411887456
outreach 0.0011862396204033216 1.1549019599857433 0.00136999046261654
worker 0.0011862396204033216 1.2218487496163564 0.0014494053969351796
united 0.002372479240806643 0.18708664335714445 0.00044385917759702124
african 0.0011862396204033216 0.28399665636520083 0.00033688808584246836
american 0.002372479240806643 0.1023729087095586 0.0002428776007344214
serve 0.0011862396204033216 0.5086383061657272 0.0006033669112286207
office 0.002372479240806643 0.31875876262441283 0.0007562485471516319
rahm 0.002372479240806643 1.3979400086720377 0.003316583650467468
emanuel 0.002372479240806643 1.3979400086720377 0.003316583650467468
politician 0.0011862396204033216 0.6575773191777938 0.0007800442694873
chief 0.0011862396204033216 0.5686362358410126 0.0006745388325516164
staff 0.0011862396204033216 0.9208187539523752 0.0010923116891487252
mayor 0.0011862396204033216 0.6777807052660807 0.0008040103265315312
ethel 0.002372479240806643 1.6989700043360187 0.004030771066040377
best 0.0011862396204033216 0.13667713987954408 0.00016213183852852205
widow 0.0011862396204033216 1.1549019599857433 0.00136999046261654
robert 0.0011862396204033216 0.5528419686577808 0.0006558030470436309
f 0.0011862396204033216 0.721246399047171 0.0008555710546229787
attorney 0.0011862396204033216 0.494850021680094 0.0005870107018743702
general 0.0011862396204033216 0.4559319556497244 0.000540844549999673
new 0.0011862396204033216 0.14266750356873154 0.00016923784527726163
york 0.0011862396204033216 0.3467874862246563 0.0004113730560197584
assassinated 0.0011862396204033216 1.0969100130080565 0.0013011981174472795
hillary 0.0035587188612099642 0.853871964321762 0.0030386902644902562
win 0.0011862396204033216 0.585026652029182 0.000693981793628923
public 0.0011862396204033216 0.2596373105057561 0.00030799206465688747
seat 0.0011862396204033216 0.619788758288394 0.0007352179813622705
woman 0.0011862396204033216 0.3979400086720376 0.0004720522048304124
become 0.0011862396204033216 0.3372421683184259 0.0004000500217300426
nominee 0.0011862396204033216 0.7695510786217261 0.000912871979385203
major 0.0011862396204033216 0.4202164033831899 0.0004984773468365242
political 0.0011862396204033216 0.3098039199714864 0.000367501684426437
party 0.0011862396204033216 0.3979400086720376 0.0004720522048304124
betty 0.002372479240806643 1.3979400086720377 0.003316583650467468
ford 0.0035587188612099642 0.958607314841775 0.0034114139318212632
nixon 0.0011862396204033216 0.8860566476931633 0.0010510755014153776
resigned 0.0011862396204033216 0.9208187539523752 0.0010923116891487252
made 0.0011862396204033216 0.1804560644581313 0.000214064133402291
vice 0.002372479240806643 0.5376020021010439 0.001275449589800816
husband 0.0011862396204033216 0.7447274948966939 0.0008834252608501707
gerald 0.0011862396204033216 1.045757490560675 0.0012405189686366253
acting 0.0011862396204033216 0.6777807052660807 0.0008040103265315312
rodham 0.0011862396204033216 1.2218487496163564 0.0014494053969351796
joe 0.002372479240806643 0.5228787452803376 0.0012405189686366255
biden 0.002372479240806643 0.6575773191777938 0.0015600885389746
loading 0.0011862396204033216 0.04575749056067514 5.427934823330385e-05
logo 0.0011862396204033216 0.04575749056067514 5.427934823330385e-05
registered 0.0011862396204033216 0.04575749056067514 5.427934823330385e-05
trademark 0.0011862396204033216 0.04575749056067514 5.427934823330385e-05
llc 0.0011862396204033216 0.04575749056067514 5.427934823330385e-05
