muhammad 0.019318181818181818 1.5228787452803376 0.02941924848837016
ali 0.04943181818181818 1.5228787452803376 0.07527866524965306
quote 0.0011363636363636363 0.3872161432802645 0.0004400183446366642
record 0.0022727272727272726 0.494850021680094 0.0011246591401820319
spouse 0.0011363636363636363 1.3979400086720377 0.0015885681916727702
biography 0.00625 0.04575749056067514 0.0002859843160042197
skip 0.0005681818181818182 0.04575749056067514 2.5998574182201785e-05
main 0.0005681818181818182 0.04575749056067514 2.5998574182201785e-05
content 0.0005681818181818182 0.04575749056067514 2.5998574182201785e-05
people 0.010227272727272727 0.04575749056067514 0.00046797433527963214
nostalgia 0.0017045454545454545 0.04575749056067514 7.799572254660535e-05
celebrity 0.0017045454545454545 0.04575749056067514 7.799572254660535e-05
history 0.003977272727272727 0.04575749056067514 0.0001819900192754125
culture 0.002840909090909091 0.04575749056067514 0.00012999287091100894
crime 0.0017045454545454545 0.04575749056067514 7.799572254660535e-05
scandal 0.0017045454545454545 0.04575749056067514 7.799572254660535e-05
video 0.0017045454545454545 0.04575749056067514 7.799572254660535e-05
contact 0.0017045454545454545 0.04575749056067514 7.799572254660535e-05
u 0.005681818181818181 0.20065945054641832 0.0011401105144682858
advertise 0.0011363636363636363 0.04575749056067514 5.199714836440357e-05
privacy 0.0017045454545454545 0.04575749056067514 7.799572254660535e-05
notice 0.0011363636363636363 0.04575749056067514 5.199714836440357e-05
term 0.0011363636363636363 0.04575749056067514 5.199714836440357e-05
use 0.0017045454545454545 0.04575749056067514 7.799572254660535e-05
copyright 0.0011363636363636363 0.04575749056067514 5.199714836440357e-05
policy 0.0011363636363636363 0.04575749056067514 5.199714836440357e-05
ad 0.0011363636363636363 0.04575749056067514 5.199714836440357e-05
choice 0.0011363636363636363 0.04575749056067514 5.199714836440357e-05
accessibility 0.0011363636363636363 0.04575749056067514 5.199714836440357e-05
support 0.0011363636363636363 0.04575749056067514 5.199714836440357e-05
setting 0.0005681818181818182 0.04575749056067514 2.5998574182201785e-05
february 0.0011363636363636363 0.04575749056067514 5.199714836440357e-05
subscribe 0.0011363636363636363 0.04575749056067514 5.199714836440357e-05
newsletter 0.0017045454545454545 0.04575749056067514 7.799572254660535e-05
stanley 0.0005681818181818182 1.2218487496163564 0.0006942322441002024
weston 0.0005681818181818182 2.0 0.0011363636363636363
getty 0.0011363636363636363 0.2291479883578558 0.0002603954413157452
image 0.0022727272727272726 0.2218487496163564 0.0005042017036735372
quick 0.0005681818181818182 0.07058107428570728 4.0102883116879134e-05
fact 0.0017045454545454545 0.14116214857141457 0.00024061729870127483
name 0.0034090909090909094 1.1012748184105063 0.0037543459718539993
birth 0.0017045454545454545 0.07058107428570728 0.00012030864935063742
date 0.002840909090909091 0.07058107428570728 0.0002005144155843957
january 0.0017045454545454545 0.2676062401770315 0.0004561470003017582
death 0.004545454545454545 0.2365720064370627 0.0010753273019866486
june 0.0022727272727272726 0.28399665636520083 0.0006454469462845473
education 0.0005681818181818182 0.19382002601611284 0.0001101250147818823
louisville 0.004545454545454545 1.6989700043360187 0.007722590928800085
central 0.0005681818181818182 0.9208187539523752 0.0005231924738365768
high 0.0011363636363636363 0.27572413039921095 0.0003133228754536488
school 0.0011363636363636363 0.14874165128092467 0.00016902460372832348
place 0.003409090909090909 0.07572071393811834 0.0002581387975163125
kentucky 0.0022727272727272726 1.3010299956639813 0.0029568863537817753
phoenix 0.0017045454545454545 2.0 0.003409090909090909
arizona 0.0017045454545454545 0.958607314841775 0.001633989741207571
originally 0.0005681818181818182 0.8860566476931633 0.0005034412770983882
cassius 0.0017045454545454545 2.0 0.003409090909090909
marcellus 0.0011363636363636363 2.0 0.0022727272727272726
clay 0.007386363636363636 1.5228787452803376 0.011248536186729767
jr 0.0022727272727272726 0.32790214206428253 0.0007452321410551876
early 0.002840909090909091 0.07572071393811834 0.00021511566459692712
life 0.005681818181818182 0.13679614097137055 0.0007772508009736963
parkinson 0.003977272727272727 1.6989700043360187 0.006757267062700074
diagnosis 0.0011363636363636363 1.3010299956639813 0.0014784431768908876
cite 0.0005681818181818182 0.07058107428570728 4.0102883116879134e-05
page 0.0005681818181818182 0.07058107428570728 4.0102883116879134e-05
man 0.0022727272727272726 0.37675070960209955 0.0008562516127320444
view 0.0011363636363636363 0.853871964321762 0.0009703090503656387
world 0.006818181818181818 0.04575749056067514 0.0003119828901864214
wasted 0.0005681818181818182 1.6989700043360187 0.0009653238661000106
year 0.005681818181818182 0.24995468798823245 0.0014201970908422298
mountain 0.0005681818181818182 1.6989700043360187 0.0009653238661000106
ahead 0.0005681818181818182 0.958607314841775 0.0005446632470691903
climb 0.0005681818181818182 1.3979400086720377 0.0007942840958363851
wear 0.0005681818181818182 1.1549019599857433 0.000656194295446445
pebble 0.0005681818181818182 2.0 0.0011363636363636363
shoe 0.0005681818181818182 1.6989700043360187 0.0009653238661000106
gonna 0.0005681818181818182 1.5228787452803376 0.0008652720143638281
float 0.0011363636363636363 2.0 0.0022727272727272726
like 0.0022727272727272726 0.2365720064370627 0.0005376636509933243
butterfly 0.0017045454545454545 2.0 0.003409090909090909
sting 0.0011363636363636363 1.6989700043360187 0.0019306477322000213
bee 0.0011363636363636363 2.0 0.0022727272727272726
ordinary 0.0011363636363636363 1.3979400086720377 0.0015885681916727702
worked 0.0017045454545454545 0.3098039199714864 0.0005280748635877609
hard 0.0017045454545454545 0.638272163982407 0.001087963915879103
develop 0.0011363636363636363 1.1549019599857433 0.00131238859089289
talent 0.0017045454545454545 0.853871964321762 0.001455463575548458
given 0.0011363636363636363 0.6777807052660807 0.0007702053468932735
champion 0.00625 3.0969100130080562 0.01935568758130035
greatest 0.0017045454545454545 0.6777807052660807 0.0011553080203399102
thing 0.0011363636363636363 1.4436974992327127 0.0016405653400371734
ever 0.0011363636363636363 0.6989700043360189 0.0007942840958363851
lived 0.0011363636363636363 0.6020599913279624 0.0006841590810545027
great 0.0022727272727272726 0.5228787452803376 0.00118836078472804
mark 0.0005681818181818182 0.958607314841775 0.0005446632470691903
face 0.0017045454545454545 0.7958800173440752 0.001356613665927401
shook 0.0017045454545454545 1.6989700043360187 0.0028959715983000317
say 0.0005681818181818182 1.045757490560675 0.0005941803923640199
mosquito 0.0005681818181818182 2.0 0.0011363636363636363
pull 0.0005681818181818182 1.3979400086720377 0.0007942840958363851
plow 0.0005681818181818182 2.0 0.0011363636363636363
ask 0.0011363636363636363 1.0969100130080565 0.0012464886511455186
hitch 0.0005681818181818182 1.5228787452803376 0.0008652720143638281
get 0.0005681818181818182 0.44369749923271273 0.0002521008518367686
impression 0.0005681818181818182 1.3010299956639813 0.0007392215884454438
watching 0.0005681818181818182 1.2218487496163564 0.0006942322441002024
fight 0.005681818181818182 2.2365720064370627 0.012707795491119675
play 0.0005681818181818182 1.6989700043360187 0.0009653238661000106
cat 0.0005681818181818182 1.1549019599857433 0.000656194295446445
mouse 0.0005681818181818182 1.6989700043360187 0.0009653238661000106
turn 0.0005681818181818182 1.5228787452803376 0.0008652720143638281
light 0.0022727272727272726 0.9208187539523752 0.002092769895346307
real 0.0005681818181818182 0.6989700043360189 0.00039714204791819254
enemy 0.0005681818181818182 1.1549019599857433 0.000656194295446445
disgrace 0.0005681818181818182 1.6989700043360187 0.0009653238661000106
religion 0.0017045454545454545 3.045757490560675 0.005191632086182968
becoming 0.0017045454545454545 0.3372421683184259 0.000574844605088226
tool 0.0005681818181818182 1.3979400086720377 0.0007942840958363851
enslave 0.0005681818181818182 2.0 0.0011363636363636363
fighting 0.0011363636363636363 0.7958800173440752 0.0009044091106182673
justice 0.0011363636363636363 0.5376020021010439 0.0006109113660239135
freedom 0.0017045454545454545 0.619788758288394 0.0010564581107188533
equality 0.0005681818181818182 0.8239087409443188 0.0004681299664456356
different 0.0017045454545454545 0.7695510786217261 0.001311734793105215
contain 0.0005681818181818182 1.6989700043360187 0.0009653238661000106
truth 0.0011363636363636363 2.619788758288394 0.002977032679873175
think 0.0017045454545454545 0.585026652029182 0.0009972045205042875
tolerant 0.0005681818181818182 1.6989700043360187 0.0009653238661000106
understand 0.0005681818181818182 1.1549019599857433 0.000656194295446445
believe 0.0005681818181818182 0.853871964321762 0.00048515452518281934
job 0.0005681818181818182 0.5686362358410126 0.00032308877036421173
grass 0.0005681818181818182 1.5228787452803376 0.0008652720143638281
grows 0.0005681818181818182 2.0 0.0011363636363636363
bird 0.0005681818181818182 1.5228787452803376 0.0008652720143638281
fly 0.0017045454545454545 1.3979400086720377 0.002382852287509155
wave 0.0005681818181818182 1.5228787452803376 0.0008652720143638281
pound 0.0005681818181818182 2.0 0.0011363636363636363
sand 0.0005681818181818182 1.6989700043360187 0.0009653238661000106
beat 0.0017045454545454545 1.3979400086720377 0.002382852287509155
set 0.0005681818181818182 0.494850021680094 0.00028116478504550796
journey 0.0005681818181818182 1.045757490560675 0.0005941803923640199
love 0.0011363636363636363 0.5086383061657272 0.0005779980751883264
seeking 0.0005681818181818182 0.958607314841775 0.0005446632470691903
peace 0.0017045454545454545 0.7695510786217261 0.001311734793105215
understanding 0.0005681818181818182 1.2218487496163564 0.0006942322441002024
l 0.0005681818181818182 1.0 0.0005681818181818182
still 0.0005681818181818182 0.431798275933005 0.0002453399295073892
learning 0.0005681818181818182 0.958607314841775 0.0005446632470691903
truly 0.0005681818181818182 0.958607314841775 0.0005446632470691903
never 0.0011363636363636363 0.431798275933005 0.0004906798590147784
wanted 0.005113636363636364 0.5528419686577808 0.002827032794272743
night 0.0005681818181818182 0.638272163982407 0.0003626546386263676
go 0.0005681818181818182 0.494850021680094 0.00028116478504550796
bed 0.0005681818181818182 1.6989700043360187 0.0009653238661000106
wake 0.0005681818181818182 1.3010299956639813 0.0007392215884454438
tomorrow 0.0005681818181818182 1.6989700043360187 0.0009653238661000106
would 0.0022727272727272726 0.2291479883578558 0.0005207908826314904
proud 0.0005681818181818182 0.9208187539523752 0.0005231924738365768
today 0.0005681818181818182 0.7447274948966939 0.0004231406221003942
story 0.002840909090909091 0.7332980331159121 0.0020832330486247504
iron 0.0005681818181818182 2.0 0.0011363636363636363
fist 0.0005681818181818182 2.0 0.0011363636363636363
beautiful 0.0005681818181818182 1.3010299956639813 0.0007392215884454438
tan 0.0005681818181818182 2.0 0.0011363636363636363
publish 0.0005681818181818182 0.07058107428570728 4.0102883116879134e-05
apr 0.0005681818181818182 0.5528419686577808 0.0003141147549191936
comment 0.0011363636363636363 0.07058107428570728 8.020576623375827e-05
heavyweight 0.006818181818181818 1.5228787452803376 0.010383264172365937
boxing 0.007954545454545454 1.3010299956639813 0.010349102238236213
impressive 0.0005681818181818182 1.3010299956639813 0.0007392215884454438
win 0.004545454545454545 1.8068754016455384 0.00821307000747972
also 0.0017045454545454545 0.0861861476162833 0.00014690820616411926
known 0.002840909090909091 0.06048074738138145 0.00017182030506074274
brave 0.0005681818181818182 1.5228787452803376 0.0008652720143638281
public 0.002840909090909091 0.2596373105057561 0.000737605995754989
stance 0.0005681818181818182 1.1549019599857433 0.000656194295446445
vietnam 0.0017045454545454545 0.9208187539523752 0.0015695774215097305
war 0.0017045454545454545 0.35654732351381263 0.000607751119625817
boxer 0.0034090909090909094 2.853871964321762 0.009729108969278734
philanthropist 0.0005681818181818182 0.958607314841775 0.0005446632470691903
social 0.0005681818181818182 0.5228787452803376 0.00029709019618201
activist 0.0005681818181818182 0.494850021680094 0.00028116478504550796
universally 0.0005681818181818182 2.0 0.0011363636363636363
regarded 0.0005681818181818182 1.3010299956639813 0.0007392215884454438
one 0.003977272727272727 0.08092190762392613 0.00032184849623152436
athlete 0.0017045454545454545 3.0 0.005113636363636364
th 0.0017045454545454545 0.2076083105017461 0.00035387780199161266
century 0.0017045454545454545 0.494850021680094 0.0008434943551365239
became 0.003977272727272727 0.07572071393811834 0.00030116193043569793
olympic 0.005681818181818182 1.3010299956639813 0.007392215884454439
gold 0.0022727272727272726 0.853871964321762 0.0019406181007312773
medalist 0.0005681818181818182 2.0 0.0011363636363636363
xa 0.016477272727272726 0.17392519729917358 0.0028658129100432007
following 0.0022727272727272726 0.2518119729937996 0.0005722999386222718
suspension 0.0005681818181818182 1.3010299956639813 0.0007392215884454438
refusing 0.0005681818181818182 1.3979400086720377 0.0007942840958363851
military 0.0011363636363636363 0.5528419686577808 0.0006282295098383872
service 0.004545454545454545 1.5086383061657274 0.006857446846207852
reclaimed 0.0005681818181818182 1.6989700043360187 0.0009653238661000106
title 0.003409090909090909 0.07058107428570728 0.00024061729870127483
two 0.0017045454545454545 0.11918640771920867 0.0002031586495213784
time 0.004545454545454545 0.4791236183116582 0.0021778346286893554
winning 0.0017045454545454545 0.4202164033831899 0.0007162779603122555
famed 0.0005681818181818182 0.8860566476931633 0.0005034412770983882
bout 0.003409090909090909 4.0 0.013636363636363636
joe 0.002840909090909091 0.5228787452803376 0.0014854509809100502
frazier 0.005681818181818182 1.5228787452803376 0.008652720143638283
george 0.0022727272727272726 0.4685210829577449 0.0010648206430857838
foreman 0.002840909090909091 2.0 0.005681818181818182
along 0.0011363636363636363 0.4202164033831899 0.0004775186402081703
way 0.0005681818181818182 0.431798275933005 0.0002453399295073892
diagnosed 0.0005681818181818182 1.0 0.0005681818181818182
disease 0.0017045454545454545 0.8860566476931633 0.0015103238312951647
devoted 0.0011363636363636363 1.0 0.0011363636363636363
much 0.0017045454545454545 0.37675070960209955 0.0006421887095490333
philanthropy 0.0017045454545454545 1.3010299956639813 0.0022176647653363315
earning 0.0005681818181818182 0.6989700043360189 0.00039714204791819254
presidential 0.0011363636363636363 0.3665315444204135 0.0004165131186595608
medal 0.0017045454545454545 0.6575773191777938 0.001120870430416694
born 0.0022727272727272726 0.09151498112135023 0.00020798859345761415
age 0.0022727272727272726 0.11350927482751813 0.0002579756246079957
young 0.0017045454545454545 0.3010299956639812 0.000513119310790877
showed 0.0005681818181818182 0.8239087409443188 0.0004681299664456356
afraid 0.0011363636363636363 1.0 0.0011363636363636363
inside 0.0005681818181818182 0.958607314841775 0.0005446632470691903
outside 0.0011363636363636363 0.6989700043360189 0.0007942840958363851
ring 0.003409090909090909 1.5228787452803376 0.005191632086182969
growing 0.0005681818181818182 0.585026652029182 0.0003324015068347625
segregated 0.0005681818181818182 1.1549019599857433 0.000656194295446445
south 0.0005681818181818182 0.40893539297350084 0.00023234965509858
experienced 0.0005681818181818182 1.3010299956639813 0.0007392215884454438
racial 0.0005681818181818182 0.6989700043360189 0.00039714204791819254
prejudice 0.0005681818181818182 1.5228787452803376 0.0008652720143638281
discrimination 0.0005681818181818182 0.9208187539523752 0.0005231924738365768
firsthand 0.0005681818181818182 2.0 0.0011363636363636363
discovered 0.0005681818181818182 0.7958800173440752 0.00045220455530913363
odd 0.0005681818181818182 1.6989700043360187 0.0009653238661000106
twist 0.0005681818181818182 1.6989700043360187 0.0009653238661000106
fate 0.0011363636363636363 2.0 0.0022727272727272726
bike 0.0005681818181818182 2.0 0.0011363636363636363
stolen 0.0005681818181818182 1.6989700043360187 0.0009653238661000106
told 0.0022727272727272726 0.44369749923271273 0.0010084034073470744
police 0.0011363636363636363 0.5376020021010439 0.0006109113660239135
officer 0.0011363636363636363 1.0969100130080565 0.0012464886511455186
martin 0.002840909090909091 0.5686362358410126 0.0016154438518210586
thief 0.0005681818181818182 2.0 0.0011363636363636363
well 0.0017045454545454545 0.20065945054641826 0.00034203315434048565
better 0.0005681818181818182 0.638272163982407 0.0003626546386263676
learn 0.0011363636363636363 1.0 0.0011363636363636363
start 0.0005681818181818182 0.7695510786217261 0.0004372449310350716
challenging 0.0005681818181818182 1.2218487496163564 0.0006942322441002024
reportedly 0.0011363636363636363 0.721246399047171 0.0008195981807354216
addition 0.0005681818181818182 0.6777807052660807 0.00038510267344663674
trained 0.0011363636363636363 1.2218487496163564 0.0013884644882004049
local 0.0005681818181818182 0.6989700043360189 0.00039714204791819254
gym 0.0011363636363636363 2.0 0.0022727272727272726
started 0.0011363636363636363 0.6020599913279624 0.0006841590810545027
working 0.0005681818181818182 0.35654732351381263 0.000202583706541939
spar 0.0005681818181818182 2.0 0.0011363636363636363
soon 0.0017045454545454545 0.40893539297350084 0.0006970489652957401
began 0.0005681818181818182 0.20065945054641826 0.00011401105144682856
career 0.0017045454545454545 0.17392519729917358 0.0002964634044872277
first 0.005681818181818182 0.0655015487564323 0.00037216789066154714
amateur 0.0011363636363636363 1.3010299956639813 0.0014784431768908876
split 0.0005681818181818182 0.9208187539523752 0.0005231924738365768
decision 0.0011363636363636363 0.585026652029182 0.000664803013669525
went 0.0017045454545454545 0.32790214206428253 0.0005589241057913907
golden 0.0011363636363636363 1.2218487496163564 0.0013884644882004049
glove 0.0011363636363636363 1.6989700043360187 0.0019306477322000213
tournament 0.0011363636363636363 1.6989700043360187 0.0019306477322000213
novice 0.0005681818181818182 2.0 0.0011363636363636363
class 0.0005681818181818182 0.44369749923271273 0.0002521008518367686
three 0.003409090909090909 0.2076083105017461 0.0007077556039832253
later 0.0005681818181818182 0.09151498112135023 5.199714836440354e-05
national 0.0017045454545454545 0.3010299956639812 0.000513119310790877
athletic 0.0017045454545454545 1.6989700043360187 0.0028959715983000317
union 0.0005681818181818182 0.7447274948966939 0.0004231406221003942
division 0.0005681818181818182 1.2218487496163564 0.0006942322441002024
photo 0.0017045454545454545 1.0457574905606752 0.0017825411770920599
gallery 0.0011363636363636363 1.0 0.0011363636363636363
spot 0.0005681818181818182 1.1549019599857433 0.000656194295446445
team 0.0011363636363636363 0.619788758288394 0.0007043054071459022
traveled 0.0022727272727272726 0.8860566476931633 0.0020137651083935526
rome 0.0005681818181818182 1.6989700043360187 0.0009653238661000106
italy 0.0005681818181818182 1.3010299956639813 0.0007392215884454438
compete 0.0011363636363636363 1.6989700043360187 0.0019306477322000213
six 0.0011363636363636363 0.5686362358410126 0.0006461775407284235
foot 0.0005681818181818182 1.3010299956639813 0.0007392215884454438
inch 0.0005681818181818182 1.6989700043360187 0.0009653238661000106
tall 0.0005681818181818182 1.5228787452803376 0.0008652720143638281
imposing 0.0005681818181818182 1.6989700043360187 0.0009653238661000106
figure 0.0011363636363636363 0.6777807052660807 0.0007702053468932735
lightning 0.0005681818181818182 2.0 0.0011363636363636363
speed 0.0005681818181818182 1.5228787452803376 0.0008652720143638281
fancy 0.0005681818181818182 1.6989700043360187 0.0009653238661000106
footwork 0.0005681818181818182 2.0 0.0011363636363636363
defeated 0.0011363636363636363 0.8239087409443188 0.0009362599328912712
zbigniew 0.0005681818181818182 2.0 0.0011363636363636363
pietrzkowski 0.0005681818181818182 2.0 0.0011363636363636363
poland 0.0005681818181818182 2.0 0.0011363636363636363
victory 0.0011363636363636363 0.5686362358410126 0.0006461775407284235
heralded 0.0005681818181818182 1.3979400086720377 0.0007942840958363851
american 0.002840909090909091 0.1023729087095586 0.0002908321270157915
hero 0.0005681818181818182 1.2218487496163564 0.0006942322441002024
turned 0.0005681818181818182 0.638272163982407 0.0003626546386263676
professional 0.0011363636363636363 0.8239087409443188 0.0009362599328912712
backing 0.0005681818181818182 1.5228787452803376 0.0008652720143638281
sponsoring 0.0005681818181818182 2.0 0.0011363636363636363
group 0.0017045454545454545 0.37675070960209955 0.0006421887095490333
continued 0.0005681818181818182 0.3372421683184259 0.00019161486836274198
overwhelming 0.0005681818181818182 1.6989700043360187 0.0009653238661000106
opponent 0.0011363636363636363 2.113509274827518 0.0024017150850312707
conversion 0.0005681818181818182 2.0 0.0011363636363636363
islam 0.003409090909090909 1.045757490560675 0.0035650823541841193
joined 0.0005681818181818182 0.4685210829577449 0.00026620516077144595
black 0.0011363636363636363 0.3872161432802645 0.0004400183446366642
muslim 0.0022727272727272726 0.9208187539523752 0.002092769895346307
nation 0.002840909090909091 1.0141246426916064 0.0028810359167375185
called 0.0011363636363636363 0.3010299956639812 0.00034207954052725134
x 0.005113636363636364 0.4559319556497244 0.0023314702277542725
settling 0.0005681818181818182 2.0 0.0011363636363636363
eventually 0.0011363636363636363 0.3979400086720376 0.00045220455530913363
converted 0.0005681818181818182 2.0 0.0011363636363636363
orthodox 0.0005681818181818182 1.6989700043360187 0.0009653238661000106
supreme 0.0011363636363636363 0.585026652029182 0.000664803013669525
court 0.0011363636363636363 0.4202164033831899 0.0004775186402081703
case 0.0011363636363636363 0.5228787452803376 0.00059418039236402
kind 0.0005681818181818182 0.7958800173440752 0.00045220455530913363
outspoken 0.0005681818181818182 1.3010299956639813 0.0007392215884454438
drafted 0.0005681818181818182 1.3010299956639813 0.0007392215884454438
april 0.0011363636363636363 0.1549019599857432 0.00017602495452925362
refused 0.0011363636363636363 0.7447274948966939 0.0008462812442007884
serve 0.0005681818181818182 0.5086383061657272 0.0002889990375941632
ground 0.0005681818181818182 1.3010299956639813 0.0007392215884454438
practicing 0.0005681818181818182 1.1549019599857433 0.000656194295446445
minister 0.0005681818181818182 0.5376020021010439 0.0003054556830119568
religious 0.0011363636363636363 0.958607314841775 0.0010893264941383807
belief 0.0005681818181818182 1.3979400086720377 0.0007942840958363851
prevented 0.0005681818181818182 1.0969100130080565 0.0006232443255727593
arrested 0.0005681818181818182 0.8239087409443188 0.0004681299664456356
committing 0.0005681818181818182 1.5228787452803376 0.0008652720143638281
felony 0.0005681818181818182 2.0 0.0011363636363636363
almost 0.0005681818181818182 0.8860566476931633 0.0005034412770983882
immediately 0.0005681818181818182 0.853871964321762 0.00048515452518281934
stripped 0.0005681818181818182 1.3979400086720377 0.0007942840958363851
license 0.0005681818181818182 1.3979400086720377 0.0007942840958363851
department 0.0005681818181818182 0.7447274948966939 0.0004231406221003942
pursued 0.0005681818181818182 1.2218487496163564 0.0006942322441002024
legal 0.0005681818181818182 0.5086383061657272 0.0002889990375941632
denying 0.0005681818181818182 1.6989700043360187 0.0009653238661000106
claim 0.0005681818181818182 1.045757490560675 0.0005941803923640199
conscientious 0.0005681818181818182 1.6989700043360187 0.0009653238661000106
objector 0.0005681818181818182 1.6989700043360187 0.0009653238661000106
status 0.0011363636363636363 0.8860566476931633 0.0010068825541967763
found 0.0011363636363636363 0.3372421683184259 0.00038322973672548396
guilty 0.0005681818181818182 0.7958800173440752 0.00045220455530913363
violating 0.0005681818181818182 1.5228787452803376 0.0008652720143638281
selective 0.0005681818181818182 2.0 0.0011363636363636363
law 0.0005681818181818182 0.9208187539523752 0.0005231924738365768
sentenced 0.0005681818181818182 0.958607314841775 0.0005446632470691903
five 0.0011363636363636363 0.48148606012211254 0.0005471432501387642
prison 0.0005681818181818182 0.6020599913279624 0.00034207954052725134
remained 0.0017045454545454545 0.585026652029182 0.0009972045205042875
free 0.0022727272727272726 0.6989700043360189 0.0015885681916727702
appealing 0.0005681818181818182 1.6989700043360187 0.0009653238661000106
conviction 0.0011363636363636363 1.045757490560675 0.0011883607847280398
unable 0.0005681818181818182 1.0969100130080565 0.0006232443255727593
professionally 0.0005681818181818182 2.0 0.0011363636363636363
meantime 0.0005681818181818182 1.5228787452803376 0.0008652720143638281
missed 0.0005681818181818182 1.6989700043360187 0.0009653238661000106
prime 0.0005681818181818182 0.7958800173440752 0.00045220455530913363
returned 0.0011363636363636363 0.5086383061657272 0.0005779980751883264
jerry 0.0005681818181818182 1.1549019599857433 0.000656194295446445
quarry 0.0005681818181818182 2.0 0.0011363636363636363
overturned 0.0005681818181818182 1.2218487496163564 0.0006942322441002024
loss 0.0022727272727272726 2.1426675035687315 0.004869698871747117
knockout 0.0011363636363636363 4.0 0.004545454545454545
retirement 0.0017045454545454545 1.1549019599857433 0.0019685828863393352
iconic 0.0005681818181818182 1.045757490560675 0.0005941803923640199
moment 0.0022727272727272726 2.0 0.004545454545454545
often 0.0005681818181818182 0.5376020021010439 0.0003054556830119568
referring 0.0005681818181818182 1.3979400086720377 0.0007942840958363851
sing 0.0005681818181818182 1.2218487496163564 0.0006942322441002024
praise 0.0005681818181818182 2.0 0.0011363636363636363
boasting 0.0005681818181818182 2.0 0.0011363636363636363
skill 0.0011363636363636363 1.045757490560675 0.0011883607847280398
colorful 0.0005681818181818182 2.0 0.0011363636363636363
description 0.0011363636363636363 2.0 0.0022727272727272726
phrase 0.0005681818181818182 1.6989700043360187 0.0009653238661000106
famously 0.0005681818181818182 1.3010299956639813 0.0007392215884454438
quoted 0.0005681818181818182 1.5228787452803376 0.0008652720143638281
reporter 0.0005681818181818182 1.3979400086720377 0.0007942840958363851
could 0.0022727272727272726 0.4202164033831899 0.0009550372804163406
match 0.0017045454545454545 3.6989700043360187 0.006305062507390941
include 0.0005681818181818182 0.619788758288394 0.0003521527035729511
sonny 0.0011363636363636363 2.0 0.0022727272727272726
liston 0.0011363636363636363 2.0 0.0022727272727272726
olympics 0.0011363636363636363 1.2218487496163564 0.0013884644882004049
took 0.0022727272727272726 0.28399665636520083 0.0006454469462845473
british 0.0011363636363636363 0.6989700043360189 0.0007942840958363851
henry 0.0005681818181818182 1.0969100130080565 0.0006232443255727593
cooper 0.0011363636363636363 1.5228787452803376 0.0017305440287276562
knocked 0.0005681818181818182 1.2218487496163564 0.0006942322441002024
become 0.0017045454545454545 0.3372421683184259 0.000574844605088226
toe 0.0011363636363636363 2.0 0.0022727272727272726
round 0.0017045454545454545 2.744727494896694 0.004678512775392092
dropped 0.0005681818181818182 0.853871964321762 0.00048515452518281934
vicious 0.0005681818181818182 2.0 0.0011363636363636363
left 0.0005681818181818182 0.2924298239020636 0.0001661533090352634
hook 0.0005681818181818182 1.3010299956639813 0.0007392215884454438
recovered 0.0005681818181818182 1.0969100130080565 0.0006232443255727593
quickly 0.0005681818181818182 0.619788758288394 0.0003521527035729511
judge 0.0005681818181818182 1.2218487496163564 0.0006942322441002024
awarded 0.0005681818181818182 0.8239087409443188 0.0004681299664456356
handing 0.0005681818181818182 2.0 0.0011363636363636363
suffering 0.0022727272727272726 0.7958800173440752 0.0018088182212365345
ken 0.0005681818181818182 1.3979400086720377 0.0007942840958363851
norton 0.0005681818181818182 2.0 0.0011363636363636363
rematch 0.0011363636363636363 2.0 0.0022727272727272726
locked 0.0005681818181818182 1.3979400086720377 0.0007942840958363851
horn 0.0005681818181818182 2.0 0.0011363636363636363
grudge 0.0005681818181818182 2.0 0.0011363636363636363
quezon 0.0005681818181818182 2.0 0.0011363636363636363
city 0.0011363636363636363 0.3665315444204135 0.0004165131186595608
philippine 0.0005681818181818182 1.6989700043360187 0.0009653238661000106
dubbed 0.0005681818181818182 1.1549019599857433 0.000656194295446445
thrilla 0.0005681818181818182 1.6989700043360187 0.0009653238661000106
manila 0.0005681818181818182 1.6989700043360187 0.0009653238661000106
nearly 0.0005681818181818182 0.721246399047171 0.0004097990903677108
distance 0.0005681818181818182 1.6989700043360187 0.0009653238661000106
men 0.0011363636363636363 0.6777807052660807 0.0007702053468932735
delivering 0.0005681818181818182 1.3979400086720377 0.0007942840958363851
absorbing 0.0005681818181818182 2.0 0.0011363636363636363
tremendous 0.0005681818181818182 1.3010299956639813 0.0007392215884454438
punishment 0.0005681818181818182 1.2218487496163564 0.0006942322441002024
however 0.0005681818181818182 0.32790214206428253 0.0001863080352637969
trainer 0.0005681818181818182 1.6989700043360187 0.0009653238661000106
threw 0.0005681818181818182 1.0969100130080565 0.0006232443255727593
towel 0.0005681818181818182 1.6989700043360187 0.0009653238661000106
giving 0.0005681818181818182 1.0 0.0005681818181818182
fought 0.0005681818181818182 0.7958800173440752 0.00045220455530913363
another 0.0017045454545454545 0.40893539297350084 0.0006970489652957401
legendary 0.0011363636363636363 0.853871964321762 0.0009703090503656387
undefeated 0.0005681818181818182 2.0 0.0011363636363636363
billed 0.0005681818181818182 2.0 0.0011363636363636363
rumble 0.0005681818181818182 2.0 0.0011363636363636363
jungle 0.0005681818181818182 2.0 0.0011363636363636363
organized 0.0005681818181818182 0.7958800173440752 0.00045220455530913363
promoter 0.0005681818181818182 2.0 0.0011363636363636363
king 0.0011363636363636363 0.4685210829577449 0.0005324103215428919
held 0.0011363636363636363 0.48148606012211254 0.0005471432501387642
kinshasa 0.0005681818181818182 2.0 0.0011363636363636363
zaire 0.0005681818181818182 2.0 0.0011363636363636363
seen 0.0011363636363636363 0.619788758288394 0.0007043054071459022
underdog 0.0005681818181818182 2.0 0.0011363636363636363
younger 0.0011363636363636363 0.585026652029182 0.000664803013669525
massive 0.0005681818181818182 1.0 0.0005681818181818182
silenced 0.0005681818181818182 2.0 0.0011363636363636363
critic 0.0005681818181818182 0.853871964321762 0.00048515452518281934
masterful 0.0005681818181818182 2.0 0.0011363636363636363
performance 0.0011363636363636363 1.7721132953863266 0.0020137651083935526
baited 0.0005681818181818182 2.0 0.0011363636363636363
throwing 0.0005681818181818182 1.5228787452803376 0.0008652720143638281
wild 0.0005681818181818182 1.3979400086720377 0.0007942840958363851
punch 0.0005681818181818182 2.0 0.0011363636363636363
rope 0.0005681818181818182 0.958607314841775 0.0005446632470691903
dope 0.0005681818181818182 2.0 0.0011363636363636363
technique 0.0005681818181818182 1.6989700043360187 0.0009653238661000106
stunning 0.0005681818181818182 1.3979400086720377 0.0007942840958363851
eighth 0.0005681818181818182 1.2218487496163564 0.0006942322441002024
reclaim 0.0005681818181818182 2.0 0.0011363636363636363
leon 0.0011363636363636363 2.0 0.0022727272727272726
spinks 0.0011363636363636363 2.0 0.0022727272727272726
losing 0.0005681818181818182 1.1549019599857433 0.000656194295446445
september 0.0005681818181818182 0.5086383061657272 0.0002889990375941632
championship 0.0005681818181818182 1.5228787452803376 0.0008652720143638281
larry 0.0011363636363636363 1.3979400086720377 0.0015885681916727702
holmes 0.0011363636363636363 1.5228787452803376 0.0017305440287276562
brief 0.0005681818181818182 1.0969100130080565 0.0006232443255727593
overmatched 0.0005681818181818182 2.0 0.0011363636363636363
final 0.0011363636363636363 0.6989700043360189 0.0007942840958363851
trevor 0.0005681818181818182 1.6989700043360187 0.0009653238661000106
berbick 0.0005681818181818182 2.0 0.0011363636363636363
retired 0.0005681818181818182 1.2218487496163564 0.0006942322441002024
sport 0.0011363636363636363 2.3010299956639813 0.002614806813254524
read 0.0005681818181818182 0.0655015487564323 3.721678906615471e-05
next 0.0005681818181818182 0.07058107428570728 4.0102883116879134e-05
bella 0.0005681818181818182 0.0655015487564323 3.721678906615471e-05
hadid 0.0005681818181818182 0.0655015487564323 3.721678906615471e-05
sadie 0.0005681818181818182 0.06048074738138145 3.436406101214855e-05
alexander 0.0005681818181818182 0.05551732784983141 3.15439362783133e-05
adrienne 0.0005681818181818182 0.0655015487564323 3.721678906615471e-05
kennedy 0.0005681818181818182 0.06048074738138145 3.436406101214855e-05
child 0.0022727272727272726 0.2076083105017461 0.0004718370693221502
married 0.003409090909090909 0.24412514432750856 0.0008322448102074155
four 0.0011363636363636363 0.28399665636520083 0.00032272347314227364
nine 0.0005681818181818182 0.8239087409443188 0.0004681299664456356
including 0.0017045454545454545 0.2365720064370627 0.0004032477382449932
fathered 0.0005681818181818182 1.5228787452803376 0.0008652720143638281
marriage 0.0005681818181818182 0.5376020021010439 0.0003054556830119568
wife 0.0022727272727272726 0.3098039199714864 0.0007040998181170145
sonji 0.0005681818181818182 2.0 0.0011363636363636363
roi 0.0005681818181818182 2.0 0.0011363636363636363
divorced 0.0017045454545454545 0.853871964321762 0.001455463575548458
adopt 0.0005681818181818182 1.3979400086720377 0.0007942840958363851
dress 0.0005681818181818182 1.5228787452803376 0.0008652720143638281
custom 0.0005681818181818182 1.3979400086720377 0.0007942840958363851
second 0.0005681818181818182 0.19382002601611284 0.0001101250147818823
old 0.0011363636363636363 0.28399665636520083 0.00032272347314227364
belinda 0.0005681818181818182 2.0 0.0011363636363636363
boyd 0.0022727272727272726 1.6989700043360187 0.0038612954644000426
together 0.0017045454545454545 0.431798275933005 0.0007360197885221676
maryum 0.0011363636363636363 2.0 0.0022727272727272726
jamillah 0.0005681818181818182 2.0 0.0011363636363636363
liban 0.0005681818181818182 2.0 0.0011363636363636363
openly 0.0005681818181818182 1.0969100130080565 0.0006232443255727593
veronica 0.0005681818181818182 2.0 0.0011363636363636363
porche 0.0011363636363636363 2.0 0.0022727272727272726
third 0.0005681818181818182 0.4202164033831899 0.00023875932010408515
pair 0.0011363636363636363 0.7958800173440752 0.0009044091106182673
daughter 0.0022727272727272726 1.1426675035687315 0.002596971599019844
laila 0.0017045454545454545 2.0 0.003409090909090909
followed 0.0005681818181818182 0.5528419686577808 0.0003141147549191936
footstep 0.0005681818181818182 1.1549019599857433 0.000656194295446445
fourth 0.0005681818181818182 0.721246399047171 0.0004097990903677108
yolanda 0.0005681818181818182 1.5228787452803376 0.0008652720143638281
lonnie 0.002840909090909091 1.6989700043360187 0.004826619330500053
since 0.0005681818181818182 0.3372421683184259 0.00019161486836274198
mother 0.0005681818181818182 1.3979400086720377 0.0007942840958363851
best 0.0022727272727272726 0.13667713987954408 0.00031062986336260015
friend 0.0011363636363636363 0.5686362358410126 0.0006461775407284235
raised 0.0011363636363636363 0.585026652029182 0.000664803013669525
family 0.0011363636363636363 1.0777937225609837 0.0012247655938192996
street 0.0005681818181818182 0.8239087409443188 0.0004681299664456356
couple 0.0005681818181818182 0.40893539297350084 0.00023234965509858
son 0.0005681818181818182 0.28399665636520083 0.00016136173657113682
asaad 0.0005681818181818182 2.0 0.0011363636363636363
download 0.0005681818181818182 1.1549019599857433 0.000656194295446445
card 0.0011363636363636363 2.619788758288394 0.002977032679873175
announced 0.0005681818181818182 0.40893539297350084 0.00023234965509858
degenerative 0.0005681818181818182 2.0 0.0011363636363636363
neurological 0.0005681818181818182 2.0 0.0011363636363636363
condition 0.0011363636363636363 1.3979400086720377 0.0015885681916727702
despite 0.0005681818181818182 0.4202164033831899 0.00023875932010408515
progression 0.0005681818181818182 1.5228787452803376 0.0008652720143638281
onset 0.0005681818181818182 1.6989700043360187 0.0009653238661000106
spinal 0.0017045454545454545 1.6989700043360187 0.0028959715983000317
stenosis 0.0017045454545454545 2.0 0.003409090909090909
active 0.0005681818181818182 0.8239087409443188 0.0004681299664456356
fund 0.0005681818181818182 1.0969100130080565 0.0006232443255727593
center 0.0022727272727272726 0.585026652029182 0.00132960602733905
hand 0.0005681818181818182 0.7958800173440752 0.00045220455530913363
celebrate 0.0005681818181818182 1.1549019599857433 0.000656194295446445
inauguration 0.0011363636363636363 1.0 0.0011363636363636363
african 0.0005681818181818182 0.28399665636520083 0.00016136173657113682
president 0.003409090909090909 0.16749108729376372 0.0005709923430469217
barack 0.0005681818181818182 0.3872161432802645 0.0002200091723183321
obama 0.0011363636363636363 0.37675070960209955 0.0004281258063660222
sworn 0.0005681818181818182 1.045757490560675 0.0005941803923640199
office 0.0005681818181818182 0.31875876262441283 0.00018111293330932545
underwent 0.0005681818181818182 1.0969100130080565 0.0006232443255727593
surgery 0.0005681818181818182 0.8239087409443188 0.0004681299664456356
causing 0.0005681818181818182 1.6989700043360187 0.0009653238661000106
narrowing 0.0005681818181818182 2.0 0.0011363636363636363
spine 0.0005681818181818182 2.0 0.0011363636363636363
limited 0.0005681818181818182 0.9208187539523752 0.0005231924738365768
mobility 0.0005681818181818182 1.6989700043360187 0.0009653238661000106
ability 0.0005681818181818182 0.7958800173440752 0.00045220455530913363
communicate 0.0005681818181818182 1.3010299956639813 0.0007392215884454438
supported 0.0005681818181818182 0.6989700043360189 0.00039714204791819254
special 0.0005681818181818182 0.638272163982407 0.0003626546386263676
make 0.0005681818181818182 0.3872161432802645 0.0002200091723183321
wish 0.0005681818181818182 1.6989700043360187 0.0009653238661000106
foundation 0.0005681818181818182 0.7695510786217261 0.0004372449310350716
among 0.0005681818181818182 0.35654732351381263 0.000202583706541939
organization 0.0005681818181818182 0.7958800173440752 0.00045220455530913363
lit 0.0005681818181818182 1.6989700043360187 0.0009653238661000106
cauldron 0.0005681818181818182 2.0 0.0011363636363636363
summer 0.0005681818181818182 0.6989700043360189 0.00039714204791819254
game 0.0011363636363636363 1.0 0.0011363636363636363
atlanta 0.0011363636363636363 0.8239087409443188 0.0009362599328912712
emotional 0.0005681818181818182 0.9208187539523752 0.0005231924738365768
numerous 0.0005681818181818182 0.721246399047171 0.0004097990903677108
country 0.0011363636363636363 1.321481620959886 0.0015016836601816886
mexico 0.0005681818181818182 1.0 0.0005681818181818182
morocco 0.0005681818181818182 2.0 0.0011363636363636363
help 0.0005681818181818182 0.4559319556497244 0.00025905224752825247
need 0.0005681818181818182 0.638272163982407 0.0003626546386263676
chosen 0.0005681818181818182 1.045757490560675 0.0005941803923640199
united 0.0005681818181818182 0.18708664335714445 0.0001062992291801957
messenger 0.0011363636363636363 1.6989700043360187 0.0019306477322000213
work 0.0011363636363636363 0.2218487496163564 0.0002521008518367686
developing 0.0005681818181818182 1.3010299956639813 0.0007392215884454438
award 0.0011363636363636363 1.216096420727265 0.0013819277508264375
received 0.0011363636363636363 0.28399665636520083 0.00032272347314227364
w 0.0005681818181818182 0.6989700043360189 0.00039714204791819254
bush 0.0005681818181818182 0.7447274948966939 0.0004231406221003942
naacp 0.0005681818181818182 0.958607314841775 0.0005446632470691903
effort 0.0005681818181818182 0.5376020021010439 0.0003054556830119568
opened 0.0005681818181818182 1.0969100130080565 0.0006232443255727593
hometown 0.0011363636363636363 1.1549019599857433 0.00131238859089289
said 0.0017045454545454545 0.2518119729937996 0.00042922495396670383
many 0.0011363636363636363 0.28399665636520083 0.00032272347314227364
fan 0.0011363636363636363 0.8239087409443188 0.0009362599328912712
build 0.0011363636363636363 1.0 0.0011363636363636363
museum 0.0005681818181818182 1.3979400086720377 0.0007942840958363851
acknowledge 0.0005681818181818182 1.1549019599857433 0.000656194295446445
achievement 0.0005681818181818182 1.1549019599857433 0.000656194295446445
building 0.0005681818181818182 0.853871964321762 0.00048515452518281934
house 0.0011363636363636363 0.32790214206428253 0.0003726160705275938
memorabilia 0.0005681818181818182 2.0 0.0011363636363636363
inspire 0.0005681818181818182 1.2218487496163564 0.0006942322441002024
whatever 0.0005681818181818182 1.0969100130080565 0.0006232443255727593
chose 0.0005681818181818182 1.2218487496163564 0.0006942322441002024
encourage 0.0005681818181818182 1.1549019599857433 0.000656194295446445
respectful 0.0005681818181818182 2.0 0.0011363636363636363
movie 0.0005681818181818182 0.7447274948966939 0.0004231406221003942
actor 0.0011363636363636363 0.4685210829577449 0.0005324103215428919
smith 0.0011363636363636363 1.1549019599857433 0.00131238859089289
played 0.0005681818181818182 0.6575773191777938 0.00037362347680556466
biopic 0.0005681818181818182 1.6989700043360187 0.0009653238661000106
film 0.0005681818181818182 0.6020599913279624 0.00034207954052725134
released 0.0005681818181818182 0.3010299956639812 0.00017103977026362567
hold 0.0005681818181818182 1.0 0.0005681818181818182
torch 0.0005681818181818182 2.0 0.0011363636363636363
lighting 0.0005681818181818182 2.0 0.0011363636363636363
flame 0.0005681818181818182 1.6989700043360187 0.0009653238661000106
opening 0.0005681818181818182 0.9208187539523752 0.0005231924738365768
ceremony 0.0005681818181818182 0.958607314841775 0.0005446632470691903
centennial 0.0005681818181818182 2.0 0.0011363636363636363
georgia 0.0005681818181818182 0.721246399047171 0.0004097990903677108
july 0.0005681818181818182 0.37675070960209955 0.0002140629031830111
michael 0.0005681818181818182 0.494850021680094 0.00028116478504550796
died 0.0005681818181818182 0.31875876262441283 0.00018111293330932545
hospitalized 0.0011363636363636363 1.0969100130080565 0.0012464886511455186
respiratory 0.0005681818181818182 2.0 0.0011363636363636363
issue 0.0005681818181818182 0.6989700043360189 0.00039714204791819254
legend 0.0017045454545454545 0.5686362358410126 0.0009692663110926351
battled 0.0005681818181818182 1.3979400086720377 0.0007942840958363851
pneumonia 0.0005681818181818182 1.6989700043360187 0.0009653238661000106
severe 0.0005681818181818182 1.045757490560675 0.0005941803923640199
urinary 0.0005681818181818182 2.0 0.0011363636363636363
tract 0.0005681818181818182 2.0 0.0011363636363636363
infection 0.0005681818181818182 1.6989700043360187 0.0009653238661000106
funeral 0.0011363636363636363 1.0969100130080565 0.0012464886511455186
memorial 0.002840909090909091 0.9208187539523752 0.0026159623691828842
passing 0.0005681818181818182 1.045757490560675 0.0005941803923640199
planned 0.0005681818181818182 0.7958800173440752 0.00045220455530913363
saying 0.0005681818181818182 0.7958800173440752 0.00045220455530913363
c 0.002840909090909091 0.35654732351381263 0.001012918532709695
inclusive 0.0005681818181818182 2.0 0.0011363636363636363
everyone 0.0005681818181818182 1.0 0.0005681818181818182
give 0.0005681818181818182 0.721246399047171 0.0004097990903677108
opportunity 0.0005681818181818182 0.8239087409443188 0.0004681299664456356
want 0.0005681818181818182 0.585026652029182 0.0003324015068347625
pay 0.0005681818181818182 0.853871964321762 0.00048515452518281934
respect 0.0005681818181818182 1.6989700043360187 0.0009653238661000106
according 0.0005681818181818182 0.638272163982407 0.0003626546386263676
spokesman 0.0005681818181818182 1.3979400086720377 0.0007942840958363851
day 0.0005681818181818182 0.2924298239020636 0.0001661533090352634
event 0.0005681818181818182 0.721246399047171 0.0004097990903677108
included 0.0017045454545454545 0.48148606012211254 0.0008207148752081464
festival 0.0005681818181818182 1.045757490560675 0.0005941803923640199
art 0.0005681818181818182 1.045757490560675 0.0005941803923640199
entertainment 0.0005681818181818182 1.0 0.0005681818181818182
educational 0.0005681818181818182 1.0 0.0005681818181818182
offering 0.0005681818181818182 1.5228787452803376 0.0008652720143638281
sponsored 0.0005681818181818182 1.045757490560675 0.0005941803923640199
islamic 0.0005681818181818182 1.1549019599857433 0.000656194295446445
prayer 0.0005681818181818182 1.5228787452803376 0.0008652720143638281
program 0.0005681818181818182 0.5528419686577808 0.0003141147549191936
prior 0.0005681818181818182 0.853871964321762 0.00048515452518281934
procession 0.0005681818181818182 1.6989700043360187 0.0009653238661000106
mile 0.0005681818181818182 1.3010299956639813 0.0007392215884454438
past 0.0005681818181818182 0.6989700043360189 0.00039714204791819254
childhood 0.0005681818181818182 0.6020599913279624 0.00034207954052725134
home 0.0005681818181818182 0.31875876262441283 0.00018111293330932545
boulevard 0.0005681818181818182 1.6989700043360187 0.0009653238661000106
ten 0.0005681818181818182 2.0 0.0011363636363636363
thousand 0.0005681818181818182 0.9208187539523752 0.0005231924738365768
tossed 0.0005681818181818182 2.0 0.0011363636363636363
flower 0.0005681818181818182 1.5228787452803376 0.0008652720143638281
hearse 0.0005681818181818182 1.6989700043360187 0.0009653238661000106
cheered 0.0005681818181818182 2.0 0.0011363636363636363
champ 0.0005681818181818182 1.5228787452803376 0.0008652720143638281
kfc 0.0005681818181818182 2.0 0.0011363636363636363
yum 0.0005681818181818182 2.0 0.0011363636363636363
arena 0.0005681818181818182 0.9208187539523752 0.0005231924738365768
close 0.002840909090909091 0.04575749056067514 0.00012999287091100894
attendance 0.0005681818181818182 1.5228787452803376 0.0008652720143638281
speaker 0.0005681818181818182 2.0 0.0011363636363636363
leader 0.0011363636363636363 0.8582367697242121 0.0009752690565047865
various 0.0005681818181818182 0.958607314841775 0.0005446632470691903
faith 0.0005681818181818182 2.0 0.0011363636363636363
attallah 0.0005681818181818182 2.0 0.0011363636363636363
shabazz 0.0005681818181818182 2.0 0.0011363636363636363
malcolm 0.0011363636363636363 1.2218487496163564 0.0013884644882004049
eldest 0.0005681818181818182 1.0969100130080565 0.0006232443255727593
broadcaster 0.0005681818181818182 2.0 0.0011363636363636363
bryant 0.0005681818181818182 1.6989700043360187 0.0009653238661000106
gumbel 0.0005681818181818182 2.0 0.0011363636363636363
former 0.0017045454545454545 0.27572413039921095 0.0004699843131804732
bill 0.0005681818181818182 0.4202164033831899 0.00023875932010408515
clinton 0.0011363636363636363 0.5228787452803376 0.00059418039236402
comedian 0.0011363636363636363 1.1549019599857433 0.00131238859089289
billy 0.0005681818181818182 1.1549019599857433 0.000656194295446445
crystal 0.0011363636363636363 1.6989700043360187 0.0019306477322000213
rasheda 0.0011363636363636363 2.0 0.0022727272727272726
widow 0.0005681818181818182 1.1549019599857433 0.000656194295446445
indicated 0.0005681818181818182 1.5228787452803376 0.0008652720143638281
end 0.0005681818181818182 0.44369749923271273 0.0002521008518367686
came 0.0005681818181818182 0.3010299956639812 0.00017103977026362567
teaching 0.0005681818181818182 1.1549019599857433 0.000656194295446445
effect 0.0005681818181818182 1.0969100130080565 0.0006232443255727593
remind 0.0005681818181818182 1.3010299956639813 0.0007392215884454438
injustice 0.0005681818181818182 1.1549019599857433 0.000656194295446445
grew 0.0005681818181818182 0.494850021680094 0.00028116478504550796
segregation 0.0005681818181818182 0.9208187539523752 0.0005231924738365768
embittered 0.0005681818181818182 2.0 0.0011363636363636363
enough 0.0005681818181818182 0.6575773191777938 0.00037362347680556466
quit 0.0005681818181818182 1.1549019599857433 0.000656194295446445
engage 0.0005681818181818182 1.3010299956639813 0.0007392215884454438
violence 0.0005681818181818182 0.8239087409443188 0.0004681299664456356
spoke 0.0011363636363636363 0.7695510786217261 0.0008744898620701432
self 0.0005681818181818182 0.6989700043360189 0.00039714204791819254
empowerment 0.0005681818181818182 1.045757490560675 0.0005941803923640199
decided 0.0017045454545454545 0.494850021680094 0.0008434943551365239
possibly 0.0005681818181818182 1.3010299956639813 0.0007392215884454438
disempowered 0.0005681818181818182 2.0 0.0011363636363636363
race 0.0005681818181818182 0.619788758288394 0.0003521527035729511
expectation 0.0005681818181818182 1.5228787452803376 0.0008652720143638281
others 0.0005681818181818182 0.494850021680094 0.00028116478504550796
positive 0.0005681818181818182 0.8860566476931633 0.0005034412770983882
negative 0.0005681818181818182 1.3010299956639813 0.0007392215884454438
otherwise 0.0005681818181818182 1.3010299956639813 0.0007392215884454438
strip 0.0005681818181818182 1.5228787452803376 0.0008652720143638281
power 0.0005681818181818182 0.5376020021010439 0.0003054556830119568
write 0.0005681818181818182 1.045757490560675 0.0005941803923640199
struggling 0.0005681818181818182 1.3010299956639813 0.0007392215884454438
ultimately 0.0005681818181818182 0.9208187539523752 0.0005231924738365768
silent 0.0005681818181818182 1.2218487496163564 0.0006942322441002024
taught 0.0005681818181818182 1.0 0.0005681818181818182
bridge 0.0005681818181818182 1.6989700043360187 0.0009653238661000106
wall 0.0005681818181818182 1.3979400086720377 0.0007942840958363851
inspired 0.0005681818181818182 0.6989700043360189 0.00039714204791819254
version 0.0005681818181818182 1.045757490560675 0.0005941803923640199
father 0.0005681818181818182 0.14874165128092467 8.451230186416174e-05
may 0.0005681818181818182 0.3098039199714864 0.00017602495452925362
live 0.0005681818181818182 0.431798275933005 0.0002453399295073892
paradise 0.0005681818181818182 1.3010299956639813 0.0007392215884454438
shaking 0.0005681818181818182 1.5228787452803376 0.0008652720143638281
creator 0.0005681818181818182 1.3010299956639813 0.0007392215884454438
daddy 0.0005681818181818182 1.3979400086720377 0.0007942840958363851
meet 0.0005681818181818182 0.9208187539523752 0.0005231924738365768
pallbearer 0.0005681818181818182 2.0 0.0011363636363636363
mike 0.0005681818181818182 0.8860566476931633 0.0005034412770983882
tyson 0.0005681818181818182 1.3010299956639813 0.0007392215884454438
lennox 0.0005681818181818182 2.0 0.0011363636363636363
lewis 0.0005681818181818182 0.8860566476931633 0.0005034412770983882
buried 0.0005681818181818182 1.3979400086720377 0.0007942840958363851
cave 0.0005681818181818182 2.0 0.0011363636363636363
hill 0.0005681818181818182 0.8860566476931633 0.0005034412770983882
cemetery 0.0005681818181818182 1.6989700043360187 0.0009653238661000106
stature 0.0005681818181818182 1.5228787452803376 0.0008652720143638281
continues 0.0005681818181818182 1.0 0.0005681818181818182
grow 0.0005681818181818182 1.0969100130080565 0.0006232443255727593
even 0.0005681818181818182 0.3665315444204135 0.0002082565593297804
celebrated 0.0005681818181818182 1.0969100130080565 0.0006232443255727593
remarkable 0.0005681818181818182 2.0 0.0011363636363636363
willingness 0.0005681818181818182 1.1549019599857433 0.000656194295446445
speak 0.0005681818181818182 0.958607314841775 0.0005446632470691903
mind 0.0005681818181818182 1.0 0.0005681818181818182
courage 0.0005681818181818182 0.958607314841775 0.0005446632470691903
challenge 0.0005681818181818182 0.853871964321762 0.00048515452518281934
quo 0.0005681818181818182 1.5228787452803376 0.0008652720143638281
check 0.0005681818181818182 0.07058107428570728 4.0102883116879134e-05
strive 0.0005681818181818182 0.07058107428570728 4.0102883116879134e-05
accuracy 0.0005681818181818182 0.07058107428570728 4.0102883116879134e-05
fairness 0.0005681818181818182 0.07058107428570728 4.0102883116879134e-05
see 0.0011363636363636363 0.04575749056067514 5.199714836440357e-05
something 0.0005681818181818182 0.07058107428570728 4.0102883116879134e-05
look 0.0005681818181818182 0.07058107428570728 4.0102883116879134e-05
right 0.0005681818181818182 0.07058107428570728 4.0102883116879134e-05
citation 0.0005681818181818182 0.07058107428570728 4.0102883116879134e-05
information 0.0005681818181818182 0.07058107428570728 4.0102883116879134e-05
article 0.0005681818181818182 0.07058107428570728 4.0102883116879134e-05
author 0.0005681818181818182 0.06048074738138145 3.436406101214855e-05
com 0.0011363636363636363 0.06048074738138145 6.87281220242971e-05
editor 0.0005681818181818182 0.1023729087095586 5.8166425403158295e-05
website 0.0011363636363636363 0.0655015487564323 7.443357813230942e-05
url 0.0005681818181818182 0.07058107428570728 4.0102883116879134e-05
access 0.0005681818181818182 0.07058107428570728 4.0102883116879134e-05
publisher 0.0005681818181818182 0.07058107428570728 4.0102883116879134e-05
e 0.0011363636363636363 0.04575749056067514 5.199714836440357e-05
television 0.0017045454545454545 0.04575749056067514 7.799572254660535e-05
network 0.0011363636363636363 0.04575749056067514 5.199714836440357e-05
last 0.0005681818181818182 0.0655015487564323 3.721678906615471e-05
updated 0.0005681818181818182 0.07058107428570728 4.0102883116879134e-05
october 0.0011363636363636363 0.37675070960209955 0.0004281258063660222
original 0.0005681818181818182 0.0655015487564323 3.721678906615471e-05
published 0.0005681818181818182 0.07058107428570728 4.0102883116879134e-05
receive 0.0005681818181818182 0.05551732784983141 3.15439362783133e-05
shaped 0.0011363636363636363 0.05551732784983141 6.30878725566266e-05
sign 0.0005681818181818182 0.05551732784983141 3.15439362783133e-05
person 0.003977272727272727 0.05060999335508724 0.00020128974629864244
jinnah 0.0011363636363636363 2.0 0.0022727272727272726
statesman 0.0005681818181818182 1.1549019599857433 0.000656194295446445
led 0.0005681818181818182 0.37675070960209955 0.0002140629031830111
pakistan 0.0005681818181818182 1.2218487496163564 0.0006942322441002024
independence 0.0005681818181818182 0.958607314841775 0.0005446632470691903
controlled 0.0005681818181818182 0.8239087409443188 0.0004681299664456356
india 0.0005681818181818182 1.0 0.0005681818181818182
governor 0.0005681818181818182 0.6575773191777938 0.00037362347680556466
general 0.0005681818181818182 0.4559319556497244 0.00025905224752825247
constituent 0.0005681818181818182 2.0 0.0011363636363636363
assembly 0.0005681818181818182 0.8239087409443188 0.0004681299664456356
established 0.0005681818181818182 0.7447274948966939 0.0004231406221003942
reputation 0.0005681818181818182 0.7958800173440752 0.00045220455530913363
personality 0.0005681818181818182 0.853871964321762 0.00048515452518281934
elijah 0.0011363636363636363 2.0 0.0022727272727272726
rose 0.0005681818181818182 0.7447274948966939 0.0004231406221003942
poverty 0.0005681818181818182 1.1549019599857433 0.000656194295446445
charismatic 0.0005681818181818182 1.3979400086720377 0.0007942840958363851
nationalist 0.0005681818181818182 1.3010299956639813 0.0007392215884454438
mentor 0.0005681818181818182 1.6989700043360187 0.0009653238661000106
louis 0.0005681818181818182 1.0969100130080565 0.0006232443255727593
farrakhan 0.0005681818181818182 2.0 0.0011363636363636363
prophet 0.0005681818181818182 2.0 0.0011363636363636363
founder 0.0005681818181818182 0.7958800173440752 0.00045220455530913363
ibtihaj 0.0011363636363636363 2.0 0.0022727272727272726
fencer 0.0005681818181818182 2.0 0.0011363636363636363
barbie 0.0011363636363636363 2.0 0.0022727272727272726
doll 0.0005681818181818182 2.0 0.0011363636363636363
wearing 0.0005681818181818182 1.3010299956639813 0.0007392215884454438
hijab 0.0005681818181818182 1.6989700043360187 0.0009653238661000106
part 0.0011363636363636363 0.3372421683184259 0.00038322973672548396
mattel 0.0005681818181818182 2.0 0.0011363636363636363
shero 0.0005681818181818182 2.0 0.0011363636363636363
collection 0.0005681818181818182 0.853871964321762 0.00048515452518281934
revolutionary 0.0005681818181818182 1.1549019599857433 0.000656194295446445
take 0.0005681818181818182 0.48148606012211254 0.0002735716250693821
stand 0.0005681818181818182 0.9208187539523752 0.0005231924738365768
magazine 0.0005681818181818182 0.8239087409443188 0.0004681299664456356
luther 0.0005681818181818182 0.638272163982407 0.0003626546386263676
surprising 0.0005681818181818182 1.5228787452803376 0.0008652720143638281
secret 0.0005681818181818182 0.8860566476931633 0.0005034412770983882
friendship 0.0005681818181818182 1.2218487496163564 0.0006942322441002024
diametrically 0.0005681818181818182 2.0 0.0011363636363636363
opposed 0.0005681818181818182 0.9208187539523752 0.0005231924738365768
private 0.0005681818181818182 0.6020599913279624 0.00034207954052725134
identified 0.0005681818181818182 1.5228787452803376 0.0008652720143638281
erin 0.0005681818181818182 2.0 0.0011363636363636363
blakemore 0.0005681818181818182 2.0 0.0011363636363636363
jan 0.0005681818181818182 0.9208187539523752 0.0005231924738365768
mahershala 0.0011363636363636363 2.0 0.0022727272727272726
earned 0.0005681818181818182 0.40893539297350084 0.00023234965509858
attention 0.0005681818181818182 0.6777807052660807 0.00038510267344663674
role 0.0005681818181818182 0.619788758288394 0.0003521527035729511
tv 0.0005681818181818182 0.5228787452803376 0.00029709019618201
series 0.0005681818181818182 0.37675070960209955 0.0002140629031830111
luke 0.0005681818181818182 1.5228787452803376 0.0008652720143638281
cage 0.0005681818181818182 2.0 0.0011363636363636363
en 0.0005681818181818182 1.3010299956639813 0.0007392215884454438
route 0.0005681818181818182 1.3010299956639813 0.0007392215884454438
oscar 0.0005681818181818182 0.9208187539523752 0.0005231924738365768
moonlight 0.0005681818181818182 2.0 0.0011363636363636363
green 0.0005681818181818182 0.6989700043360189 0.00039714204791819254
book 0.0005681818181818182 0.585026652029182 0.0003324015068347625
symbol 0.0005681818181818182 1.1549019599857433 0.000656194295446445
cultural 0.0005681818181818182 1.3979400086720377 0.0007942840958363851
battle 0.0005681818181818182 0.721246399047171 0.0004097990903677108
america 0.0005681818181818182 0.37675070960209955 0.0002140629031830111
march 0.0005681818181818182 0.27572413039921095 0.0001566614377268244
generated 0.0005681818181818182 1.3979400086720377 0.0007942840958363851
greater 0.0005681818181818182 1.0969100130080565 0.0006232443255727593
conversation 0.0005681818181818182 1.2218487496163564 0.0006942322441002024
anti 0.0005681818181818182 0.721246399047171 0.0004097990903677108
establishment 0.0005681818181818182 1.1549019599857433 0.000656194295446445
tim 0.0005681818181818182 1.0969100130080565 0.0006232443255727593
ott 0.0005681818181818182 1.3979400086720377 0.0007942840958363851
jul 0.0005681818181818182 1.3979400086720377 0.0007942840958363851
john 0.0011363636363636363 0.37675070960209955 0.0004281258063660222
allen 0.0011363636363636363 1.3979400086720377 0.0015885681916727702
infamous 0.0005681818181818182 1.045757490560675 0.0005941803923640199
sniper 0.0005681818181818182 1.5228787452803376 0.0008652720143638281
terrorized 0.0005681818181818182 1.6989700043360187 0.0009653238661000106
washington 0.0005681818181818182 0.3979400086720376 0.00022610227765456682
area 0.0005681818181818182 0.7447274948966939 0.0004231406221003942
several 0.0005681818181818182 0.32790214206428253 0.0001863080352637969
week 0.0005681818181818182 0.7695510786217261 0.0004372449310350716
loading 0.0005681818181818182 0.04575749056067514 2.5998574182201785e-05
logo 0.0005681818181818182 0.04575749056067514 2.5998574182201785e-05
registered 0.0005681818181818182 0.04575749056067514 2.5998574182201785e-05
trademark 0.0005681818181818182 0.04575749056067514 2.5998574182201785e-05
llc 0.0005681818181818182 0.04575749056067514 2.5998574182201785e-05
