neil 0.011857707509881422 1.3010299956639813 0.015427233150165785
young 0.039525691699604744 0.3010299956639812 0.011898418800947873
song 0.004940711462450593 1.337242168318426 0.006606927709083132
harvest 0.0029644268774703555 1.5228787452803376 0.004514462683637364
moon 0.0024703557312252965 1.3979400086720377 0.003453409112332109
spouse 0.0004940711462450593 1.3979400086720377 0.0006906818224664217
biography 0.004940711462450593 0.04575749056067514 0.0002260745581061025
skip 0.0004940711462450593 0.04575749056067514 2.2607455810610246e-05
main 0.0004940711462450593 0.04575749056067514 2.2607455810610246e-05
content 0.0004940711462450593 0.04575749056067514 2.2607455810610246e-05
people 0.0024703557312252965 0.04575749056067514 0.00011303727905305125
nostalgia 0.0014822134387351778 0.04575749056067514 6.782236743183075e-05
celebrity 0.0014822134387351778 0.04575749056067514 6.782236743183075e-05
history 0.001976284584980237 0.04575749056067514 9.042982324244098e-05
culture 0.0014822134387351778 0.04575749056067514 6.782236743183075e-05
crime 0.0014822134387351778 0.04575749056067514 6.782236743183075e-05
scandal 0.0014822134387351778 0.04575749056067514 6.782236743183075e-05
video 0.0024703557312252965 0.04575749056067514 0.00011303727905305125
contact 0.0014822134387351778 0.04575749056067514 6.782236743183075e-05
u 0.002470355731225296 0.20065945054641832 0.0004957002236818634
advertise 0.0009881422924901185 0.04575749056067514 4.521491162122049e-05
privacy 0.0014822134387351778 0.04575749056067514 6.782236743183075e-05
notice 0.0009881422924901185 0.04575749056067514 4.521491162122049e-05
term 0.0009881422924901185 0.04575749056067514 4.521491162122049e-05
use 0.0009881422924901185 0.04575749056067514 4.521491162122049e-05
copyright 0.0009881422924901185 0.04575749056067514 4.521491162122049e-05
policy 0.0009881422924901185 0.04575749056067514 4.521491162122049e-05
ad 0.0009881422924901185 0.04575749056067514 4.521491162122049e-05
choice 0.0009881422924901185 0.04575749056067514 4.521491162122049e-05
accessibility 0.0009881422924901185 0.04575749056067514 4.521491162122049e-05
support 0.001976284584980237 0.04575749056067514 9.042982324244098e-05
setting 0.0014822134387351778 1.744727494896694 0.002586058539866641
february 0.0004940711462450593 0.04575749056067514 2.2607455810610246e-05
subscribe 0.0009881422924901185 0.04575749056067514 4.521491162122049e-05
newsletter 0.0014822134387351778 0.04575749056067514 6.782236743183075e-05
photo 0.0004940711462450593 0.12493873660829993 6.17286248064723e-05
chelsea 0.0004940711462450593 1.1549019599857433 0.0005706037351708217
lauren 0.0004940711462450593 1.5228787452803376 0.0007524104472728941
wireimage 0.0004940711462450593 1.2218487496163564 0.0006036802122610456
quick 0.0004940711462450593 0.07058107428570728 3.487207227554707e-05
fact 0.0009881422924901185 0.14116214857141457 0.0001394882891021883
name 0.0029644268774703555 0.05551732784983141 0.00016457705884337373
birth 0.0009881422924901185 0.07058107428570728 6.974414455109415e-05
date 0.0024703557312252965 0.07058107428570728 0.00017436036137773538
november 0.0009881422924901185 0.24412514432750856 0.00024123037977026536
age 0.0004940711462450593 0.11350927482751813 5.608165752347734e-05
education 0.0009881422924901185 0.19382002601611284 0.00019152176483805614
earl 0.0004940711462450593 1.3979400086720377 0.0006906818224664217
grey 0.0004940711462450593 1.5228787452803376 0.0007524104472728941
junior 0.0004940711462450593 0.853871964321762 0.00042187350015897334
high 0.0014822134387351778 0.27572413039921095 0.00040868201146128104
school 0.004446640316205534 0.14874165128092467 0.0006614006232847442
kelvin 0.0004940711462450593 2.0 0.0009881422924901185
place 0.0004940711462450593 0.07572071393811834 3.741141992990037e-05
toronto 0.0014822134387351778 2.0 0.0029644268774703555
canada 0.0009881422924901185 1.0 0.0009881422924901185
nickname 0.0004940711462450593 0.9208187539523752 0.0004549499772491972
bernard 0.0004940711462450593 2.0 0.0009881422924901185
shakey 0.0004940711462450593 2.0 0.0009881422924901185
joe 0.0004940711462450593 0.5228787452803376 0.0002583393010278348
canuck 0.0004940711462450593 2.0 0.0009881422924901185
godfather 0.001976284584980237 2.0 0.003952569169960474
grunge 0.001976284584980237 1.6989700043360187 0.0033576482299130803
full 0.0004940711462450593 0.3010299956639812 0.0001487302350118484
percival 0.0004940711462450593 2.0 0.0009881422924901185
zodiac 0.0004940711462450593 0.3010299956639812 0.0001487302350118484
sign 0.0009881422924901185 0.05551732784983141 5.485901961445791e-05
scorpio 0.0004940711462450593 1.0969100130080565 0.0005419515874545733
cite 0.0004940711462450593 0.07058107428570728 3.487207227554707e-05
page 0.0004940711462450593 0.07058107428570728 3.487207227554707e-05
quote 0.0004940711462450593 0.3872161432802645 0.00019131232375507138
get 0.0009881422924901185 0.44369749923271273 0.00043843626406394535
older 0.0009881422924901185 0.721246399047171 0.0007126940702047144
smaller 0.0004940711462450593 1.3979400086720377 0.0006906818224664217
see 0.0024703557312252965 0.04575749056067514 0.00011303727905305125
part 0.0009881422924901185 1.7351821769904636 0.0017146068942593513
world 0.001976284584980237 0.04575749056067514 9.042982324244098e-05
point 0.0009881422924901185 1.8416375079047502 0.0018197999089967886
view 0.0004940711462450593 0.958607314841775 0.00047362021484277417
outside 0.0004940711462450593 0.6989700043360189 0.0003453409112332109
hey 0.003952569169960474 1.6989700043360187 0.006715296459826161
rock 0.001976284584980237 0.721246399047171 0.0014253881404094287
n 0.0009881422924901185 0.7695510786217261 0.0007604259670175159
roll 0.0014822134387351778 1.0 0.0014822134387351778
never 0.0014822134387351778 0.431798275933005 0.0006400172074105806
die 0.0004940711462450593 1.0 0.0004940711462450593
publish 0.0004940711462450593 0.07058107428570728 3.487207227554707e-05
apr 0.0004940711462450593 0.5528419686577808 0.0002731432651471249
comment 0.0009881422924901185 0.07058107428570728 6.974414455109415e-05
one 0.003458498023715415 0.08092190762392613 0.0002798682575926299
influential 0.0004940711462450593 0.6777807052660807 0.0003348718899535972
songwriter 0.0014822134387351778 2.283996656365201 0.0033853705380907126
guitarist 0.0014822134387351778 2.853871964321762 0.004230047377947275
generation 0.0004940711462450593 1.0 0.0004940711462450593
known 0.0024703557312252965 0.06048074738138145 0.000149408960922385
recording 0.001976284584980237 2.1249387366083 0.004199483669186363
favorite 0.0004940711462450593 1.6989700043360187 0.0008394120574782701
old 0.001976284584980237 0.28399665636520083 0.000561258214160476
man 0.003458498023715415 0.37675070960209955 0.0013029915845922415
heart 0.001976284584980237 0.5228787452803376 0.001033357204111339
gold 0.003952569169960474 0.853871964321762 0.0033749880012717867
arrived 0.0004940711462450593 1.0 0.0004940711462450593
mid 0.0004940711462450593 0.585026652029182 0.0002890447885519674
co 0.0009881422924901185 0.4202164033831899 0.00041523360018101766
founded 0.0004940711462450593 0.619788758288394 0.0003062197422373488
band 0.003458498023715415 2.2218487496163566 0.007684259509542735
buffalo 0.0024703557312252965 2.0 0.004940711462450593
springfield 0.0024703557312252965 2.0 0.004940711462450593
earned 0.0004940711462450593 0.40893539297350084 0.00020204317834659132
fame 0.0014822134387351778 0.48148606012211254 0.000713665108876649
member 0.0014822134387351778 0.8386319977650252 0.0012430316172406498
crosby 0.0024703557312252965 1.6989700043360187 0.004197060287391351
still 0.004446640316205534 2.0 0.008893280632411068
nash 0.0024703557312252965 2.0 0.004940711462450593
csn 0.0009881422924901185 2.0 0.001976284584980237
solo 0.001976284584980237 0.6575773191777938 0.0012995599193237031
artist 0.0014822134387351778 1.341035157335565 0.001987700332019118
writing 0.0004940711462450593 0.853871964321762 0.00042187350015897334
timeless 0.0004940711462450593 1.5228787452803376 0.0007524104472728941
black 0.0014822134387351778 0.3872161432802645 0.0005739369712652141
rockin 0.0014822134387351778 2.0 0.0029644268774703555
free 0.0009881422924901185 0.6989700043360189 0.0006906818224664217
hit 0.002470355731225296 0.8751698505861407 0.0021619808561910586
nicknamed 0.0004940711462450593 0.9208187539523752 0.0004549499772491972
x 0.02766798418972332 0.4559319556497244 0.012614718140506208
c 0.01383399209486166 0.35654732351381263 0.004932472854934167
undeniable 0.0004940711462450593 2.0 0.0009881422924901185
influence 0.0009881422924901185 0.6989700043360189 0.0006906818224664217
genre 0.0004940711462450593 1.3010299956639813 0.0006428013812569077
also 0.004446640316205534 0.0861861476162833 0.00038323879868900685
strong 0.0004940711462450593 0.7958800173440752 0.0003932213524427249
advocate 0.0004940711462450593 0.9208187539523752 0.0004549499772491972
environmental 0.0014822134387351778 1.0 0.0014822134387351778
disability 0.0014822134387351778 4.0 0.005928853754940711
issue 0.0014822134387351778 0.6989700043360189 0.0010360227336996327
demonstrated 0.0004940711462450593 1.1549019599857433 0.0005706037351708217
founding 0.0004940711462450593 0.6777807052660807 0.0003348718899535972
benefit 0.001976284584980237 1.1549019599857433 0.002282414940683287
farm 0.001976284584980237 1.0969100130080565 0.0021678063498182932
aid 0.0024703557312252965 1.3010299956639813 0.003214006906284539
bridge 0.0029644268774703555 1.1549019599857433 0.0034236224110249305
concert 0.002964426877470356 2.3767507096020997 0.007045703684591205
year 0.008399209486166008 0.24995468798823245 0.0020994217864624266
musical 0.0014822134387351778 0.48148606012211254 0.000713665108876649
career 0.001976284584980237 0.17392519729917358 0.0003437256863620031
continues 0.0004940711462450593 1.0 0.0004940711462450593
record 0.003458498023715415 1.193820026016113 0.004128824200648612
tour 0.0029644268774703555 0.7447274948966939 0.0022076902022629265
regular 0.0004940711462450593 1.2218487496163564 0.0006036802122610456
basis 0.0009881422924901185 1.2218487496163564 0.0012073604245220913
early 0.0014822134387351778 0.07572071393811834 0.00011223425978970109
life 0.002470355731225296 0.13679614097137055 0.0003379351308581288
born 0.0014822134387351778 0.09151498112135023 0.0001356447348636614
four 0.0004940711462450593 0.28399665636520083 0.000140314553540119
later 0.003458498023715415 0.09151498112135023 0.0003165043813485433
parent 0.0009881422924901185 0.4559319556497244 0.0004505256478752217
scott 0.0004940711462450593 1.045757490560675 0.0005166786020556694
edna 0.0004940711462450593 1.6989700043360187 0.0008394120574782701
went 0.001976284584980237 0.32790214206428253 0.0006480279487436413
rassy 0.0009881422924901185 2.0 0.001976284584980237
moved 0.0004940711462450593 0.3872161432802645 0.00019131232375507138
small 0.0004940711462450593 0.721246399047171 0.0003563470351023572
rural 0.0004940711462450593 1.045757490560675 0.0005166786020556694
town 0.0009881422924901185 0.9208187539523752 0.0009098999544983944
omemee 0.0004940711462450593 2.0 0.0009881422924901185
brother 0.0004940711462450593 0.494850021680094 0.0002444911174308765
robert 0.0009881422924901185 0.5528419686577808 0.0005462865302942498
spent 0.0004940711462450593 0.48148606012211254 0.00023788836962554966
youth 0.0009881422924901185 0.958607314841775 0.0009472404296855483
despite 0.0009881422924901185 0.4202164033831899 0.00041523360018101766
idyllic 0.0004940711462450593 2.0 0.0009881422924901185
however 0.003458498023715415 0.32790214206428253 0.0011340489103013724
xa 0.005434782608695652 0.17392519729917358 0.0009452456374955086
boyhood 0.0004940711462450593 1.6989700043360187 0.0008394120574782701
complicated 0.0004940711462450593 1.5228787452803376 0.0007524104472728941
suffering 0.0004940711462450593 0.7958800173440752 0.0003932213524427249
epilepsy 0.0014822134387351778 2.0 0.0029644268774703555
type 0.0004940711462450593 1.3979400086720377 0.0006906818224664217
diabetes 0.0004940711462450593 1.3979400086720377 0.0006906818224664217
polio 0.0004940711462450593 1.3010299956639813 0.0006428013812569077
health 0.0009881422924901185 0.5528419686577808 0.0005462865302942498
deteriorated 0.0004940711462450593 1.6989700043360187 0.0008394120574782701
far 0.0014822134387351778 1.0 0.0014822134387351778
unable 0.0004940711462450593 1.0969100130080565 0.0005419515874545733
walk 0.0009881422924901185 0.8860566476931633 0.0008755500471276317
time 0.004446640316205533 0.4791236183116582 0.002130490397630891
able 0.0004940711462450593 0.7447274948966939 0.00036794836704382106
overcome 0.0004940711462450593 1.3979400086720377 0.0006906818224664217
ailment 0.0004940711462450593 2.0 0.0009881422924901185
mother 0.0009881422924901185 0.21467016498923297 0.00021212466896169263
encouragement 0.0004940711462450593 1.5228787452803376 0.0007524104472728941
began 0.001976284584980237 0.20065945054641826 0.0003965601789454906
nurture 0.0004940711462450593 2.0 0.0009881422924901185
interest 0.0004940711462450593 0.7695510786217261 0.00038021298350875794
music 0.003458498023715415 0.4559319556497244 0.001576839767563276
learning 0.0004940711462450593 0.958607314841775 0.00047362021484277417
play 0.0014822134387351778 0.7958800173440752 0.0011796640573281747
ukulele 0.0004940711462450593 2.0 0.0009881422924901185
banjo 0.0004940711462450593 2.0 0.0009881422924901185
marriage 0.0004940711462450593 0.5376020021010439 0.0002656136374017015
strained 0.0004940711462450593 1.2218487496163564 0.0006036802122610456
recover 0.0004940711462450593 1.3979400086720377 0.0006906818224664217
finally 0.0004940711462450593 0.7447274948966939 0.00036794836704382106
divorced 0.0009881422924901185 0.853871964321762 0.0008437470003179467
following 0.001976284584980237 0.2518119729937996 0.0004976521205411059
split 0.0009881422924901185 0.9208187539523752 0.0009098999544983944
stayed 0.0004940711462450593 0.8239087409443188 0.00040706953603968316
father 0.0009881422924901185 0.14874165128092467 0.0001469779162854987
relocated 0.0004940711462450593 1.2218487496163564 0.0006036802122610456
winnipeg 0.0004940711462450593 2.0 0.0009881422924901185
teenage 0.0004940711462450593 1.3010299956639813 0.0006428013812569077
interested 0.0004940711462450593 1.0969100130080565 0.0005419515874545733
pursuit 0.0004940711462450593 2.0 0.0009881422924901185
academic 0.0004940711462450593 1.2218487496163564 0.0006036802122610456
next 0.003458498023715415 0.07058107428570728 0.00024410450592882954
would 0.003458498023715415 0.2291479883578558 0.0007925078648740072
several 0.0014822134387351778 0.32790214206428253 0.000486020961557731
forming 0.0004940711462450593 1.5228787452803376 0.0007524104472728941
folk 0.0024703557312252965 1.5228787452803376 0.0037620522363644706
group 0.0024703557312252965 0.37675070960209955 0.000930708274708744
squire 0.0009881422924901185 2.0 0.001976284584980237
intent 0.0004940711462450593 1.3979400086720377 0.0006906818224664217
musician 0.001976284584980237 1.958607314841775 0.003870765444351334
dropped 0.0004940711462450593 0.853871964321762 0.00042187350015897334
started 0.0004940711462450593 0.6020599913279624 0.0002974604700236968
performing 0.0004940711462450593 0.8239087409443188 0.00040706953603968316
club 0.0004940711462450593 1.5228787452803376 0.0007524104472728941
coffeehouse 0.0004940711462450593 2.0 0.0009881422924901185
area 0.0004940711462450593 0.7447274948966939 0.00036794836704382106
first 0.003458498023715415 0.0655015487564323 0.00022653697692442
act 0.0014822134387351778 1.322393047279507 0.0019600687459676485
making 0.0009881422924901185 0.3979400086720376 0.0003932213524427249
round 0.0004940711462450593 1.5228787452803376 0.0007524104472728941
canadian 0.0014822134387351778 1.3979400086720377 0.0020720454673992653
circuit 0.0004940711462450593 1.0 0.0004940711462450593
rub 0.0004940711462450593 2.0 0.0009881422924901185
elbow 0.0004940711462450593 2.0 0.0009881422924901185
coming 0.0009881422924901185 0.8239087409443188 0.0008141390720793663
including 0.0024703557312252965 0.2365720064370627 0.0005844170119492655
fellow 0.0004940711462450593 0.6020599913279624 0.0002974604700236968
singer 0.0014822134387351778 0.4202164033831899 0.0006228504002715264
joni 0.0004940711462450593 1.6989700043360187 0.0008394120574782701
mitchell 0.0004940711462450593 1.3979400086720377 0.0006906818224664217
guess 0.0004940711462450593 1.3010299956639813 0.0006428013812569077
met 0.0009881422924901185 0.44369749923271273 0.00043843626406394535
stephen 0.0009881422924901185 1.0969100130080565 0.0010839031749091466
briefly 0.0009881422924901185 1.0 0.0009881422924901185
joined 0.0009881422924901185 0.4685210829577449 0.00046296549699381906
called 0.001976284584980237 0.3010299956639812 0.0005949209400473936
mynah 0.0004940711462450593 2.0 0.0009881422924901185
bird 0.0004940711462450593 1.5228787452803376 0.0007524104472728941
included 0.0004940711462450593 0.48148606012211254 0.00023788836962554966
future 0.0014822134387351778 0.721246399047171 0.0010690411053070716
funk 0.0004940711462450593 1.6989700043360187 0.0008394120574782701
star 0.0009881422924901185 1.4828041020500258 0.001465221444713464
rick 0.0004940711462450593 1.2218487496163564 0.0006036802122610456
james 0.0004940711462450593 0.6020599913279624 0.0002974604700236968
bass 0.0009881422924901185 1.6989700043360187 0.0016788241149565401
managed 0.0009881422924901185 0.958607314841775 0.0009472404296855483
win 0.0004940711462450593 0.585026652029182 0.0002890447885519674
contract 0.0004940711462450593 0.9208187539523752 0.0004549499772491972
legendary 0.0014822134387351778 0.853871964321762 0.00126562050047692
motown 0.0004940711462450593 1.2218487496163564 0.0006036802122610456
label 0.0024703557312252965 0.958607314841775 0.0023681010742138712
disbanded 0.0004940711462450593 2.0 0.0009881422924901185
could 0.0009881422924901185 0.4202164033831899 0.00041523360018101766
finish 0.0004940711462450593 1.2218487496163564 0.0006036802122610456
album 0.012845849802371542 1.1214782044987934 0.014406340571624817
search 0.0004940711462450593 1.2218487496163564 0.0006036802122610456
new 0.004446640316205534 0.14266750356873154 0.0006343910731811185
frontier 0.0009881422924901185 2.0 0.001976284584980237
friend 0.0004940711462450593 0.638272163982407 0.0003153518596751023
bruce 0.0009881422924901185 1.0969100130080565 0.0010839031749091466
palmer 0.0009881422924901185 2.0 0.001976284584980237
packed 0.0004940711462450593 1.5228787452803376 0.0007524104472728941
possession 0.0004940711462450593 2.0 0.0009881422924901185
pontiac 0.0004940711462450593 2.0 0.0009881422924901185
hearse 0.0004940711462450593 1.6989700043360187 0.0008394120574782701
made 0.0014822134387351778 0.1804560644581313 0.0002674744038411037
long 0.0014822134387351778 0.4559319556497244 0.0006757884718128326
drive 0.0004940711462450593 1.1549019599857433 0.0005706037351708217
los 0.0009881422924901185 0.6020599913279624 0.0005949209400473936
angeles 0.0009881422924901185 0.6020599913279624 0.0005949209400473936
california 0.0014822134387351778 0.5528419686577808 0.0008194297954413747
crazy 0.004940711462450593 1.2218487496163564 0.0060368021226104565
horse 0.005434782608695652 1.5228787452803376 0.008276514920001834
ran 0.0004940711462450593 0.48148606012211254 0.00023788836962554966
soon 0.0009881422924901185 0.40893539297350084 0.00040408635669318265
thereafter 0.0004940711462450593 1.2218487496163564 0.0006036802122610456
richie 0.0004940711462450593 1.6989700043360187 0.0008394120574782701
furay 0.0004940711462450593 2.0 0.0009881422924901185
dewey 0.0004940711462450593 1.6989700043360187 0.0008394120574782701
martin 0.0009881422924901185 0.5686362358410126 0.0005618935136768899
came 0.0004940711462450593 0.3010299956639812 0.0001487302350118484
together 0.0009881422924901185 0.431798275933005 0.0004266781382737203
form 0.0009881422924901185 0.7447274948966939 0.0007358967340876421
released 0.005434782608695652 0.3010299956639812 0.0016360325851303326
debut 0.0009881422924901185 0.8239087409443188 0.0008141390720793663
self 0.0009881422924901185 0.6989700043360189 0.0006906818224664217
titled 0.0014822134387351778 1.2218487496163564 0.0018110406367831367
december 0.0004940711462450593 0.40893539297350084 0.00020204317834659132
crack 0.0004940711462450593 2.0 0.0009881422924901185
chart 0.003458498023715415 1.045757490560675 0.0036167502143896863
single 0.0004940711462450593 0.585026652029182 0.0002890447885519674
worth 0.0004940711462450593 1.3010299956639813 0.0006428013812569077
even 0.0014822134387351778 0.3665315444204135 0.0005432779808602967
became 0.001976284584980237 0.07572071393811834 0.00014964567971960147
top 0.0014822134387351778 0.48148606012211254 0.000713665108876649
attracted 0.0004940711462450593 1.5228787452803376 0.0007524104472728941
large 0.0004940711462450593 0.8860566476931633 0.00043777502356381583
acclaimed 0.0004940711462450593 0.7958800173440752 0.0003932213524427249
experimental 0.0009881422924901185 1.6989700043360187 0.0016788241149565401
skilled 0.0004940711462450593 1.6989700043360187 0.0008394120574782701
instrumental 0.0004940711462450593 1.1549019599857433 0.0005706037351708217
piece 0.0004940711462450593 1.6989700043360187 0.0008394120574782701
inventive 0.0004940711462450593 2.0 0.0009881422924901185
songwriting 0.0004940711462450593 1.3010299956639813 0.0006428013812569077
harmony 0.0004940711462450593 1.5228787452803376 0.0007524104472728941
focused 0.0009881422924901185 0.6989700043360189 0.0006906818224664217
vocal 0.0004940711462450593 0.853871964321762 0.00042187350015897334
composition 0.0004940711462450593 2.0 0.0009881422924901185
listening 0.0009881422924901185 1.1549019599857433 0.0011412074703416434
public 0.0009881422924901185 0.2596373105057561 0.0002565586072191266
got 0.0009881422924901185 0.5376020021010439 0.000531227274803403
introduction 0.0004940711462450593 1.6989700043360187 0.0008394120574782701
talent 0.0004940711462450593 1.0 0.0004940711462450593
track 0.004446640316205533 2.1079053973095196 0.009373097122423752
broken 0.0009881422924901185 1.0969100130080565 0.0010839031749091466
arrow 0.0009881422924901185 1.6989700043360187 0.0016788241149565401
child 0.0029644268774703555 0.5000381344038097 0.0014823264853867876
strain 0.0004940711462450593 2.0 0.0009881422924901185
led 0.0014822134387351778 0.37675070960209955 0.0005584249648252464
striking 0.0004940711462450593 1.3979400086720377 0.0006906818224664217
signed 0.0004940711462450593 0.494850021680094 0.0002444911174308765
reprise 0.0009881422924901185 2.0 0.001976284584980237
mixed 0.0004940711462450593 1.0969100130080565 0.0005419515874545733
review 0.0004940711462450593 1.3979400086720377 0.0006906818224664217
though 0.0014822134387351778 0.3665315444204135 0.0005432779808602967
hinted 0.0004940711462450593 2.0 0.0009881422924901185
originality 0.0004940711462450593 1.6989700043360187 0.0008394120574782701
willingness 0.0004940711462450593 1.1549019599857433 0.0005706037351708217
experiment 0.0004940711462450593 1.3010299956639813 0.0006428013812569077
define 0.0004940711462450593 1.5228787452803376 0.0007524104472728941
body 0.0004940711462450593 0.5686362358410126 0.00028094675683844496
work 0.003952569169960474 0.2218487496163564 0.0008768725281278908
followed 0.0014822134387351778 0.5528419686577808 0.0008194297954413747
month 0.0009881422924901185 0.431798275933005 0.0004266781382737203
everybody 0.0009881422924901185 1.3010299956639813 0.0012856027625138154
know 0.0004940711462450593 1.3979400086720377 0.0006906818224664217
nowhere 0.0004940711462450593 1.6989700043360187 0.0008394120574782701
drummer 0.0004940711462450593 1.3979400086720377 0.0006906818224664217
ralph 0.0004940711462450593 1.1549019599857433 0.0005706037351708217
molina 0.0004940711462450593 2.0 0.0009881422924901185
player 0.0004940711462450593 0.958607314841775 0.00047362021484277417
billy 0.0004940711462450593 1.1549019599857433 0.0005706037351708217
talbot 0.0004940711462450593 1.6989700043360187 0.0008394120574782701
dan 0.0009881422924901185 1.3979400086720377 0.0013813636449328435
whitten 0.001976284584980237 2.0 0.003952569169960474
collectively 0.0004940711462450593 2.0 0.0009881422924901185
backed 0.001976284584980237 1.5228787452803376 0.0030096417890915763
raw 0.0004940711462450593 1.6989700043360187 0.0008394120574782701
sound 0.0004940711462450593 1.045757490560675 0.0005166786020556694
serving 0.0004940711462450593 0.48148606012211254 0.00023788836962554966
counterpoint 0.0004940711462450593 2.0 0.0009881422924901185
distinctively 0.0004940711462450593 2.0 0.0009881422924901185
melancholy 0.0004940711462450593 2.0 0.0009881422924901185
untrained 0.0004940711462450593 2.0 0.0009881422924901185
voice 0.0009881422924901185 0.7447274948966939 0.0007358967340876421
standout 0.0004940711462450593 1.5228787452803376 0.0007524104472728941
cinnamon 0.0004940711462450593 2.0 0.0009881422924901185
girl 0.0004940711462450593 0.6989700043360189 0.0003453409112332109
river 0.0004940711462450593 1.1549019599857433 0.0005706037351708217
climbed 0.0009881422924901185 1.3010299956639813 0.0012856027625138154
eventually 0.0024703557312252965 0.3979400086720376 0.0009830533811068123
meanwhile 0.0014822134387351778 1.0969100130080565 0.00162585476236372
reconnected 0.0004940711462450593 1.6989700043360187 0.0008394120574782701
formed 0.0014822134387351778 0.721246399047171 0.0010690411053070716
david 0.0004940711462450593 0.7695510786217261 0.00038021298350875794
byrd 0.0004940711462450593 2.0 0.0009881422924901185
graham 0.0014822134387351778 1.3010299956639813 0.001928404143770723
holly 0.0004940711462450593 2.0 0.0009881422924901185
trio 0.0004940711462450593 1.0969100130080565 0.0005419515874545733
renamed 0.0004940711462450593 1.5228787452803376 0.0007524104472728941
perform 0.0009881422924901185 1.1549019599857433 0.0011412074703416434
playing 0.0004940711462450593 0.8860566476931633 0.00043777502356381583
woodstock 0.0004940711462450593 2.0 0.0009881422924901185
festival 0.0004940711462450593 1.045757490560675 0.0005166786020556694
august 0.0009881422924901185 0.494850021680094 0.000488982234861753
subsequent 0.0004940711462450593 0.9208187539523752 0.0004549499772491972
release 0.0009881422924901185 0.5686362358410126 0.0005618935136768899
xe 0.0009881422924901185 0.853871964321762 0.0008437470003179467
j 0.0004940711462450593 0.7958800173440752 0.0003932213524427249
vu 0.0004940711462450593 1.6989700043360187 0.0008394120574782701
catapulted 0.0004940711462450593 1.6989700043360187 0.0008394120574782701
much 0.0014822134387351778 0.37675070960209955 0.0005584249648252464
referred 0.0004940711462450593 1.0 0.0004940711462450593
american 0.0029644268774703555 0.1023729087095586 0.0003034770021034346
beatles 0.0004940711462450593 1.6989700043360187 0.0008394120574782701
relationship 0.0004940711462450593 0.5228787452803376 0.0002583393010278348
bandmates 0.0004940711462450593 1.6989700043360187 0.0008394120574782701
quickly 0.0009881422924901185 0.619788758288394 0.0006124394844746976
contentious 0.0004940711462450593 1.3010299956639813 0.0006428013812569077
left 0.0004940711462450593 0.2924298239020636 0.0001444811382915334
focus 0.0014822134387351778 0.7695510786217261 0.0011406389505262738
exclusively 0.0004940711462450593 2.0 0.0009881422924901185
rush 0.0009881422924901185 1.3979400086720377 0.0013813636449328435
move 0.0004940711462450593 0.721246399047171 0.0003563470351023572
paid 0.0004940711462450593 1.0 0.0004940711462450593
breaking 0.0004940711462450593 1.2218487496163564 0.0006036802122610456
featuring 0.001976284584980237 1.2218487496163564 0.0024147208490441826
classic 0.0004940711462450593 1.3979400086720377 0.0006906818224664217
love 0.0004940711462450593 0.5086383061657272 0.0002513035109514463
break 0.0009881422924901185 0.8860566476931633 0.0008755500471276317
tell 0.0004940711462450593 0.9208187539523752 0.0004549499772491972
southern 0.0004940711462450593 0.6575773191777938 0.0003248899798309258
latter 0.0009881422924901185 1.045757490560675 0.0010333572041113389
condemnation 0.0004940711462450593 1.6989700043360187 0.0008394120574782701
racism 0.0004940711462450593 0.853871964321762 0.00042187350015897334
angered 0.0004940711462450593 1.3979400086720377 0.0006906818224664217
many 0.0009881422924901185 0.28399665636520083 0.000280629107080238
southerner 0.0004940711462450593 2.0 0.0009881422924901185
inspire 0.0009881422924901185 1.2218487496163564 0.0012073604245220913
lynyrd 0.0004940711462450593 2.0 0.0009881422924901185
skynyrd 0.0004940711462450593 2.0 0.0009881422924901185
sweet 0.0009881422924901185 1.5228787452803376 0.0015048208945457882
home 0.0004940711462450593 0.31875876262441283 0.0001574895072255004
alabama 0.0004940711462450593 0.7447274948966939 0.00036794836704382106
specifically 0.0004940711462450593 1.1549019599857433 0.0005706037351708217
outdid 0.0004940711462450593 2.0 0.0009881422924901185
hallmark 0.0004940711462450593 1.6989700043360187 0.0008394120574782701
contains 0.0004940711462450593 1.3979400086720377 0.0006906818224664217
needle 0.0004940711462450593 2.0 0.0009881422924901185
damage 0.0004940711462450593 2.0 0.0009881422924901185
done 0.0004940711462450593 0.958607314841775 0.00047362021484277417
inspired 0.0009881422924901185 0.6989700043360189 0.0006906818224664217
aging 0.0004940711462450593 1.5228787452803376 0.0007524104472728941
caretaker 0.0004940711462450593 1.3979400086720377 0.0006906818224664217
ranch 0.0009881422924901185 1.5228787452803376 0.0015048208945457882
recently 0.0009881422924901185 1.5228787452803376 0.0015048208945457882
purchased 0.0004940711462450593 1.3010299956639813 0.0006428013812569077
santa 0.0004940711462450593 1.3010299956639813 0.0006428013812569077
cruz 0.0004940711462450593 1.6989700043360187 0.0008394120574782701
mountain 0.0004940711462450593 1.6989700043360187 0.0008394120574782701
reached 0.001976284584980237 0.721246399047171 0.0014253881404094287
peak 0.0004940711462450593 2.0 0.0009881422924901185
faced 0.0004940711462450593 0.7695510786217261 0.00038021298350875794
difficult 0.0004940711462450593 1.0 0.0004940711462450593
period 0.001976284584980237 2.3565473235138126 0.004657208149236783
end 0.0004940711462450593 0.44369749923271273 0.00021921813203197268
girlfriend 0.0009881422924901185 1.2218487496163564 0.0012073604245220913
academy 0.0004940711462450593 0.6020599913279624 0.0002974604700236968
award 0.0009881422924901185 1.216096420727265 0.0012016763050664674
winning 0.0004940711462450593 0.4202164033831899 0.00020761680009050883
actress 0.0009881422924901185 0.6020599913279624 0.0005949209400473936
carrie 0.0009881422924901185 1.6989700043360187 0.0016788241149565401
snodgress 0.001976284584980237 2.0 0.003952569169960474
son 0.0009881422924901185 0.28399665636520083 0.000280629107080238
zeke 0.0004940711462450593 2.0 0.0009881422924901185
cerebral 0.0014822134387351778 1.6989700043360187 0.0025182361724348104
palsy 0.0014822134387351778 2.0 0.0029644268774703555
set 0.0014822134387351778 0.494850021680094 0.0007334733522926294
aside 0.0004940711462450593 1.0969100130080565 0.0005419515874545733
acting 0.0004940711462450593 0.6777807052660807 0.0003348718899535972
care 0.0009881422924901185 0.5376020021010439 0.000531227274803403
shortly 0.0009881422924901185 0.585026652029182 0.0005780895771039348
fired 0.0004940711462450593 1.045757490560675 0.0005166786020556694
upcoming 0.0009881422924901185 1.5228787452803376 0.0015048208945457882
died 0.0004940711462450593 0.31875876262441283 0.0001574895072255004
drug 0.0004940711462450593 0.6575773191777938 0.0003248899798309258
overdose 0.0004940711462450593 1.0969100130080565 0.0005419515874545733
event 0.0004940711462450593 0.853871964321762 0.00042187350015897334
compounded 0.0004940711462450593 1.5228787452803376 0.0007524104472728941
string 0.0004940711462450593 1.1549019599857433 0.0005706037351708217
relatively 0.0004940711462450593 1.6989700043360187 0.0008394120574782701
unsuccessful 0.0004940711462450593 0.8860566476931633 0.00043777502356381583
project 0.001976284584980237 2.09151498112135 0.0041334288164453555
film 0.0009881422924901185 0.6020599913279624 0.0005949209400473936
journey 0.0004940711462450593 1.045757490560675 0.0005166786020556694
past 0.0009881422924901185 0.6989700043360189 0.0006906818224664217
live 0.0029644268774703555 0.431798275933005 0.0012800344148211611
fade 0.0009881422924901185 4.0 0.003952569169960474
away 0.0009881422924901185 0.5376020021010439 0.000531227274803403
beach 0.0004940711462450593 1.1549019599857433 0.0005706037351708217
tonight 0.0004940711462450593 1.3010299956639813 0.0006428013812569077
night 0.0004940711462450593 0.638272163982407 0.0003153518596751023
recorded 0.001976284584980237 0.8860566476931633 0.0017511000942552633
death 0.0009881422924901185 0.2365720064370627 0.0002337668047797062
reflected 0.0004940711462450593 1.0969100130080565 0.0005419515874545733
frame 0.0004940711462450593 1.5228787452803376 0.0007524104472728941
mind 0.0004940711462450593 1.0 0.0004940711462450593
dark 0.0004940711462450593 1.3979400086720377 0.0006906818224664217
character 0.0004940711462450593 0.958607314841775 0.00047362021484277417
theme 0.0009881422924901185 1.1549019599857433 0.0011412074703416434
well 0.001976284584980237 0.20065945054641826 0.0003965601789454906
zuma 0.0004940711462450593 1.6989700043360187 0.0008394120574782701
hard 0.0009881422924901185 0.638272163982407 0.0006307037193502045
edged 0.0009881422924901185 1.5228787452803376 0.0015048208945457882
lineup 0.0004940711462450593 2.0 0.0009881422924901185
frank 0.0009881422924901185 0.853871964321762 0.0008437470003179467
sampedro 0.0004940711462450593 2.0 0.0009881422924901185
replacing 0.0004940711462450593 1.3010299956639813 0.0006428013812569077
guitar 0.0004940711462450593 1.0969100130080565 0.0005419515874545733
may 0.0014822134387351778 0.3098039199714864 0.0004591955335545746
run 0.0009881422924901185 0.4559319556497244 0.0004505256478752217
rust 0.001976284584980237 2.0 0.003952569169960474
second 0.0014822134387351778 0.19382002601611284 0.0002872826472570842
half 0.0009881422924901185 0.853871964321762 0.0008437470003179467
decade 0.003952569169960474 0.8239087409443188 0.0032565562883174652
prove 0.0004940711462450593 1.1549019599857433 0.0005706037351708217
positive 0.0004940711462450593 0.8860566476931633 0.00043777502356381583
teamed 0.0004940711462450593 1.2218487496163564 0.0006036802122610456
country 0.0014822134387351778 0.27572413039921095 0.00040868201146128104
flavored 0.0009881422924901185 2.0 0.001976284584980237
bar 0.0004940711462450593 1.3979400086720377 0.0006906818224664217
triple 0.0004940711462450593 1.5228787452803376 0.0007524104472728941
lp 0.0014822134387351778 2.0 0.0029644268774703555
compilation 0.0004940711462450593 1.6989700043360187 0.0008394120574782701
featured 0.0014822134387351778 0.7695510786217261 0.0011406389505262738
handpicked 0.0004940711462450593 2.0 0.0009881422924901185
selection 0.0004940711462450593 1.3010299956639813 0.0006428013812569077
thing 0.0004940711462450593 0.6989700043360189 0.0003453409112332109
better 0.0009881422924901185 0.638272163982407 0.0006307037193502045
come 0.0004940711462450593 1.0 0.0004940711462450593
broke 0.0004940711462450593 0.853871964321762 0.00042187350015897334
married 0.0009881422924901185 0.24412514432750856 0.00024123037977026536
pegi 0.0024703557312252965 2.0 0.004940711462450593
morton 0.0004940711462450593 2.0 0.0009881422924901185
waitress 0.0004940711462450593 2.0 0.0009881422924901185
restaurant 0.0004940711462450593 1.2218487496163564 0.0006036802122610456
near 0.0009881422924901185 0.8860566476931633 0.0008755500471276317
notably 0.0004940711462450593 1.2218487496163564 0.0006036802122610456
unknown 0.0009881422924901185 1.0 0.0009881422924901185
legend 0.0009881422924901185 0.5686362358410126 0.0005618935136768899
embarked 0.0004940711462450593 1.1549019599857433 0.0005706037351708217
sleep 0.0014822134387351778 2.0 0.0029644268774703555
showcased 0.0004940711462450593 1.3979400086720377 0.0006906818224664217
echoed 0.0004940711462450593 2.0 0.0009881422924901185
structure 0.0004940711462450593 1.6989700043360187 0.0008394120574782701
alternating 0.0004940711462450593 2.0 0.0009881422924901185
quiet 0.0009881422924901185 0.958607314841775 0.0009472404296855483
acoustic 0.001976284584980237 2.0 0.003952569169960474
aggressive 0.0004940711462450593 1.2218487496163564 0.0006036802122610456
electric 0.0009881422924901185 1.6989700043360187 0.0016788241149565401
number 0.0004940711462450593 1.1549019599857433 0.0005706037351708217
among 0.0004940711462450593 0.35654732351381263 0.00017615974481907738
highlight 0.0004940711462450593 2.0 0.0009881422924901185
best 0.0014822134387351778 0.13667713987954408 0.00020258469349734794
anthem 0.0004940711462450593 1.6989700043360187 0.0008394120574782701
double 0.0014822134387351778 1.6989700043360187 0.0025182361724348104
reaching 0.0009881422924901185 0.958607314841775 0.0009472404296855483
hawk 0.0009881422924901185 2.0 0.001976284584980237
dove 0.0009881422924901185 1.6989700043360187 0.0016788241149565401
clash 0.0004940711462450593 1.5228787452803376 0.0007524104472728941
indulging 0.0004940711462450593 2.0 0.0009881422924901185
urge 0.0004940711462450593 2.0 0.0009881422924901185
always 0.0004940711462450593 0.638272163982407 0.0003153518596751023
result 0.0004940711462450593 1.045757490560675 0.0005166786020556694
le 0.0009881422924901185 2.3467874862246565 0.0023189599666251547
collection 0.0009881422924901185 0.853871964321762 0.0008437470003179467
earlier 0.0004940711462450593 0.9208187539523752 0.0004549499772491972
sometimes 0.0004940711462450593 0.958607314841775 0.00047362021484277417
politically 0.0004940711462450593 1.045757490560675 0.0005166786020556694
right 0.001976284584980237 0.39848321634998984 0.0007875162378458297
leaning 0.0004940711462450593 1.5228787452803376 0.0007524104472728941
sentiment 0.0004940711462450593 1.5228787452803376 0.0007524104472728941
alienated 0.0004940711462450593 1.3979400086720377 0.0006906818224664217
audience 0.0004940711462450593 1.2218487496163564 0.0006036802122610456
abrupt 0.0004940711462450593 1.6989700043360187 0.0008394120574782701
face 0.0004940711462450593 0.7958800173440752 0.0003932213524427249
releasing 0.0014822134387351778 1.1549019599857433 0.0017118112055124653
ac 0.0004940711462450593 2.0 0.0009881422924901185
tor 0.0004940711462450593 2.0 0.0009881422924901185
mixing 0.0004940711462450593 2.0 0.0009881422924901185
trans 0.0004940711462450593 1.3010299956639813 0.0006428013812569077
incorporating 0.0004940711462450593 1.6989700043360187 0.0008394120574782701
synthesizer 0.0004940711462450593 2.0 0.0009881422924901185
vocoders 0.0004940711462450593 2.0 0.0009881422924901185
confusing 0.0004940711462450593 2.0 0.0009881422924901185
fan 0.0009881422924901185 0.8239087409443188 0.0008141390720793663
critic 0.0009881422924901185 0.853871964321762 0.0008437470003179467
underwhelming 0.0004940711462450593 1.3979400086720377 0.0006906818224664217
geffen 0.0009881422924901185 1.5228787452803376 0.0015048208945457882
tough 0.0004940711462450593 0.8860566476931633 0.00043777502356381583
whose 0.0014822134387351778 0.7695510786217261 0.0011406389505262738
poorly 0.0004940711462450593 2.0 0.0009881422924901185
received 0.0004940711462450593 0.28399665636520083 0.000140314553540119
rockabilly 0.0004940711462450593 2.0 0.0009881422924901185
offering 0.0009881422924901185 1.2218487496163564 0.0012073604245220913
last 0.0009881422924901185 0.0655015487564323 6.472485054983428e-05
straw 0.0004940711462450593 2.0 0.0009881422924901185
filed 0.0004940711462450593 0.7958800173440752 0.0003932213524427249
million 0.0004940711462450593 0.5228787452803376 0.0002583393010278348
lawsuit 0.0004940711462450593 0.853871964321762 0.00042187350015897334
producing 0.0004940711462450593 1.0969100130080565 0.0005419515874545733
termed 0.0004940711462450593 2.0 0.0009881422924901185
unrepresentative 0.0004940711462450593 2.0 0.0009881422924901185
ex 0.0004940711462450593 0.9208187539523752 0.0004549499772491972
suing 0.0004940711462450593 2.0 0.0009881422924901185
coping 0.0004940711462450593 1.6989700043360187 0.0008394120574782701
two 0.0009881422924901185 0.11918640771920867 0.00011777313015732082
ben 0.0009881422924901185 1.3979400086720377 0.0013813636449328435
amber 0.0004940711462450593 2.0 0.0009881422924901185
jean 0.0004940711462450593 1.2218487496163564 0.0006036802122610456
unwilling 0.0004940711462450593 2.0 0.0009881422924901185
sacrifice 0.0004940711462450593 2.0 0.0009881422924901185
independence 0.0004940711462450593 0.958607314841775 0.00047362021484277417
artistic 0.0004940711462450593 1.5228787452803376 0.0007524104472728941
integrity 0.0004940711462450593 1.1549019599857433 0.0005706037351708217
please 0.0004940711462450593 1.2218487496163564 0.0006036802122610456
deal 0.0004940711462450593 0.5528419686577808 0.0002731432651471249
take 0.0009881422924901185 0.48148606012211254 0.0004757767392510993
pay 0.0004940711462450593 0.853871964321762 0.00042187350015897334
cut 0.0004940711462450593 0.958607314841775 0.00047362021484277417
heavily 0.0009881422924901185 1.3010299956639813 0.0012856027625138154
way 0.0009881422924901185 1.3526170298853804 0.0013365780927721148
guest 0.0004940711462450593 1.045757490560675 0.0005166786020556694
appearance 0.0009881422924901185 1.0 0.0009881422924901185
willie 0.0009881422924901185 1.3010299956639813 0.0012856027625138154
nelson 0.0009881422924901185 0.9208187539523752 0.0009098999544983944
waylon 0.0004940711462450593 2.0 0.0009881422924901185
jennings 0.0004940711462450593 2.0 0.0009881422924901185
wave 0.0004940711462450593 1.5228787452803376 0.0007524104472728941
tinged 0.0004940711462450593 1.6989700043360187 0.0008394120574782701
landing 0.0004940711462450593 1.6989700043360187 0.0008394120574782701
water 0.0004940711462450593 1.045757490560675 0.0005166786020556694
mildly 0.0004940711462450593 2.0 0.0009881422924901185
successful 0.0004940711462450593 0.4559319556497244 0.00022526282393761085
fulfilled 0.0004940711462450593 1.3010299956639813 0.0006428013812569077
final 0.0004940711462450593 0.6989700043360189 0.0003453409112332109
obligation 0.0004940711462450593 1.5228787452803376 0.0007524104472728941
read 0.0004940711462450593 0.0655015487564323 3.236242527491714e-05
bella 0.0004940711462450593 0.0655015487564323 3.236242527491714e-05
hadid 0.0004940711462450593 0.0655015487564323 3.236242527491714e-05
sadie 0.0004940711462450593 0.06048074738138145 2.9881792184476997e-05
alexander 0.0004940711462450593 0.05551732784983141 2.7429509807228955e-05
adrienne 0.0004940711462450593 0.0655015487564323 3.236242527491714e-05
kennedy 0.0004940711462450593 0.06048074738138145 2.9881792184476997e-05
priority 0.0004940711462450593 2.0 0.0009881422924901185
shifted 0.0004940711462450593 1.6989700043360187 0.0008394120574782701
avid 0.0004940711462450593 2.0 0.0009881422924901185
model 0.0009881422924901185 1.0 0.0009881422924901185
train 0.001976284584980237 1.0 0.001976284584980237
collector 0.0004940711462450593 2.0 0.0009881422924901185
created 0.0004940711462450593 0.721246399047171 0.0003563470351023572
foot 0.0004940711462450593 1.5228787452803376 0.0007524104472728941
within 0.0004940711462450593 0.8239087409443188 0.00040706953603968316
barn 0.0004940711462450593 1.6989700043360187 0.0008394120574782701
property 0.0004940711462450593 1.3010299956639813 0.0006428013812569077
interact 0.0004940711462450593 2.0 0.0009881422924901185
developed 0.0004940711462450593 0.7958800173440752 0.0003932213524427249
special 0.0004940711462450593 0.638272163982407 0.0003153518596751023
controller 0.0004940711462450593 2.0 0.0009881422924901185
allowing 0.0004940711462450593 1.1549019599857433 0.0005706037351708217
control 0.0009881422924901185 2.2518119729937993 0.0022251106452507896
switching 0.0004940711462450593 2.0 0.0009881422924901185
power 0.0004940711462450593 0.5376020021010439 0.0002656136374017015
using 0.0004940711462450593 0.7958800173440752 0.0003932213524427249
paddle 0.0004940711462450593 2.0 0.0009881422924901185
system 0.0004940711462450593 0.7958800173440752 0.0003932213524427249
company 0.0014822134387351778 0.494850021680094 0.0007334733522926294
liontech 0.0004940711462450593 2.0 0.0009881422924901185
lionel 0.0004940711462450593 1.3979400086720377 0.0006906818224664217
facing 0.0004940711462450593 1.1549019599857433 0.0005706037351708217
bankruptcy 0.0004940711462450593 1.3010299956639813 0.0006428013812569077
put 0.0004940711462450593 0.6777807052660807 0.0003348718899535972
investment 0.0004940711462450593 0.853871964321762 0.00042187350015897334
purchase 0.0004940711462450593 1.0 0.0004940711462450593
continue 0.0009881422924901185 0.6777807052660807 0.0006697437799071944
research 0.0004940711462450593 1.0 0.0004940711462450593
development 0.0004940711462450593 0.7695510786217261 0.00038021298350875794
experience 0.0004940711462450593 0.619788758288394 0.0003062197422373488
help 0.0004940711462450593 0.4559319556497244 0.00022526282393761085
found 0.0004940711462450593 0.3372421683184259 0.0001666216246632539
hillsborough 0.0004940711462450593 2.0 0.0009881422924901185
mission 0.0004940711462450593 1.0 0.0004940711462450593
provide 0.0004940711462450593 0.958607314841775 0.00047362021484277417
severe 0.0004940711462450593 1.045757490560675 0.0005166786020556694
since 0.0014822134387351778 0.3372421683184259 0.0004998648739897617
supported 0.0004940711462450593 0.6989700043360189 0.0003453409112332109
annual 0.0009881422924901185 0.958607314841775 0.0009472404296855483
attract 0.0004940711462450593 1.5228787452803376 0.0007524104472728941
hundred 0.0004940711462450593 1.045757490560675 0.0005166786020556694
thousand 0.0004940711462450593 0.9208187539523752 0.0004549499772491972
feature 0.0004940711462450593 1.6989700043360187 0.0008394120574782701
vast 0.0004940711462450593 1.5228787452803376 0.0007524104472728941
array 0.0004940711462450593 1.3979400086720377 0.0006906818224664217
major 0.0004940711462450593 0.4202164033831899 0.00020761680009050883
springsteen 0.0004940711462450593 1.6989700043360187 0.0008394120574782701
beck 0.0004940711462450593 2.0 0.0009881422924901185
pearl 0.0009881422924901185 1.1549019599857433 0.0011412074703416434
jam 0.0009881422924901185 1.6989700043360187 0.0016788241149565401
doubt 0.0004940711462450593 1.1549019599857433 0.0005706037351708217
paul 0.0004940711462450593 0.721246399047171 0.0003563470351023572
mccartney 0.0004940711462450593 1.6989700043360187 0.0008394120574782701
countless 0.0004940711462450593 1.0 0.0004940711462450593
others 0.0004940711462450593 0.494850021680094 0.0002444911174308765
show 0.0009881422924901185 0.6777807052660807 0.0006697437799071944
organized 0.0004940711462450593 0.7958800173440752 0.0003932213524427249
typically 0.0004940711462450593 1.6989700043360187 0.0008394120574782701
headline 0.0004940711462450593 0.8239087409443188 0.00040706953603968316
stranger 0.0004940711462450593 1.6989700043360187 0.0008394120574782701
participated 0.0004940711462450593 1.1549019599857433 0.0005706037351708217
worked 0.0004940711462450593 0.3098039199714864 0.00015306517785152487
john 0.0004940711462450593 0.37675070960209955 0.00018614165494174878
mellencamp 0.0004940711462450593 2.0 0.0009881422924901185
organize 0.0004940711462450593 1.1549019599857433 0.0005706037351708217
return 0.0009881422924901185 0.7447274948966939 0.0007358967340876421
blue 0.0004940711462450593 1.0 0.0004940711462450593
r 0.0004940711462450593 0.5086383061657272 0.0002513035109514463
b 0.0004940711462450593 0.37675070960209955 0.00018614165494174878
note 0.0009881422924901185 1.2218487496163564 0.0012073604245220913
title 0.0014822134387351778 0.07058107428570728 0.00010461621682664123
took 0.0004940711462450593 0.28399665636520083 0.000140314553540119
aim 0.0004940711462450593 1.5228787452803376 0.0007524104472728941
commercialism 0.0004940711462450593 2.0 0.0009881422924901185
initially 0.0004940711462450593 0.7695510786217261 0.00038021298350875794
mtv 0.0004940711462450593 1.6989700043360187 0.0008394120574782701
refused 0.0004940711462450593 0.7447274948966939 0.00036794836704382106
accompanying 0.0009881422924901185 1.5228787452803376 0.0015048208945457882
response 0.0009881422924901185 0.853871964321762 0.0008437470003179467
apparent 0.0004940711462450593 1.3010299956639813 0.0006428013812569077
slight 0.0004940711462450593 2.0 0.0009881422924901185
reunited 0.0004940711462450593 1.3979400086720377 0.0006906818224664217
dream 0.0004940711462450593 0.8860566476931633 0.00043777502356381583
although 0.0004940711462450593 0.431798275933005 0.00021333906913686016
charted 0.0004940711462450593 1.6989700043360187 0.0008394120574782701
panned 0.0004940711462450593 1.6989700043360187 0.0008394120574782701
edgy 0.0004940711462450593 2.0 0.0009881422924901185
freedom 0.0004940711462450593 0.619788758288394 0.0003062197422373488
wandering 0.0004940711462450593 2.0 0.0009881422924901185
achieved 0.0004940711462450593 0.8239087409443188 0.00040706953603968316
biggest 0.0004940711462450593 1.045757490560675 0.0005166786020556694
perhaps 0.0004940711462450593 1.1549019599857433 0.0005706037351708217
important 0.0004940711462450593 0.8860566476931633 0.00043777502356381583
endeared 0.0004940711462450593 2.0 0.0009881422924901185
sonic 0.0004940711462450593 1.6989700043360187 0.0008394120574782701
dinosaur 0.0004940711462450593 2.0 0.0009881422924901185
jr 0.0029644268774703555 0.32790214206428253 0.000972041923115462
nirvana 0.0004940711462450593 1.6989700043360187 0.0008394120574782701
contributed 0.0004940711462450593 1.3010299956639813 0.0006428013812569077
tribute 0.0004940711462450593 1.3979400086720377 0.0006906818224664217
proceeds 0.0004940711462450593 2.0 0.0009881422924901185
underscored 0.0004940711462450593 1.5228787452803376 0.0007524104472728941
crop 0.0004940711462450593 1.6989700043360187 0.0008394120574782701
earning 0.0004940711462450593 0.6989700043360189 0.0003453409112332109
premier 0.0004940711462450593 1.6989700043360187 0.0008394120574782701
elder 0.0004940711462450593 1.5228787452803376 0.0007524104472728941
statesman 0.0004940711462450593 1.1549019599857433 0.0005706037351708217
era 0.0004940711462450593 0.8239087409443188 0.00040706953603968316
continued 0.0014822134387351778 0.3372421683184259 0.0004998648739897617
explore 0.0009881422924901185 1.1549019599857433 0.0011412074703416434
reuniting 0.0004940711462450593 1.6989700043360187 0.0008394120574782701
ragged 0.0004940711462450593 2.0 0.0009881422924901185
glory 0.0004940711462450593 1.6989700043360187 0.0008394120574782701
noise 0.0009881422924901185 1.5228787452803376 0.0015048208945457882
laden 0.0004940711462450593 1.3010299956639813 0.0006428013812569077
weld 0.0004940711462450593 2.0 0.0009881422924901185
returned 0.0009881422924901185 0.5086383061657272 0.0005026070219028926
root 0.0004940711462450593 1.045757490560675 0.0005166786020556694
war 0.0014822134387351778 0.35654732351381263 0.0005284792344572322
accessible 0.0004940711462450593 1.5228787452803376 0.0007524104472728941
critical 0.0004940711462450593 1.0969100130080565 0.0005419515874545733
popular 0.0009881422924901185 0.4685210829577449 0.00046296549699381906
success 0.0004940711462450593 0.431798275933005 0.00021333906913686016
going 0.0004940711462450593 0.6020599913279624 0.0002974604700236968
platinum 0.0004940711462450593 1.1549019599857433 0.0005706037351708217
good 0.0004940711462450593 0.585026652029182 0.0002890447885519674
grace 0.0004940711462450593 2.0 0.0009881422924901185
nevertheless 0.0004940711462450593 1.2218487496163564 0.0006036802122610456
expand 0.0004940711462450593 1.3010299956639813 0.0006428013812569077
various 0.0009881422924901185 0.958607314841775 0.0009472404296855483
arena 0.0004940711462450593 2.0 0.0009881422924901185
composing 0.0004940711462450593 1.5228787452803376 0.0007524104472728941
oscar 0.0004940711462450593 0.9208187539523752 0.0004549499772491972
nominated 0.0004940711462450593 0.853871964321762 0.00042187350015897334
philadelphia 0.0004940711462450593 1.045757490560675 0.0005166786020556694
jonathan 0.0004940711462450593 1.2218487496163564 0.0006036802122610456
demme 0.0004940711462450593 2.0 0.0009881422924901185
movie 0.0004940711462450593 0.7447274948966939 0.00036794836704382106
angel 0.0004940711462450593 1.6989700043360187 0.0008394120574782701
kurt 0.0004940711462450593 1.6989700043360187 0.0008394120574782701
cobain 0.0004940711462450593 1.6989700043360187 0.0008394120574782701
ended 0.0004940711462450593 0.5686362358410126 0.00028094675683844496
suicide 0.0004940711462450593 0.958607314841775 0.00047362021484277417
lyric 0.0009881422924901185 1.2218487496163564 0.0012073604245220913
burn 0.0004940711462450593 1.3979400086720377 0.0006906818224664217
highest 0.0004940711462450593 1.0 0.0004940711462450593
charting 0.0004940711462450593 2.0 0.0009881422924901185
mirror 0.0004940711462450593 1.2218487496163564 0.0006036802122610456
ball 0.0004940711462450593 1.3979400086720377 0.0006906818224664217
inducted 0.0009881422924901185 1.045757490560675 0.0010333572041113389
hall 0.0004940711462450593 0.9208187539523752 0.0004549499772491972
rounding 0.0004940711462450593 2.0 0.0009881422924901185
happy 0.0004940711462450593 1.045757490560675 0.0005166786020556694
supplied 0.0004940711462450593 1.6989700043360187 0.0008394120574782701
sparse 0.0004940711462450593 2.0 0.0009881422924901185
moody 0.0004940711462450593 1.6989700043360187 0.0008394120574782701
soundtrack 0.0004940711462450593 1.3979400086720377 0.0006906818224664217
jim 0.0004940711462450593 1.0 0.0004940711462450593
jarmusch 0.0009881422924901185 2.0 0.001976284584980237
western 0.0004940711462450593 1.3010299956639813 0.0006428013812569077
dead 0.0004940711462450593 0.9208187539523752 0.0004549499772491972
starred 0.0009881422924901185 0.7695510786217261 0.0007604259670175159
johnny 0.0004940711462450593 1.3010299956639813 0.0006428013812569077
depp 0.0004940711462450593 2.0 0.0009881422924901185
turn 0.0004940711462450593 0.7958800173440752 0.0003932213524427249
documentary 0.0004940711462450593 0.8239087409443188 0.00040706953603968316
scare 0.0004940711462450593 1.5228787452803376 0.0007524104472728941
entering 0.0004940711462450593 1.045757490560675 0.0005166786020556694
th 0.0009881422924901185 0.2076083105017461 0.00020514655187919573
studio 0.0004940711462450593 1.045757490560675 0.0005166786020556694
silver 0.0004940711462450593 1.3010299956639813 0.0006428013812569077
wake 0.0009881422924901185 1.3010299956639813 0.0012856027625138154
september 0.0004940711462450593 0.5086383061657272 0.0002513035109514463
terrorist 0.0004940711462450593 1.0 0.0004940711462450593
attack 0.0004940711462450593 0.7447274948966939 0.00036794836704382106
patriotic 0.0009881422924901185 2.0 0.001976284584980237
let 0.0009881422924901185 0.6777807052660807 0.0006697437799071944
passionate 0.0014822134387351778 1.5228787452803376 0.002257231341818682
greendale 0.0004940711462450593 2.0 0.0009881422924901185
concept 0.0004940711462450593 1.6989700043360187 0.0008394120574782701
fictional 0.0004940711462450593 2.0 0.0009881422924901185
allowed 0.0004940711462450593 0.7958800173440752 0.0003932213524427249
remained 0.0004940711462450593 0.585026652029182 0.0002890447885519674
throughout 0.0004940711462450593 0.6020599913279624 0.0002974604700236968
steady 0.0004940711462450593 2.0 0.0009881422924901185
output 0.0004940711462450593 1.5228787452803376 0.0007524104472728941
interrupted 0.0004940711462450593 1.3979400086720377 0.0006906818224664217
suffered 0.0004940711462450593 0.6575773191777938 0.0003248899798309258
fatal 0.0004940711462450593 1.6989700043360187 0.0008394120574782701
aneurysm 0.0004940711462450593 2.0 0.0009881422924901185
required 0.0004940711462450593 1.0 0.0004940711462450593
brain 0.0004940711462450593 1.0 0.0004940711462450593
surgery 0.0004940711462450593 0.8239087409443188 0.00040706953603968316
recovering 0.0004940711462450593 1.5228787452803376 0.0007524104472728941
finished 0.0004940711462450593 1.045757490560675 0.0005166786020556694
reflective 0.0004940711462450593 1.6989700043360187 0.0008394120574782701
based 0.0004940711462450593 0.619788758288394 0.0003062197422373488
prairie 0.0004940711462450593 1.6989700043360187 0.0008394120574782701
wind 0.0004940711462450593 1.3010299956639813 0.0006428013812569077
address 0.0004940711462450593 1.6989700043360187 0.0008394120574782701
mortality 0.0004940711462450593 2.0 0.0009881422924901185
illness 0.0004940711462450593 1.2218487496163564 0.0006036802122610456
passing 0.0004940711462450593 1.045757490560675 0.0005166786020556694
hearkened 0.0004940711462450593 2.0 0.0009881422924901185
back 0.0004940711462450593 0.4202164033831899 0.00020761680009050883
mellowing 0.0004940711462450593 2.0 0.0009881422924901185
angry 0.0009881422924901185 1.2218487496163564 0.0012073604245220913
protest 0.0004940711462450593 0.7447274948966939 0.00036794836704382106
living 0.0004940711462450593 0.619788758288394 0.0003062197422373488
iraq 0.0004940711462450593 0.853871964321762 0.00042187350015897334
impeach 0.0004940711462450593 1.5228787452803376 0.0007524104472728941
president 0.0004940711462450593 0.16749108729376372 8.275251348506112e-05
shock 0.0004940711462450593 2.0 0.0009881422924901185
awe 0.0004940711462450593 2.0 0.0009881422924901185
series 0.0009881422924901185 0.37675070960209955 0.00037228330988349755
retrospective 0.0004940711462450593 2.0 0.0009881422924901185
installment 0.0004940711462450593 1.6989700043360187 0.0008394120574782701
anticipated 0.0004940711462450593 1.3010299956639813 0.0006428013812569077
archive 0.0004940711462450593 1.6989700043360187 0.0008394120574782701
vol 0.0004940711462450593 1.6989700043360187 0.0008394120574782701
nine 0.0004940711462450593 0.8239087409443188 0.00040706953603968316
disc 0.0004940711462450593 1.6989700043360187 0.0008394120574782701
box 0.0004940711462450593 1.1549019599857433 0.0005706037351708217
cover 0.0004940711462450593 1.3010299956639813 0.0006428013812569077
lengthy 0.0004940711462450593 1.045757490560675 0.0005166786020556694
autobiography 0.0009881422924901185 1.0 0.0009881422924901185
like 0.0009881422924901185 0.2365720064370627 0.0002337668047797062
along 0.0004940711462450593 0.4202164033831899 0.00020761680009050883
path 0.0004940711462450593 1.0 0.0004940711462450593
filled 0.0004940711462450593 1.1549019599857433 0.0005706037351708217
reflection 0.0004940711462450593 2.0 0.0009881422924901185
eye 0.0004940711462450593 1.2218487496163564 0.0006036802122610456
toward 0.0004940711462450593 0.8860566476931633 0.00043777502356381583
include 0.0004940711462450593 0.619788758288394 0.0003062197422373488
standard 0.0004940711462450593 1.2218487496163564 0.0006036802122610456
americana 0.0004940711462450593 1.6989700043360187 0.0008394120574782701
psychedelic 0.0004940711462450593 2.0 0.0009881422924901185
pill 0.0004940711462450593 2.0 0.0009881422924901185
environmentally 0.0004940711462450593 1.6989700043360187 0.0008394120574782701
themed 0.0004940711462450593 2.0 0.0009881422924901185
storytone 0.0004940711462450593 2.0 0.0009881422924901185
monsanto 0.0004940711462450593 2.0 0.0009881422924901185
published 0.0009881422924901185 0.07058107428570728 6.974414455109415e-05
waging 0.0004940711462450593 1.6989700043360187 0.0008394120574782701
heavy 0.0004940711462450593 2.0 0.0009881422924901185
peace 0.0009881422924901185 0.7695510786217261 0.0007604259670175159
stating 0.0004940711462450593 0.9208187539523752 0.0004549499772491972
intro 0.0004940711462450593 1.6989700043360187 0.0008394120574782701
needed 0.0004940711462450593 0.8860566476931633 0.00043777502356381583
touring 0.0004940711462450593 1.6989700043360187 0.0008394120574782701
longtime 0.0004940711462450593 0.7447274948966939 0.00036794836704382106
already 0.0004940711462450593 1.0 0.0004940711462450593
stage 0.0009881422924901185 0.721246399047171 0.0007126940702047144
book 0.0004940711462450593 0.585026652029182 0.0002890447885519674
wife 0.0004940711462450593 0.3098039199714864 0.00015306517785152487
remains 0.0004940711462450593 1.2218487496163564 0.0006036802122610456
involved 0.0004940711462450593 0.4559319556497244 0.00022526282393761085
global 0.0004940711462450593 0.8239087409443188 0.00040706953603968316
poverty 0.0004940711462450593 1.1549019599857433 0.0005706037351708217
musicares 0.0004940711462450593 2.0 0.0009881422924901185
championing 0.0004940711462450593 2.0 0.0009881422924901185
political 0.0004940711462450593 0.3098039199714864 0.00015306517785152487
cause 0.0004940711462450593 1.045757490560675 0.0005166786020556694
reported 0.0004940711462450593 0.7447274948966939 0.00036794836704382106
veteran 0.0009881422924901185 0.9208187539523752 0.0009098999544983944
rocker 0.0009881422924901185 1.6989700043360187 0.0016788241149565401
secretly 0.0004940711462450593 1.3979400086720377 0.0006906818224664217
daryl 0.0004940711462450593 2.0 0.0009881422924901185
hannah 0.0004940711462450593 1.5228787452803376 0.0007524104472728941
january 0.0004940711462450593 0.2676062401770315 0.00013221652182659658
citizen 0.0004940711462450593 0.9208187539523752 0.0004549499772491972
churning 0.0004940711462450593 2.0 0.0009881422924901185
trail 0.0004940711462450593 1.3010299956639813 0.0006428013812569077
hitchhiker 0.0004940711462450593 2.0 0.0009881422924901185
visitor 0.0004940711462450593 1.6989700043360187 0.0008394120574782701
colorado 0.0004940711462450593 1.3010299956639813 0.0006428013812569077
intended 0.0004940711462450593 1.0 0.0004940711462450593
coronavirus 0.0004940711462450593 1.0 0.0004940711462450593
pandemic 0.0004940711462450593 0.9208187539523752 0.0004549499772491972
torpedoed 0.0004940711462450593 1.5228787452803376 0.0007524104472728941
plan 0.0004940711462450593 0.8239087409443188 0.00040706953603968316
prompting 0.0004940711462450593 1.2218487496163564 0.0006036802122610456
instead 0.0004940711462450593 0.7447274948966939 0.00036794836704382106
fireside 0.0004940711462450593 1.6989700043360187 0.0008394120574782701
session 0.0004940711462450593 1.3010299956639813 0.0006428013812569077
digital 0.0004940711462450593 2.0 0.0009881422924901185
check 0.0004940711462450593 0.07058107428570728 3.487207227554707e-05
strive 0.0004940711462450593 0.07058107428570728 3.487207227554707e-05
accuracy 0.0004940711462450593 0.07058107428570728 3.487207227554707e-05
fairness 0.0004940711462450593 0.07058107428570728 3.487207227554707e-05
something 0.0004940711462450593 0.07058107428570728 3.487207227554707e-05
look 0.0004940711462450593 0.07058107428570728 3.487207227554707e-05
citation 0.0004940711462450593 0.07058107428570728 3.487207227554707e-05
information 0.0004940711462450593 0.07058107428570728 3.487207227554707e-05
article 0.0004940711462450593 0.07058107428570728 3.487207227554707e-05
author 0.0004940711462450593 0.06048074738138145 2.9881792184476997e-05
com 0.0009881422924901185 0.06048074738138145 5.9763584368953994e-05
editor 0.0004940711462450593 0.1023729087095586 5.057950035057243e-05
website 0.0009881422924901185 0.0655015487564323 6.472485054983428e-05
url 0.0004940711462450593 0.07058107428570728 3.487207227554707e-05
access 0.0004940711462450593 0.07058107428570728 3.487207227554707e-05
publisher 0.0004940711462450593 0.07058107428570728 3.487207227554707e-05
e 0.0009881422924901185 0.04575749056067514 4.521491162122049e-05
television 0.0009881422924901185 0.04575749056067514 4.521491162122049e-05
network 0.0009881422924901185 0.04575749056067514 4.521491162122049e-05
updated 0.0004940711462450593 0.07058107428570728 3.487207227554707e-05
original 0.0004940711462450593 0.0655015487564323 3.236242527491714e-05
april 0.0004940711462450593 0.1549019599857432 7.653258892576244e-05
receive 0.0004940711462450593 0.05551732784983141 2.7429509807228955e-05
story 0.0014822134387351778 0.05551732784983141 8.228852942168686e-05
shaped 0.0009881422924901185 0.05551732784983141 5.485901961445791e-05
person 0.004446640316205534 0.05060999335508724 0.00022504443685562512
diamond 0.0009881422924901185 2.0 0.001976284584980237
wrote 0.0004940711462450593 0.5528419686577808 0.0002731432651471249
believer 0.0004940711462450593 2.0 0.0009881422924901185
monkees 0.0004940711462450593 2.0 0.0009881422924901185
performed 0.0009881422924901185 0.7695510786217261 0.0007604259670175159
pop 0.0004940711462450593 0.5686362358410126 0.00028094675683844496
heartlight 0.0004940711462450593 2.0 0.0009881422924901185
caroline 0.0004940711462450593 1.6989700043360187 0.0008394120574782701
armstrong 0.0009881422924901185 1.3979400086720377 0.0013813636449328435
astronaut 0.0004940711462450593 1.5228787452803376 0.0007524104472728941
military 0.0004940711462450593 0.5528419686577808 0.0002731432651471249
pilot 0.0004940711462450593 1.3979400086720377 0.0006906818224664217
educator 0.0004940711462450593 1.6989700043360187 0.0008394120574782701
july 0.0004940711462450593 0.37675070960209955 0.00018614165494174878
becoming 0.0004940711462450593 0.3372421683184259 0.0001666216246632539
patrick 0.0009881422924901185 1.5228787452803376 0.0015048208945457882
harris 0.0009881422924901185 1.045757490560675 0.0010333572041113389
actor 0.0004940711462450593 0.4685210829577449 0.00023148274849690953
tv 0.0004940711462450593 0.5228787452803376 0.0002583393010278348
sitcom 0.0004940711462450593 2.0 0.0009881422924901185
doogie 0.0004940711462450593 2.0 0.0009881422924901185
howser 0.0004940711462450593 2.0 0.0009881422924901185
production 0.0009881422924901185 1.2218487496163564 0.0012073604245220913
rent 0.0004940711462450593 1.5228787452803376 0.0007524104472728941
cabaret 0.0004940711462450593 2.0 0.0009881422924901185
hedwig 0.0004940711462450593 2.0 0.0009881422924901185
inch 0.0004940711462450593 2.0 0.0009881422924901185
simon 0.0009881422924901185 1.6989700043360187 0.0016788241149565401
playwright 0.0004940711462450593 1.5228787452803376 0.0007524104472728941
penned 0.0004940711462450593 1.2218487496163564 0.0006036802122610456
broadway 0.0004940711462450593 1.1549019599857433 0.0005706037351708217
memorable 0.0004940711462450593 1.3010299956639813 0.0006428013812569077
odd 0.0004940711462450593 1.6989700043360187 0.0008394120574782701
couple 0.0004940711462450593 0.40893539297350084 0.00020204317834659132
lost 0.0004940711462450593 0.6989700043360189 0.0003453409112332109
yonkers 0.0004940711462450593 2.0 0.0009881422924901185
teacup 0.0004940711462450593 2.0 0.0009881422924901185
poisoner 0.0004940711462450593 2.0 0.0009881422924901185
responsible 0.0004940711462450593 0.7695510786217261 0.00038021298350875794
killing 0.0004940711462450593 1.045757490560675 0.0005166786020556694
least 0.0004940711462450593 1.045757490560675 0.0005166786020556694
three 0.0004940711462450593 0.2076083105017461 0.00010257327593959787
england 0.0004940711462450593 0.8860566476931633 0.00043777502356381583
andrew 0.0009881422924901185 0.7447274948966939 0.0007358967340876421
activist 0.0004940711462450593 0.494850021680094 0.0002444911174308765
civil 0.0009881422924901185 0.3467874862246563 0.0003426753816449173
movement 0.0004940711462450593 0.48148606012211254 0.00023788836962554966
alongside 0.0004940711462450593 0.7695510786217261 0.00038021298350875794
luther 0.0004940711462450593 0.638272163982407 0.0003153518596751023
king 0.0004940711462450593 0.4685210829577449 0.00023148274849690953
congress 0.0004940711462450593 0.4202164033831899 0.00020761680009050883
mayor 0.0004940711462450593 0.6777807052660807 0.0003348718899535972
atlanta 0.0004940711462450593 0.8239087409443188 0.00040706953603968316
ambassador 0.0004940711462450593 0.8239087409443188 0.00040706953603968316
united 0.0004940711462450593 0.18708664335714445 9.243411233060496e-05
nation 0.0004940711462450593 0.6575773191777938 0.0003248899798309258
whitney 0.0009881422924901185 1.1549019599857433 0.0011412074703416434
leader 0.0004940711462450593 0.37675070960209955 0.00018614165494174878
head 0.0004940711462450593 0.5228787452803376 0.0002583393010278348
national 0.0004940711462450593 0.3010299956639812 0.0001487302350118484
urban 0.0004940711462450593 0.9208187539523752 0.0004549499772491972
league 0.0004940711462450593 0.8239087409443188 0.00040706953603968316
forefront 0.0004940711462450593 1.0969100130080565 0.0005419515874545733
racial 0.0004940711462450593 0.6989700043360189 0.0003453409112332109
integration 0.0004940711462450593 1.1549019599857433 0.0005706037351708217
african 0.0004940711462450593 0.28399665636520083 0.000140314553540119
economic 0.0004940711462450593 0.585026652029182 0.0002890447885519674
empowerment 0.0004940711462450593 1.045757490560675 0.0005166786020556694
degrasse 0.0009881422924901185 1.6989700043360187 0.0016788241149565401
tyson 0.0009881422924901185 1.3010299956639813 0.0012856027625138154
astrophysicist 0.0004940711462450593 2.0 0.0009881422924901185
hosted 0.0004940711462450593 1.2218487496163564 0.0006036802122610456
nova 0.0004940711462450593 2.0 0.0009881422924901185
sciencenow 0.0004940711462450593 2.0 0.0009881422924901185
make 0.0004940711462450593 0.9208187539523752 0.0004549499772491972
medium 0.0004940711462450593 0.5086383061657272 0.0002513035109514463
encourage 0.0004940711462450593 1.1549019599857433 0.0005706037351708217
science 0.0004940711462450593 0.7958800173440752 0.0003932213524427249
space 0.0004940711462450593 1.3979400086720377 0.0006906818224664217
exploration 0.0004940711462450593 1.5228787452803376 0.0007524104472728941
leonard 0.0009881422924901185 1.6989700043360187 0.0016788241149565401
cohen 0.0009881422924901185 1.5228787452803376 0.0015048208945457882
poetic 0.0004940711462450593 2.0 0.0009881422924901185
iconic 0.0004940711462450593 1.045757490560675 0.0005166786020556694
baritone 0.0004940711462450593 2.0 0.0009881422924901185
loading 0.0004940711462450593 0.04575749056067514 2.2607455810610246e-05
logo 0.0004940711462450593 0.04575749056067514 2.2607455810610246e-05
registered 0.0004940711462450593 0.04575749056067514 2.2607455810610246e-05
trademark 0.0004940711462450593 0.04575749056067514 2.2607455810610246e-05
llc 0.0004940711462450593 0.04575749056067514 2.2607455810610246e-05
close 0.001976284584980237 0.04575749056067514 9.042982324244098e-05
