franklin 0.010035122930255895 0.8239087409443188 0.008268025498688597
roosevelt 0.0381334671349724 3.0 0.1144004014049172
vice 0.0015052684395383843 0.5376020021010439 0.0008092353267953496
president 0.009031610637230306 1.0213630516155257 0.009224553401444787
fact 0.002508780732563974 0.14116214857141457 0.00035414487850329797
quote 0.0010035122930255895 0.3872161432802645 0.00038857615983970345
biography 0.0055193176116407425 0.04575749056067514 0.00025255012351601934
skip 0.0005017561465127947 0.04575749056067514 2.295910213781994e-05
main 0.0005017561465127947 0.04575749056067514 2.295910213781994e-05
content 0.0005017561465127947 0.04575749056067514 2.295910213781994e-05
people 0.0035122930255895636 1.744727494896694 0.0061279942118800095
nostalgia 0.0015052684395383843 0.04575749056067514 6.887730641345983e-05
celebrity 0.0015052684395383843 0.04575749056067514 6.887730641345983e-05
history 0.0035122930255895636 0.04575749056067514 0.00016071371496473958
culture 0.0015052684395383843 0.04575749056067514 6.887730641345983e-05
crime 0.0015052684395383843 0.04575749056067514 6.887730641345983e-05
scandal 0.0015052684395383843 0.04575749056067514 6.887730641345983e-05
video 0.0015052684395383843 0.04575749056067514 6.887730641345983e-05
contact 0.0015052684395383843 0.04575749056067514 6.887730641345983e-05
u 0.006021073758153537 0.20065945054641832 0.0012081853520105469
advertise 0.0010035122930255895 0.04575749056067514 4.591820427563988e-05
privacy 0.0015052684395383843 0.04575749056067514 6.887730641345983e-05
notice 0.0010035122930255895 0.04575749056067514 4.591820427563988e-05
term 0.004014049172102358 0.5406075122407692 0.002170025136942375
use 0.0015052684395383843 0.04575749056067514 6.887730641345983e-05
copyright 0.0010035122930255895 0.04575749056067514 4.591820427563988e-05
policy 0.0035122930255895636 0.7670038896078462 0.0026939424120697056
ad 0.0010035122930255895 0.04575749056067514 4.591820427563988e-05
choice 0.0010035122930255895 0.04575749056067514 4.591820427563988e-05
accessibility 0.0010035122930255895 0.04575749056067514 4.591820427563988e-05
support 0.0035122930255895636 0.04575749056067514 0.00016071371496473958
setting 0.0005017561465127947 0.04575749056067514 2.295910213781994e-05
february 0.0010035122930255895 0.04575749056067514 4.591820427563988e-05
subscribe 0.0010035122930255895 0.04575749056067514 4.591820427563988e-05
newsletter 0.0015052684395383843 0.04575749056067514 6.887730641345983e-05
photo 0.0005017561465127947 0.12493873660829993 6.268877903075761e-05
universal 0.0005017561465127947 1.045757490560675 0.0005247152486506147
archive 0.0005017561465127947 1.0969100130080565 0.000550381341198222
getty 0.0005017561465127947 0.2291479883578558 0.00011497641161959647
image 0.0010035122930255895 1.4436974992327127 0.0014487681878903287
quick 0.0005017561465127947 0.07058107428570728 3.541448785032979e-05
name 0.002007024586051179 0.05551732784983141 0.00011142464194647548
birth 0.0010035122930255895 0.07058107428570728 7.082897570065958e-05
date 0.002508780732563974 0.07058107428570728 0.00017707243925164898
january 0.0010035122930255895 0.2676062401770315 0.00026854615170800953
death 0.0030105368790767687 0.2365720064370627 0.000712208749935964
april 0.0015052684395383843 0.1549019599857432 0.0002331690315891769
know 0.002007024586051179 0.4559319556497244 0.0009150666445553925
elected 0.002508780732563974 0.3665315444204135 0.0009195472765188498
four 0.0015052684395383843 0.28399665636520083 0.0004274912037609646
time 0.003512293025589563 0.4791236183116582 0.0016828225429912729
fdr 0.007526342197691922 2.0 0.015052684395383844
unimpressive 0.0005017561465127947 2.0 0.0010035122930255895
c 0.0015052684395383843 0.35654732351381263 0.0005366994332872242
student 0.002007024586051179 1.4559319556497243 0.0029220912306065715
harvard 0.002508780732563974 0.7447274948966939 0.0018683579902074607
wife 0.002007024586051179 0.3098039199714864 0.000621784084237805
eleanor 0.004014049172102358 1.6989700043360187 0.006819749139331735
fifth 0.0010035122930255895 1.2218487496163564 0.0012261402404579592
cousin 0.002007024586051179 2.3979400086720375 0.004812724553280557
education 0.0010035122930255895 0.19382002601611284 0.0001945007787417088
groton 0.002508780732563974 1.6989700043360187 0.004262343212082335
preparatory 0.0010035122930255895 1.6989700043360187 0.0017049372848329338
school 0.002508780732563974 0.14874165128092467 0.0003731601888633333
university 0.002007024586051179 0.2596373105057561 0.0005210984656412566
columbia 0.0010035122930255895 0.8239087409443188 0.0008268025498688597
law 0.002508780732563974 0.3665315444204135 0.0009195472765188498
place 0.0010035122930255895 0.07572071393811834 7.598666727357586e-05
hyde 0.0010035122930255895 1.2218487496163564 0.0012261402404579592
park 0.002007024586051179 2.3767507096020997 0.004770197109086
new 0.01154039136979428 0.14266750356873154 0.0016464388269346842
york 0.007526342197691922 0.3467874862246563 0.002610041291204137
warm 0.002508780732563974 1.5228787452803376 0.0038205688541905107
spring 0.002508780732563974 1.5228787452803376 0.0038205688541905107
georgia 0.002007024586051179 0.721246399047171 0.001447559255488552
cite 0.0005017561465127947 0.07058107428570728 3.541448785032979e-05
page 0.0005017561465127947 0.07058107428570728 3.541448785032979e-05
nothing 0.0005017561465127947 0.958607314841775 0.0004809871123139864
love 0.0010035122930255895 0.5086383061657272 0.0005104247929410208
much 0.002508780732563974 0.37675070960209955 0.0009451849212295523
good 0.0010035122930255895 0.585026652029182 0.0005870814370588881
fight 0.0005017561465127947 0.5376020021010439 0.0002697451089317832
great 0.0035122930255895636 0.5228787452803376 0.0018365033702771518
nation 0.003512293025589563 1.0141246426916064 0.003561902909604237
endure 0.0005017561465127947 1.1549019599857433 0.0005794791570425204
endured 0.0005017561465127947 1.0 0.0005017561465127947
revive 0.0005017561465127947 1.5228787452803376 0.0007641137708381021
prosper 0.0005017561465127947 1.6989700043360187 0.0008524686424164669
first 0.004515805318615153 0.0655015487564323 0.00029579224225182674
let 0.0005017561465127947 0.6777807052660807 0.00034008063485503295
assert 0.0005017561465127947 2.0 0.0010035122930255895
firm 0.0010035122930255895 0.6020599913279624 0.0006041746024364901
belief 0.0005017561465127947 1.045757490560675 0.0005247152486506147
thing 0.0005017561465127947 0.7447274948966939 0.00037367159804149215
fear 0.0010035122930255895 1.045757490560675 0.0010494304973012293
happiness 0.0005017561465127947 1.3010299956639813 0.0006527997971219173
lie 0.0010035122930255895 1.2218487496163564 0.0012261402404579592
mere 0.0005017561465127947 2.0 0.0010035122930255895
possession 0.0005017561465127947 1.3010299956639813 0.0006527997971219173
money 0.0010035122930255895 0.6575773191777938 0.0006598869234097278
joy 0.0005017561465127947 1.6989700043360187 0.0008524686424164669
achievement 0.0010035122930255895 2.0409586076789066 0.002048127052362174
thrill 0.0005017561465127947 2.0 0.0010035122930255895
creative 0.0005017561465127947 1.2218487496163564 0.0006130701202289796
effort 0.002508780732563974 1.391473966422806 0.0034909030768259055
dark 0.0005017561465127947 1.3979400086720377 0.0007014249918073446
day 0.002508780732563974 0.7013652168755644 0.0017595715425879688
worth 0.0005017561465127947 1.3010299956639813 0.0006527997971219173
cost 0.0005017561465127947 1.3010299956639813 0.0006527997971219173
teach 0.0005017561465127947 1.1549019599857433 0.0005794791570425204
true 0.0005017561465127947 0.8239087409443188 0.00041340127493442986
destiny 0.0010035122930255895 2.0 0.002007024586051179
ministered 0.0005017561465127947 2.0 0.0010035122930255895
unto 0.0005017561465127947 2.0 0.0010035122930255895
minister 0.0015052684395383843 0.5376020021010439 0.0008092353267953496
fellow 0.0005017561465127947 0.6020599913279624 0.00030208730121824505
men 0.002007024586051179 0.6777807052660807 0.0013603225394201318
government 0.0035122930255895636 0.494850021680094 0.0017380582798598384
organized 0.0015052684395383843 0.7958800173440752 0.0011980130717672984
dangerous 0.0005017561465127947 1.2218487496163564 0.0006130701202289796
mob 0.0005017561465127947 1.3010299956639813 0.0006527997971219173
test 0.0010035122930255895 2.3979400086720375 0.0024063622766402784
progress 0.0005017561465127947 1.0 0.0005017561465127947
whether 0.0015052684395383843 0.8860566476931633 0.0013337531074156998
add 0.0005017561465127947 1.3010299956639813 0.0006527997971219173
abundance 0.0005017561465127947 2.0 0.0010035122930255895
provide 0.0010035122930255895 0.958607314841775 0.0009619742246279728
enough 0.0010035122930255895 0.6575773191777938 0.0006598869234097278
little 0.0010035122930255895 0.6989700043360189 0.0007014249918073446
freedom 0.0005017561465127947 0.619788758288394 0.0003109828190107345
learn 0.0005017561465127947 1.0 0.0005017561465127947
necessity 0.0005017561465127947 2.0 0.0010035122930255895
guaranteeing 0.0005017561465127947 1.5228787452803376 0.0007641137708381021
man 0.0005017561465127947 0.37675070960209955 0.00018903698424591045
shall 0.0005017561465127947 2.0 0.0010035122930255895
self 0.0010035122930255895 0.6989700043360189 0.0007014249918073446
reliant 0.0005017561465127947 2.0 0.0010035122930255895
free 0.0005017561465127947 0.6989700043360189 0.0003507124959036723
wealth 0.0005017561465127947 1.3010299956639813 0.0006527997971219173
modern 0.0005017561465127947 1.1549019599857433 0.0005794791570425204
world 0.008529854490717512 0.04575749056067514 0.000390304736342939
come 0.0005017561465127947 0.5528419686577808 0.0002773918558242753
merely 0.0005017561465127947 1.6989700043360187 0.0008524686424164669
individual 0.0010035122930255895 0.8239087409443188 0.0008268025498688597
result 0.0010035122930255895 1.8153085691824011 0.0018216844648092333
combination 0.0005017561465127947 1.3979400086720377 0.0007014249918073446
manifold 0.0005017561465127947 2.0 0.0010035122930255895
us 0.0005017561465127947 1.6989700043360187 0.0008524686424164669
community 0.0005017561465127947 0.48148606012211254 0.000241588590126499
put 0.0005017561465127947 1.6989700043360187 0.0008524686424164669
mysterious 0.0005017561465127947 1.5228787452803376 0.0007641137708381021
cycle 0.0005017561465127947 1.3010299956639813 0.0006527997971219173
human 0.0005017561465127947 0.8860566476931633 0.0004445843691385666
event 0.0005017561465127947 0.853871964321762 0.0004284355064333979
generation 0.002508780732563974 1.8860566476931633 0.004731702578256807
given 0.0010035122930255895 0.6777807052660807 0.0006801612697100659
expected 0.0005017561465127947 0.8860566476931633 0.0004445843691385666
american 0.007526342197691922 0.6552148773673394 0.004931371380085345
rendezvous 0.0005017561465127947 2.0 0.0010035122930255895
war 0.01154039136979428 0.35654732351381263 0.004114695655202053
contagion 0.0005017561465127947 2.0 0.0010035122930255895
declared 0.0015052684395383843 0.5528419686577808 0.0008321755674728261
undeclared 0.0005017561465127947 2.0 0.0010035122930255895
engulf 0.0005017561465127947 2.0 0.0010035122930255895
state 0.008529854490717512 0.4930892744484819 0.004205979761979023
remote 0.0005017561465127947 1.6989700043360187 0.0008524686424164669
original 0.0010035122930255895 0.0655015487564323 6.573160938929483e-05
scene 0.0005017561465127947 1.2218487496163564 0.0006130701202289796
hostility 0.0005017561465127947 2.0 0.0010035122930255895
publish 0.0005017561465127947 0.07058107428570728 3.541448785032979e-05
dec 0.0005017561465127947 1.1549019599857433 0.0005794791570425204
comment 0.0010035122930255895 0.07058107428570728 7.082897570065958e-05
deal 0.0030105368790767687 0.5528419686577808 0.0016643511349456522
led 0.0015052684395383843 0.37675070960209955 0.0005671109527377314
depression 0.002508780732563974 1.0969100130080565 0.00275190670599111
presidency 0.002007024586051179 0.4685210829577449 0.0009403333325795181
helped 0.0015052684395383843 0.3372421683184259 0.0005076399924512182
ensure 0.0015052684395383843 1.045757490560675 0.001574145745951844
victory 0.002007024586051179 2.0915149811213505 0.004197721989204918
ii 0.005017561465127948 0.48148606012211254 0.00241588590126499
delano 0.002007024586051179 1.5228787452803376 0.0030564550833524083
nd 0.0005017561465127947 1.0969100130080565 0.000550381341198222
often 0.0005017561465127947 0.5376020021010439 0.0002697451089317832
called 0.0010035122930255895 0.3010299956639812 0.00030208730121824505
united 0.0055193176116407425 0.18708664335714445 0.001032590605583838
greatly 0.0005017561465127947 1.5228787452803376 0.0007641137708381021
expanding 0.0005017561465127947 1.045757490560675 0.0005247152486506147
power 0.0010035122930255895 1.1549019599857433 0.0011589583140850408
federal 0.0005017561465127947 0.6020599913279624 0.00030208730121824505
series 0.0015052684395383843 0.37675070960209955 0.0005671109527377314
program 0.002508780732563974 1.5114492834995557 0.0037918948406913087
reform 0.003512293025589563 2.0177287669604316 0.007086854675726553
known 0.0015052684395383843 0.06048074738138145 9.103976023288728e-05
xa 0.014550928248871048 0.17392519729917358 0.0025307730665710152
stricken 0.0005017561465127947 2.0 0.0010035122930255895
polio 0.002508780732563974 1.3010299956639813 0.0032639989856095867
spent 0.0005017561465127947 0.48148606012211254 0.000241588590126499
adult 0.0010035122930255895 1.9318141382538383 0.0019385992355783624
life 0.0030105368790767683 0.13679614097137055 0.0004118298273096955
wheelchair 0.0015052684395383843 2.0 0.0030105368790767687
whole 0.0005017561465127947 0.958607314841775 0.0004809871123139864
grew 0.0005017561465127947 0.494850021680094 0.0002482940399799769
knowing 0.0005017561465127947 1.3010299956639813 0.0006527997971219173
served 0.0015052684395383843 0.2676062401770315 0.00040281922756201427
unprecedented 0.0010035122930255895 1.3010299956639813 0.0013055995942438346
office 0.002508780732563974 0.31875876262441283 0.0007996958420080603
social 0.0030105368790767687 0.5228787452803376 0.0015741457459518442
reinvented 0.0005017561465127947 2.0 0.0010035122930255895
role 0.0010035122930255895 0.3665315444204135 0.0003678189106075399
established 0.0015052684395383843 0.7447274948966939 0.0011210147941244765
leadership 0.0015052684395383843 0.638272163982407 0.0009607709442785857
stage 0.0005017561465127947 0.721246399047171 0.000361889813872138
early 0.002007024586051179 0.07572071393811834 0.00015197333454715172
born 0.0010035122930255895 0.09151498112135023 9.18364085512797e-05
wealthy 0.0005017561465127947 0.958607314841775 0.0004809871123139864
family 0.0010035122930255895 1.0777937225609837 0.0010815792499357588
child 0.002007024586051179 0.5000381344038097 0.00100358882971161
james 0.0015052684395383843 0.6020599913279624 0.0009062619036547351
sara 0.0005017561465127947 1.2218487496163564 0.0006130701202289796
ann 0.0005017561465127947 1.0969100130080565 0.000550381341198222
distant 0.0005017561465127947 1.6989700043360187 0.0008524686424164669
theodore 0.002508780732563974 1.3979400086720377 0.003507124959036723
prominent 0.0005017561465127947 0.7447274948966939 0.00037367159804149215
several 0.0015052684395383843 0.32790214206428253 0.0004935807457063962
made 0.0010035122930255895 0.1804560644581313 0.00018108987903475292
fortune 0.0015052684395383843 1.0969100130080565 0.001651144023594666
real 0.0005017561465127947 0.6989700043360189 0.0003507124959036723
estate 0.0010035122930255895 0.853871964321762 0.0008568710128667958
trade 0.0005017561465127947 1.1549019599857433 0.0005794791570425204
lived 0.0005017561465127947 0.6020599913279624 0.00030208730121824505
springwood 0.0005017561465127947 2.0 0.0010035122930255895
hudson 0.0005017561465127947 1.5228787452803376 0.0007641137708381021
river 0.0005017561465127947 1.1549019599857433 0.0005794791570425204
valley 0.0005017561465127947 1.6989700043360187 0.0008524686424164669
growing 0.0010035122930255895 0.585026652029182 0.0005870814370588881
surrounded 0.0005017561465127947 1.045757490560675 0.0005247152486506147
privilege 0.0005017561465127947 1.2218487496163564 0.0006130701202289796
sense 0.0005017561465127947 1.045757490560675 0.0005247152486506147
importance 0.0005017561465127947 1.0 0.0005017561465127947
educated 0.0005017561465127947 1.5228787452803376 0.0007641137708381021
tutor 0.0005017561465127947 2.0 0.0010035122930255895
governess 0.0005017561465127947 2.0 0.0010035122930255895
age 0.0015052684395383843 0.11350927482751813 0.00017086192899275183
entire 0.0010035122930255895 1.045757490560675 0.0010494304973012293
household 0.0005017561465127947 1.0 0.0005017561465127947
revolved 0.0005017561465127947 2.0 0.0010035122930255895
around 0.0015052684395383843 0.4559319556497244 0.0006862999834165445
mother 0.0005017561465127947 0.21467016498923297 0.0001077120747562634
dominant 0.0005017561465127947 1.5228787452803376 0.0007641137708381021
figure 0.0005017561465127947 0.6777807052660807 0.00034008063485503295
even 0.0010035122930255895 0.3665315444204135 0.0003678189106075399
adulthood 0.0005017561465127947 2.0 0.0010035122930255895
upbringing 0.0005017561465127947 2.0 0.0010035122930255895
unlike 0.0005017561465127947 1.1549019599857433 0.0005794791570425204
common 0.0005017561465127947 1.0969100130080565 0.000550381341198222
would 0.002508780732563974 0.2291479883578558 0.0005748820580979825
later 0.0015052684395383843 0.09151498112135023 0.00013775461282691958
champion 0.0005017561465127947 1.0969100130080565 0.000550381341198222
attended 0.0010035122930255895 0.5376020021010439 0.0005394902178635664
boy 0.0005017561465127947 1.2218487496163564 0.0006130701202289796
prestigious 0.0005017561465127947 1.1549019599857433 0.0005794791570425204
episcopal 0.0005017561465127947 1.6989700043360187 0.0008524686424164669
massachusetts 0.0005017561465127947 0.7695510786217261 0.000386126983754002
experience 0.002007024586051179 0.619788758288394 0.001243931276042938
difficult 0.0005017561465127947 1.0 0.0005017561465127947
one 0.0035122930255895636 0.08092190762392613 0.0002842214517649187
fit 0.0005017561465127947 1.3010299956639813 0.0006527997971219173
excelled 0.0005017561465127947 1.3010299956639813 0.0006527997971219173
athletics 0.0005017561465127947 1.6989700043360187 0.0008524686424164669
strived 0.0005017561465127947 2.0 0.0010035122930255895
please 0.0005017561465127947 1.2218487496163564 0.0006130701202289796
took 0.002007024586051179 0.28399665636520083 0.0005699882716812861
heart 0.0010035122930255895 0.5228787452803376 0.0005247152486506148
teaching 0.0005017561465127947 1.5228787452803376 0.0007641137708381021
headmaster 0.0005017561465127947 2.0 0.0010035122930255895
endicott 0.0005017561465127947 2.0 0.0010035122930255895
peabody 0.0005017561465127947 2.0 0.0010035122930255895
urged 0.0010035122930255895 1.045757490560675 0.0010494304973012293
help 0.002007024586051179 0.4559319556497244 0.0009150666445553925
le 0.0010035122930255895 0.8239087409443188 0.0008268025498688597
fortunate 0.0005017561465127947 2.0 0.0010035122930255895
public 0.002508780732563974 0.2596373105057561 0.0006513730820515707
service 0.0010035122930255895 0.5086383061657272 0.0005104247929410208
graduating 0.0005017561465127947 0.5528419686577808 0.0002773918558242753
entered 0.0005017561465127947 0.721246399047171 0.000361889813872138
determined 0.0005017561465127947 0.7695510786217261 0.000386126983754002
make 0.0005017561465127947 0.3872161432802645 0.00019428807991985172
something 0.0010035122930255895 0.07058107428570728 7.082897570065958e-05
though 0.0015052684395383843 0.3665315444204135 0.0005517283659113099
member 0.0005017561465127947 0.3010299956639812 0.00015104365060912252
alpha 0.0005017561465127947 2.0 0.0010035122930255895
delta 0.0005017561465127947 1.5228787452803376 0.0007641137708381021
phi 0.0005017561465127947 2.0 0.0010035122930255895
fraternity 0.0005017561465127947 1.5228787452803376 0.0007641137708381021
editor 0.0010035122930255895 1.1481303992702336 0.0011521629696640578
crimson 0.0005017561465127947 2.0 0.0010035122930255895
newspaper 0.0005017561465127947 1.0969100130080565 0.000550381341198222
received 0.0010035122930255895 0.28399665636520083 0.00028499413584064304
degree 0.0010035122930255895 0.5228787452803376 0.0005247152486506148
three 0.0010035122930255895 0.2076083105017461 0.0002083374917227758
year 0.004515805318615153 0.24995468798823245 0.001128746709430051
however 0.0015052684395383843 0.32790214206428253 0.0004935807457063962
general 0.002007024586051179 0.4559319556497244 0.0009150666445553925
consensus 0.0005017561465127947 1.3979400086720377 0.0007014249918073446
contemporary 0.0005017561465127947 1.6989700043360187 0.0008524686424164669
underwhelming 0.0005017561465127947 1.3979400086720377 0.0007014249918073446
average 0.0005017561465127947 1.3979400086720377 0.0007014249918073446
went 0.0010035122930255895 0.32790214206428253 0.0003290538304709308
study 0.0005017561465127947 0.853871964321762 0.0004284355064333979
passed 0.002007024586051179 0.6777807052660807 0.0013603225394201318
bar 0.0005017561465127947 1.3979400086720377 0.0007014249918073446
exam 0.0005017561465127947 2.0 0.0010035122930255895
receive 0.0010035122930255895 0.05551732784983141 5.571232097323774e-05
next 0.002007024586051179 0.07058107428570728 0.00014165795140131917
practiced 0.0005017561465127947 1.6989700043360187 0.0008524686424164669
corporate 0.0010035122930255895 1.0969100130080565 0.001100762682396444
living 0.0010035122930255895 0.619788758288394 0.000621965638021469
typical 0.0005017561465127947 1.3979400086720377 0.0007014249918073446
upper 0.0005017561465127947 1.5228787452803376 0.0007641137708381021
class 0.0005017561465127947 0.44369749923271273 0.00022262794743236965
found 0.0010035122930255895 0.3372421683184259 0.0003384266616341454
practice 0.0005017561465127947 0.9208187539523752 0.0004620264696198571
boring 0.0005017561465127947 2.0 0.0010035122930255895
restrictive 0.0005017561465127947 1.6989700043360187 0.0008524686424164669
set 0.0005017561465127947 0.494850021680094 0.0002482940399799769
sight 0.0005017561465127947 1.3010299956639813 0.0006527997971219173
greater 0.0005017561465127947 1.0969100130080565 0.000550381341198222
accomplishment 0.0005017561465127947 0.8860566476931633 0.0004445843691385666
marriage 0.0005017561465127947 0.5376020021010439 0.0002697451089317832
married 0.0005017561465127947 0.24412514432750856 0.00012249129168465054
niece 0.0005017561465127947 1.6989700043360187 0.0008524686424164669
march 0.0030105368790767687 0.27572413039921095 0.0008300776630181966
couple 0.0005017561465127947 0.40893539297350084 0.00020518584695107918
became 0.0010035122930255895 0.07572071393811834 7.598666727357586e-05
engaged 0.0005017561465127947 1.045757490560675 0.0005247152486506147
last 0.0015052684395383843 0.0655015487564323 9.859741408394224e-05
six 0.0005017561465127947 0.5686362358410126 0.00028531672646312726
anna 0.0005017561465127947 1.3979400086720377 0.0007014249918073446
died 0.0010035122930255895 0.31875876262441283 0.0003198783368032241
infant 0.0005017561465127947 1.1549019599857433 0.0005794791570425204
elliott 0.0005017561465127947 2.0 0.0010035122930255895
jr 0.002007024586051179 0.32790214206428253 0.0006581076609418616
john 0.0035122930255895636 0.37675070960209955 0.0013232588897213733
except 0.0005017561465127947 1.6989700043360187 0.0008524686424164669
chose 0.0005017561465127947 1.2218487496163564 0.0006130701202289796
career 0.002508780732563974 1.6968039425795112 0.004256909038082065
businessman 0.0005017561465127947 0.958607314841775 0.0004809871123139864
politics 0.002007024586051179 0.4685210829577449 0.0009403333325795181
senate 0.002007024586051179 0.5686362358410126 0.001141266905852509
invited 0.0005017561465127947 1.5228787452803376 0.0007641137708381021
run 0.0035122930255895636 0.4559319556497244 0.0016013666279719372
ran 0.0010035122930255895 0.48148606012211254 0.000483177180252998
democrat 0.0015052684395383841 1.5654310959658013 0.002356394023029304
district 0.0005017561465127947 0.721246399047171 0.000361889813872138
voted 0.0005017561465127947 0.853871964321762 0.0004284355064333979
republican 0.0035122930255895636 1.5985994592184558 0.00561474973132423
past 0.0005017561465127947 0.6989700043360189 0.0003507124959036723
hard 0.0005017561465127947 0.638272163982407 0.0003202569814261952
campaigning 0.0005017561465127947 1.1549019599857433 0.0005794791570425204
seat 0.0010035122930255895 0.619788758288394 0.000621965638021469
democratic 0.004014049172102358 0.3872161432802645 0.0015543046393588138
landslide 0.0010035122930255895 1.3979400086720377 0.0014028499836146891
senator 0.0010035122930255895 0.5228787452803376 0.0005247152486506148
opposed 0.0005017561465127947 0.9208187539523752 0.0004620264696198571
element 0.0005017561465127947 1.3010299956639813 0.0006527997971219173
political 0.0055193176116407425 0.3098039199714864 0.001709906231653964
machine 0.0015052684395383843 1.3010299956639813 0.001958399391365752
ire 0.0005017561465127947 1.5228787452803376 0.0007641137708381021
party 0.0005017561465127947 0.3979400086720376 0.0001996688452945497
leader 0.0005017561465127947 0.48148606012211254 0.000241588590126499
gained 0.0005017561465127947 0.853871964321762 0.0004284355064333979
national 0.006021073758153537 0.3010299956639812 0.0018125238073094703
notoriety 0.0005017561465127947 1.2218487496163564 0.0006130701202289796
valuable 0.0010035122930255895 2.0 0.002007024586051179
tactic 0.0010035122930255895 3.3979400086720375 0.0034098745696658677
intrigue 0.0005017561465127947 2.0 0.0010035122930255895
formed 0.0010035122930255895 0.721246399047171 0.000723779627744276
alliance 0.0005017561465127947 1.2218487496163564 0.0006130701202289796
louis 0.0010035122930255895 1.0969100130080565 0.001100762682396444
howe 0.0010035122930255895 2.0 0.002007024586051179
shape 0.0005017561465127947 1.3979400086720377 0.0007014249918073446
chair 0.0010035122930255895 0.958607314841775 0.0009619742246279728
agricultural 0.0015052684395383843 1.5228787452803376 0.0022923413125143064
committee 0.0005017561465127947 0.638272163982407 0.0003202569814261952
passing 0.0015052684395383843 1.045757490560675 0.001574145745951844
farm 0.0010035122930255895 1.0969100130080565 0.001100762682396444
labor 0.0005017561465127947 0.8860566476931633 0.0004445843691385666
bill 0.0005017561465127947 1.3979400086720377 0.0007014249918073446
welfare 0.0005017561465127947 1.2218487496163564 0.0006130701202289796
convention 0.002007024586051179 2.4436974992327127 0.004904560961831837
supported 0.0005017561465127947 0.6989700043360189 0.0003507124959036723
presidential 0.002007024586051179 0.3665315444204135 0.0007356378212150798
candidate 0.0010035122930255895 0.585026652029182 0.0005870814370588881
woodrow 0.0015052684395383843 1.6989700043360187 0.002557405927249401
wilson 0.002007024586051179 1.3010299956639813 0.0026111991884876693
rewarded 0.0005017561465127947 1.6989700043360187 0.0008524686424164669
appointment 0.0005017561465127947 0.958607314841775 0.0004809871123139864
assistant 0.0005017561465127947 0.8860566476931633 0.0004445843691385666
secretary 0.002007024586051179 0.638272163982407 0.0012810279257047807
navy 0.0015052684395383843 0.958607314841775 0.0014429613369419593
job 0.0010035122930255895 1.4225082001627747 0.0014275044657930502
used 0.0010035122930255895 0.5086383061657272 0.0005104247929410208
catapult 0.0005017561465127947 2.0 0.0010035122930255895
energetic 0.0005017561465127947 1.5228787452803376 0.0007641137708381021
efficient 0.0010035122930255895 1.3979400086720377 0.0014028499836146891
administrator 0.0005017561465127947 1.3010299956639813 0.0006527997971219173
specialized 0.0005017561465127947 1.5228787452803376 0.0007641137708381021
business 0.0010035122930255895 1.8538719643217623 0.0018603833058923854
operation 0.0005017561465127947 1.3979400086720377 0.0007014249918073446
working 0.0005017561465127947 0.35654732351381263 0.0001788998110957414
congress 0.002508780732563974 0.4202164033831899 0.0010542308163150774
get 0.0010035122930255895 0.44369749923271273 0.0004452558948647393
budget 0.0010035122930255895 2.0 0.002007024586051179
approved 0.0005017561465127947 1.045757490560675 0.0005247152486506147
system 0.0005017561465127947 1.6989700043360187 0.0008524686424164669
modernized 0.0005017561465127947 1.6989700043360187 0.0008524686424164669
founded 0.0010035122930255895 0.619788758288394 0.000621965638021469
naval 0.0010035122930255895 1.3010299956639813 0.0013055995942438346
reserve 0.0005017561465127947 1.6989700043360187 0.0008524686424164669
restless 0.0005017561465127947 1.6989700043360187 0.0008524686424164669
position 0.0010035122930255895 0.619788758288394 0.000621965638021469
second 0.0010035122930255895 0.19382002601611284 0.0001945007787417088
bos 0.0005017561465127947 1.045757490560675 0.0005247152486506147
josephus 0.0005017561465127947 2.0 0.0010035122930255895
daniel 0.0005017561465127947 1.3979400086720377 0.0007014249918073446
enthusiastic 0.0005017561465127947 2.0 0.0010035122930255895
supporting 0.0005017561465127947 1.0969100130080565 0.000550381341198222
large 0.0005017561465127947 0.8860566476931633 0.0004445843691385666
force 0.0010035122930255895 1.543633966870957 0.001549055661686861
decided 0.0005017561465127947 0.494850021680094 0.0002482940399799769
proposition 0.0005017561465127947 2.0 0.0010035122930255895
doomed 0.0005017561465127947 2.0 0.0010035122930255895
start 0.0005017561465127947 0.7695510786217261 0.000386126983754002
lacked 0.0005017561465127947 1.3979400086720377 0.0007014249918073446
white 0.002007024586051179 0.3872161432802645 0.0007771523196794069
house 0.002007024586051179 0.32790214206428253 0.0006581076609418616
needed 0.0005017561465127947 0.8860566476931633 0.0004445843691385666
election 0.003512293025589563 1.2975694635544748 0.004557444177060372
could 0.0010035122930255895 0.4202164033831899 0.00042169232652603097
many 0.002007024586051179 0.28399665636520083 0.0005699882716812861
enemy 0.0005017561465127947 1.3010299956639813 0.0006527997971219173
among 0.0005017561465127947 0.35654732351381263 0.0001788998110957414
soundly 0.0010035122930255895 2.0 0.002007024586051179
defeated 0.0015052684395383843 0.8239087409443188 0.0012402038248032897
primary 0.0005017561465127947 0.7695510786217261 0.000386126983754002
learned 0.0010035122930255895 0.6989700043360189 0.0007014249918073446
lesson 0.0005017561465127947 1.6989700043360187 0.0008524686424164669
stature 0.0005017561465127947 1.5228787452803376 0.0007641137708381021
defeat 0.0010035122930255895 1.0 0.0010035122930255895
well 0.0005017561465127947 0.20065945054641826 0.00010068211266754554
local 0.0005017561465127947 0.6989700043360189 0.0003507124959036723
organization 0.0005017561465127947 0.6777807052660807 0.00034008063485503295
still 0.0005017561465127947 0.431798275933005 0.00021665743900301304
washington 0.0010035122930255895 0.3979400086720376 0.0003993376905890994
thriving 0.0005017561465127947 1.3010299956639813 0.0006527997971219173
developed 0.0010035122930255895 0.7958800173440752 0.0007986753811781988
personal 0.0010035122930255895 0.3372421683184259 0.0003384266616341454
relationship 0.002007024586051179 1.677780705266081 0.003367347125471311
accepted 0.0005017561465127947 0.619788758288394 0.0003109828190107345
nomination 0.0010035122930255895 0.5086383061657272 0.0005104247929410208
cox 0.0005017561465127947 1.6989700043360187 0.0008524686424164669
running 0.0010035122930255895 0.721246399047171 0.000723779627744276
mate 0.0010035122930255895 1.0 0.0010035122930255895
pair 0.0005017561465127947 0.7958800173440752 0.0003993376905890994
warren 0.0005017561465127947 1.045757490560675 0.0005247152486506147
g 0.0005017561465127947 0.8239087409443188 0.00041340127493442986
harding 0.0005017561465127947 1.6989700043360187 0.0008524686424164669
gave 0.0015052684395383843 0.6020599913279624 0.0009062619036547351
exposure 0.0010035122930255895 1.3979400086720377 0.0014028499836146891
repaired 0.0005017561465127947 2.0 0.0010035122930255895
appeared 0.0005017561465127947 0.721246399047171 0.000361889813872138
nominate 0.0005017561465127947 2.0 0.0010035122930255895
governor 0.0030105368790767687 0.6575773191777938 0.0019796607702291837
al 0.0010035122930255895 0.7447274948966939 0.0007473431960829843
smith 0.0010035122930255895 1.1549019599857433 0.0011589583140850408
increased 0.0015052684395383843 0.9208187539523752 0.0013860794088595713
download 0.0005017561465127947 1.1549019599857433 0.0005794791570425204
card 0.0005017561465127947 1.0969100130080565 0.000550381341198222
affair 0.002007024586051179 1.6903698325741012 0.0033926138134954364
lucy 0.002007024586051179 1.3979400086720377 0.0028056999672293782
mercer 0.002508780732563974 2.0 0.005017561465127948
evolved 0.0005017561465127947 2.0 0.0010035122930255895
discovered 0.0005017561465127947 0.7958800173440752 0.0003993376905890994
ultimatum 0.0005017561465127947 1.5228787452803376 0.0007641137708381021
stop 0.0010035122930255895 1.0 0.0010035122930255895
seeing 0.0010035122930255895 1.3010299956639813 0.0013055995942438346
file 0.0005017561465127947 1.3979400086720377 0.0007014249918073446
divorce 0.0005017561465127947 1.0 0.0005017561465127947
agreed 0.0005017561465127947 0.9208187539523752 0.0004620264696198571
romantically 0.0005017561465127947 1.3010299956639813 0.0006527997971219173
began 0.0015052684395383843 0.20065945054641826 0.0003020463380026366
secretly 0.0005017561465127947 1.3979400086720377 0.0007014249918073446
see 0.0015052684395383843 0.04575749056067514 6.887730641345983e-05
paralysis 0.0005017561465127947 2.0 0.0010035122930255895
diagnosed 0.0005017561465127947 1.0 0.0005017561465127947
vacationing 0.0005017561465127947 1.6989700043360187 0.0008524686424164669
campobello 0.0005017561465127947 2.0 0.0010035122930255895
island 0.0005017561465127947 0.958607314841775 0.0004809871123139864
brunswick 0.0005017561465127947 2.0 0.0010035122930255895
canada 0.0005017561465127947 1.0 0.0005017561465127947
refusing 0.0005017561465127947 1.3979400086720377 0.0007014249918073446
accept 0.0005017561465127947 1.2218487496163564 0.0006130701202289796
permanently 0.0005017561465127947 1.6989700043360187 0.0008524686424164669
paralyzed 0.0005017561465127947 1.6989700043360187 0.0008524686424164669
tried 0.0005017561465127947 0.8239087409443188 0.00041340127493442986
numerous 0.0005017561465127947 0.721246399047171 0.000361889813872138
therapy 0.0005017561465127947 2.0 0.0010035122930255895
bought 0.0005017561465127947 1.1549019599857433 0.0005794791570425204
resort 0.0005017561465127947 1.5228787452803376 0.0007641137708381021
seeking 0.0005017561465127947 0.958607314841775 0.0004809871123139864
cure 0.0005017561465127947 1.5228787452803376 0.0007641137708381021
despite 0.0005017561465127947 0.4202164033831899 0.00021084616326301549
never 0.0010035122930255895 0.431798275933005 0.0004333148780060261
regained 0.0005017561465127947 1.6989700043360187 0.0008524686424164669
leg 0.0005017561465127947 2.0 0.0010035122930255895
foundation 0.0005017561465127947 0.7695510786217261 0.000386126983754002
others 0.0005017561465127947 0.494850021680094 0.0002482940399799769
instituted 0.0010035122930255895 1.3979400086720377 0.0014028499836146891
dime 0.0005017561465127947 2.0 0.0010035122930255895
eventually 0.0005017561465127947 0.3979400086720376 0.0001996688452945497
funded 0.0005017561465127947 1.3010299956639813 0.0006527997971219173
effective 0.0005017561465127947 1.3979400086720377 0.0007014249918073446
vaccine 0.0005017561465127947 1.3979400086720377 0.0007014249918073446
historic 0.0005017561465127947 0.6989700043360189 0.0003507124959036723
landmark 0.0005017561465127947 1.2218487496163564 0.0006130701202289796
resigned 0.0005017561465127947 0.9208187539523752 0.0004620264696198571
victim 0.0005017561465127947 1.5228787452803376 0.0007641137708381021
believing 0.0005017561465127947 1.045757490560675 0.0005247152486506147
confidante 0.0005017561465127947 1.6989700043360187 0.0008524686424164669
encouraged 0.0005017561465127947 0.8239087409443188 0.00041340127493442986
continue 0.0005017561465127947 0.6777807052660807 0.00034008063485503295
worked 0.0010035122930255895 0.3098039199714864 0.0003108920421189025
improve 0.0005017561465127947 1.3010299956639813 0.0006527997971219173
physical 0.0005017561465127947 1.1549019599857433 0.0005794791570425204
taught 0.0005017561465127947 1.0 0.0005017561465127947
walk 0.0005017561465127947 0.8860566476931633 0.0004445843691385666
short 0.0005017561465127947 0.8239087409443188 0.00041340127493442986
distance 0.0005017561465127947 2.0 0.0010035122930255895
brace 0.0005017561465127947 2.0 0.0010035122930255895
careful 0.0005017561465127947 2.0 0.0010035122930255895
seen 0.0005017561465127947 0.619788758288394 0.0003109828190107345
using 0.0005017561465127947 0.7958800173440752 0.0003993376905890994
outgoing 0.0005017561465127947 1.3979400086720377 0.0007014249918073446
narrowly 0.0005017561465127947 1.3010299956639813 0.0006527997971219173
confidence 0.0005017561465127947 1.5228787452803376 0.0007641137708381021
star 0.0005017561465127947 0.32790214206428253 0.0001645269152354654
rising 0.0005017561465127947 0.8860566476931633 0.0004445843691385666
believed 0.0005017561465127947 0.6020599913279624 0.00030208730121824505
progressive 0.0005017561465127947 1.045757490560675 0.0005247152486506147
number 0.0005017561465127947 0.4685210829577449 0.00023508333314487952
read 0.0005017561465127947 0.0655015487564323 3.2865804694647414e-05
bella 0.0005017561465127947 0.0655015487564323 3.2865804694647414e-05
hadid 0.0005017561465127947 0.0655015487564323 3.2865804694647414e-05
sadie 0.0005017561465127947 0.06048074738138145 3.034658674429576e-05
alexander 0.0005017561465127947 0.05551732784983141 2.785616048661887e-05
adrienne 0.0005017561465127947 0.0655015487564323 3.2865804694647414e-05
kennedy 0.0005017561465127947 0.06048074738138145 3.034658674429576e-05
following 0.0005017561465127947 0.2518119729937996 0.00012634820521515282
stock 0.0010035122930255895 1.0969100130080565 0.001100762682396444
market 0.0010035122930255895 0.9208187539523752 0.0009240529392397142
crash 0.0005017561465127947 1.2218487496163564 0.0006130701202289796
blamed 0.0005017561465127947 1.2218487496163564 0.0006130701202289796
sensing 0.0005017561465127947 2.0 0.0010035122930255895
opportunity 0.0005017561465127947 0.8239087409443188 0.00041340127493442986
calling 0.0005017561465127947 0.7958800173440752 0.0003993376905890994
intervention 0.0005017561465127947 1.5228787452803376 0.0007641137708381021
economy 0.0015052684395383843 1.0 0.0015052684395383843
relief 0.0010035122930255895 1.045757490560675 0.0010494304973012293
recovery 0.0010035122930255895 1.0969100130080565 0.001100762682396444
upbeat 0.0005017561465127947 2.0 0.0010035122930255895
positive 0.0005017561465127947 0.8860566476931633 0.0004445843691385666
approach 0.0005017561465127947 1.3979400086720377 0.0007014249918073446
charm 0.0005017561465127947 1.5228787452803376 0.0007641137708381021
incumbent 0.0005017561465127947 0.8860566476931633 0.0004445843691385666
herbert 0.0005017561465127947 1.5228787452803376 0.0007641137708381021
hoover 0.0005017561465127947 1.5228787452803376 0.0007641137708381021
november 0.002007024586051179 0.24412514432750856 0.0004899651667386022
alfred 0.0005017561465127947 1.5228787452803376 0.0007641137708381021
x 0.0010035122930255895 0.4559319556497244 0.00045753332227769627
alf 0.0005017561465127947 2.0 0.0010035122930255895
landon 0.0005017561465127947 2.0 0.0010035122930255895
kansa 0.0015052684395383843 1.2218487496163564 0.0018392103606869388
publicly 0.0005017561465127947 0.619788758288394 0.0003109828190107345
announced 0.0005017561465127947 0.40893539297350084 0.00020518584695107918
third 0.0015052684395383843 0.4202164033831899 0.0006325384897890465
privately 0.0005017561465127947 1.3010299956639813 0.0006527997971219173
middle 0.0005017561465127947 0.585026652029182 0.00029354071852944407
germany 0.002007024586051179 1.2218487496163564 0.0024522804809159185
europe 0.002508780732563974 1.2218487496163564 0.003065350601144898
japan 0.002007024586051179 1.1549019599857433 0.0023179166281700816
dominance 0.0005017561465127947 1.6989700043360187 0.0008524686424164669
asia 0.0015052684395383843 1.1549019599857433 0.0017384374711275615
felt 0.0005017561465127947 0.6020599913279624 0.00030208730121824505
skill 0.0005017561465127947 1.045757490560675 0.0005247152486506147
lead 0.0010035122930255895 0.5228787452803376 0.0005247152486506148
america 0.002508780732563974 0.37675070960209955 0.0009451849212295523
trying 0.0005017561465127947 1.0 0.0005017561465127947
chicago 0.0005017561465127947 0.638272163982407 0.0003202569814261952
swept 0.0005017561465127947 2.0 0.0010035122930255895
aside 0.0005017561465127947 1.0969100130080565 0.000550381341198222
challenger 0.0005017561465127947 2.0 0.0010035122930255895
wendell 0.0005017561465127947 1.6989700043360187 0.0008524686424164669
willkie 0.0005017561465127947 2.0 0.0010035122930255895
end 0.0010035122930255895 0.44369749923271273 0.0004452558948647393
neared 0.0005017561465127947 2.0 0.0010035122930255895
deeply 0.0005017561465127947 1.0969100130080565 0.000550381341198222
involved 0.0005017561465127947 0.4559319556497244 0.00022876666113884813
question 0.0005017561465127947 1.1549019599857433 0.0005794791570425204
fourth 0.0005017561465127947 0.721246399047171 0.000361889813872138
selected 0.0005017561465127947 1.2218487496163564 0.0006130701202289796
missouri 0.0005017561465127947 1.3979400086720377 0.0007014249918073446
harry 0.0010035122930255895 1.3010299956639813 0.0013055995942438346
truman 0.0010035122930255895 1.3979400086720377 0.0014028499836146891
together 0.0005017561465127947 0.431798275933005 0.00021665743900301304
thomas 0.0005017561465127947 0.853871964321762 0.0004284355064333979
e 0.0015052684395383843 0.04575749056067514 6.887730641345983e-05
dewey 0.0005017561465127947 1.6989700043360187 0.0008524686424164669
carrying 0.0005017561465127947 1.6989700043360187 0.0008524686424164669
fireside 0.0010035122930255895 1.6989700043360187 0.0017049372848329338
chat 0.0010035122930255895 2.0 0.002007024586051179
eight 0.0005017561465127947 0.6989700043360189 0.0003507124959036723
taking 0.0010035122930255895 0.6020599913279624 0.0006041746024364901
initiated 0.0005017561465127947 1.2218487496163564 0.0006130701202289796
broadcast 0.0005017561465127947 1.5228787452803376 0.0007641137708381021
live 0.0005017561465127947 0.431798275933005 0.00021665743900301304
radio 0.0005017561465127947 0.8860566476931633 0.0004445843691385666
earnest 0.0005017561465127947 2.0 0.0010035122930255895
accessible 0.0005017561465127947 1.5228787452803376 0.0007641137708381021
speech 0.0005017561465127947 1.045757490560675 0.0005247152486506147
powerful 0.0005017561465127947 0.721246399047171 0.000361889813872138
rally 0.0005017561465127947 1.1549019599857433 0.0005794791570425204
within 0.0015052684395383843 0.8239087409443188 0.0012402038248032897
proposing 0.0010035122930255895 2.0 0.002007024586051179
sweeping 0.0005017561465127947 1.5228787452803376 0.0007641137708381021
economic 0.0010035122930255895 0.585026652029182 0.0005870814370588881
address 0.0005017561465127947 0.7695510786217261 0.000386126983754002
greatest 0.0010035122930255895 0.6777807052660807 0.0006801612697100659
crisis 0.0005017561465127947 0.8860566476931633 0.0004445843691385666
since 0.0010035122930255895 0.3372421683184259 0.0003384266616341454
civil 0.0005017561465127947 0.3467874862246563 0.00017400275274694245
million 0.0005017561465127947 0.5228787452803376 0.0002623576243253074
unemployed 0.0010035122930255895 2.0 0.002007024586051179
hundred 0.0005017561465127947 1.045757490560675 0.0005247152486506147
bank 0.0015052684395383841 2.0 0.0030105368790767683
closed 0.0005017561465127947 1.045757490560675 0.0005247152486506147
ordered 0.0005017561465127947 0.9208187539523752 0.0004620264696198571
temporary 0.0005017561465127947 0.853871964321762 0.0004284355064333979
closure 0.0005017561465127947 1.6989700043360187 0.0008524686424164669
halt 0.0005017561465127947 1.2218487496163564 0.0006130701202289796
deposit 0.0010035122930255895 2.0 0.002007024586051179
brain 0.0005017561465127947 1.0 0.0005017561465127947
trust 0.0005017561465127947 1.3010299956639813 0.0006527997971219173
adviser 0.0015052684395383841 2.2676062401770314 0.003413356106638782
designed 0.0005017561465127947 1.3979400086720377 0.0007014249918073446
alphabet 0.0005017561465127947 1.6989700043360187 0.0008524686424164669
agency 0.0010035122930255895 1.3010299956639813 0.0013055995942438346
aaa 0.0005017561465127947 2.0 0.0010035122930255895
adjustment 0.0005017561465127947 2.0 0.0010035122930255895
administration 0.0010035122930255895 0.6575773191777938 0.0006598869234097278
price 0.0010035122930255895 1.3010299956639813 0.0013055995942438346
reducing 0.0005017561465127947 1.045757490560675 0.0005247152486506147
production 0.0005017561465127947 1.0 0.0005017561465127947
subsidy 0.0005017561465127947 1.1549019599857433 0.0005794791570425204
ccc 0.0005017561465127947 2.0 0.0010035122930255895
civilian 0.0005017561465127947 1.1549019599857433 0.0005794791570425204
conservation 0.0005017561465127947 2.0 0.0010035122930255895
corp 0.0005017561465127947 1.0969100130080565 0.000550381341198222
employ 0.0005017561465127947 1.6989700043360187 0.0008524686424164669
young 0.0005017561465127947 0.3010299956639812 0.00015104365060912252
unmarried 0.0005017561465127947 2.0 0.0010035122930255895
work 0.0005017561465127947 0.2218487496163564 0.00011131397371618484
refurbishing 0.0005017561465127947 2.0 0.0010035122930255895
land 0.0005017561465127947 1.3979400086720377 0.0007014249918073446
nra 0.0005017561465127947 1.3979400086720377 0.0007014249918073446
regulated 0.0010035122930255895 1.6989700043360187 0.0017049372848329338
wage 0.0005017561465127947 2.0 0.0010035122930255895
insured 0.0005017561465127947 1.5228787452803376 0.0007641137708381021
subsidized 0.0005017561465127947 2.0 0.0010035122930255895
mortgage 0.0005017561465127947 2.0 0.0010035122930255895
provided 0.0005017561465127947 0.958607314841775 0.0004809871123139864
showed 0.0005017561465127947 0.8239087409443188 0.00041340127493442986
sign 0.0010035122930255895 2.0555173278498313 0.0020627369070244164
improvement 0.0005017561465127947 1.3010299956639813 0.0006527997971219173
gross 0.0005017561465127947 1.5228787452803376 0.0007641137708381021
product 0.0005017561465127947 1.5228787452803376 0.0007641137708381021
percent 0.0015052684395383843 0.8860566476931633 0.0013337531074156998
unemployment 0.0005017561465127947 1.2218487496163564 0.0006130701202289796
dropped 0.0005017561465127947 0.853871964321762 0.0004284355064333979
faced 0.0005017561465127947 0.7695510786217261 0.000386126983754002
criticism 0.0005017561465127947 0.9208187539523752 0.0004620264696198571
spending 0.0005017561465127947 0.721246399047171 0.000361889813872138
unbalanced 0.0005017561465127947 1.6989700043360187 0.0008524686424164669
perceived 0.0005017561465127947 1.3979400086720377 0.0007014249918073446
move 0.0005017561465127947 0.721246399047171 0.000361889813872138
toward 0.0005017561465127947 0.8860566476931633 0.0004445843691385666
socialism 0.0005017561465127947 2.0 0.0010035122930255895
mid 0.0005017561465127947 0.585026652029182 0.00029354071852944407
act 0.002007024586051179 1.322393047279507 0.0026540753583131093
unconstitutional 0.0005017561465127947 1.1549019599857433 0.0005794791570425204
supreme 0.0005017561465127947 0.585026652029182 0.00029354071852944407
court 0.0010035122930255895 0.4202164033831899 0.00042169232652603097
retaliated 0.0005017561465127947 2.0 0.0010035122930255895
pack 0.0005017561465127947 1.1549019599857433 0.0005794791570425204
justice 0.0005017561465127947 1.1549019599857433 0.0005794791570425204
favorable 0.0005017561465127947 1.5228787452803376 0.0007641137708381021
including 0.0010035122930255895 0.2365720064370627 0.0002374029166453213
rejected 0.0005017561465127947 1.1549019599857433 0.0005794791570425204
idea 0.0005017561465127947 0.8239087409443188 0.00041340127493442986
negative 0.0005017561465127947 1.3010299956639813 0.0006527997971219173
publicity 0.0005017561465127947 1.6989700043360187 0.0008524686424164669
continuing 0.0005017561465127947 1.5228787452803376 0.0007641137708381021
sluggish 0.0005017561465127947 2.0 0.0010035122930255895
midterm 0.0005017561465127947 1.3979400086720377 0.0007014249918073446
virtually 0.0005017561465127947 1.6989700043360187 0.0008524686424164669
ended 0.0010035122930255895 0.5686362358410126 0.0005706334529262545
ability 0.0005017561465127947 0.7958800173440752 0.0003993376905890994
pas 0.0005017561465127947 1.1549019599857433 0.0005794791570425204
legislation 0.0005017561465127947 0.8239087409443188 0.00041340127493442986
foreign 0.002007024586051179 0.7447274948966939 0.0014946863921659686
stepped 0.0005017561465127947 1.0969100130080565 0.000550381341198222
away 0.0005017561465127947 0.5376020021010439 0.0002697451089317832
unilateral 0.0005017561465127947 2.0 0.0010035122930255895
principle 0.0005017561465127947 1.3010299956639813 0.0006527997971219173
monroe 0.0005017561465127947 1.5228787452803376 0.0007641137708381021
doctrine 0.0005017561465127947 2.0 0.0010035122930255895
neighbor 0.0005017561465127947 1.5228787452803376 0.0007641137708381021
latin 0.0005017561465127947 1.3979400086720377 0.0007014249918073446
held 0.0005017561465127947 0.48148606012211254 0.000241588590126499
isolationist 0.0010035122930255895 2.0 0.002007024586051179
neutrality 0.0005017561465127947 2.0 0.0010035122930255895
prevent 0.0005017561465127947 1.0 0.0005017561465127947
becoming 0.0005017561465127947 0.3372421683184259 0.0001692133308170727
entangled 0.0005017561465127947 1.5228787452803376 0.0007641137708381021
conflict 0.0015052684395383841 2.3979400086720375 0.0036095434149604174
military 0.0010035122930255895 0.5528419686577808 0.0005547837116485506
emerged 0.0005017561465127947 1.2218487496163564 0.0006130701202289796
sought 0.0005017561465127947 0.721246399047171 0.000361889813872138
assist 0.0005017561465127947 1.5228787452803376 0.0007641137708381021
china 0.0005017561465127947 1.2218487496163564 0.0006130701202289796
france 0.0015052684395383843 1.2218487496163564 0.0018392103606869388
britain 0.0015052684395383843 1.3010299956639813 0.001958399391365752
line 0.0005017561465127947 0.853871964321762 0.0004284355064333979
defense 0.0005017561465127947 0.7695510786217261 0.000386126983754002
nazi 0.0010035122930255895 1.6989700043360187 0.0017049372848329338
measure 0.0005017561465127947 1.0 0.0005017561465127947
defend 0.0005017561465127947 0.853871964321762 0.0004284355064333979
aggression 0.0005017561465127947 2.0 0.0010035122930255895
lend 0.0010035122930255895 2.0 0.002007024586051179
lease 0.0010035122930255895 2.0 0.002007024586051179
agreement 0.0005017561465127947 0.958607314841775 0.0004809871123139864
raging 0.0005017561465127947 1.6989700043360187 0.0008524686424164669
pushed 0.0005017561465127947 0.7958800173440752 0.0003993376905890994
factory 0.0005017561465127947 2.0 0.0010035122930255895
become 0.0005017561465127947 0.3372421683184259 0.0001692133308170727
arsenal 0.0005017561465127947 2.0 0.0010035122930255895
democracy 0.0005017561465127947 1.0 0.0005017561465127947
ally 0.0010035122930255895 0.958607314841775 0.0009619742246279728
russia 0.0005017561465127947 0.853871964321762 0.0004284355064333979
atrocity 0.0005017561465127947 1.6989700043360187 0.0008524686424164669
sentiment 0.0005017561465127947 2.0 0.0010035122930255895
diminished 0.0005017561465127947 2.0 0.0010035122930255895
advantage 0.0005017561465127947 1.3010299956639813 0.0006527997971219173
standing 0.0005017561465127947 1.0 0.0005017561465127947
axis 0.0005017561465127947 2.0 0.0010035122930255895
italy 0.0010035122930255895 1.3010299956639813 0.0013055995942438346
bipartisan 0.0005017561465127947 1.0 0.0005017561465127947
expanded 0.0005017561465127947 0.9208187539523752 0.0004620264696198571
army 0.0005017561465127947 0.7695510786217261 0.000386126983754002
flow 0.0005017561465127947 1.5228787452803376 0.0007641137708381021
supply 0.0005017561465127947 2.0 0.0010035122930255895
hope 0.0005017561465127947 1.0969100130080565 0.000550381341198222
keeping 0.0005017561465127947 1.045757490560675 0.0005247152486506147
japanese 0.002508780732563974 1.0 0.002508780732563974
attack 0.0005017561465127947 0.7958800173440752 0.0003993376905890994
pearl 0.0005017561465127947 1.1549019599857433 0.0005794791570425204
harbor 0.0005017561465127947 1.2218487496163564 0.0006130701202289796
december 0.0005017561465127947 0.40893539297350084 0.00020518584695107918
internment 0.0015052684395383843 1.6989700043360187 0.002557405927249401
month 0.0005017561465127947 0.431798275933005 0.00021665743900301304
declaring 0.0005017561465127947 1.3979400086720377 0.0007014249918073446
signed 0.0010035122930255895 0.494850021680094 0.0004965880799599538
executive 0.0005017561465127947 0.5528419686577808 0.0002773918558242753
order 0.002007024586051179 0.494850021680094 0.0009931761599199075
ordering 0.0005017561465127947 1.6989700043360187 0.0008524686424164669
person 0.005017561465127948 1.3516399890190685 0.00678193672362804
descent 0.0010035122930255895 1.5228787452803376 0.0015282275416762042
leave 0.0010035122930255895 0.6575773191777938 0.0006598869234097278
west 0.0010035122930255895 0.7695510786217261 0.000772253967508004
coast 0.0010035122930255895 1.3010299956639813 0.0013055995942438346
citizen 0.0005017561465127947 0.721246399047171 0.000361889813872138
sent 0.0005017561465127947 0.853871964321762 0.0004284355064333979
camp 0.0010035122930255895 1.5228787452803376 0.0015282275416762042
located 0.0005017561465127947 1.6989700043360187 0.0008524686424164669
inland 0.0005017561465127947 2.0 0.0010035122930255895
oddly 0.0005017561465127947 2.0 0.0010035122930255895
applied 0.0005017561465127947 1.2218487496163564 0.0006130701202289796
hawaii 0.0005017561465127947 1.0 0.0005017561465127947
population 0.0005017561465127947 1.1549019599857433 0.0005794791570425204
italian 0.0005017561465127947 1.3010299956639813 0.0006527997971219173
german 0.0005017561465127947 1.045757490560675 0.0005247152486506147
ancestry 0.0005017561465127947 1.3010299956639813 0.0006527997971219173
nearly 0.0005017561465127947 0.721246399047171 0.000361889813872138
along 0.0005017561465127947 0.4202164033831899 0.00021084616326301549
forced 0.0005017561465127947 0.721246399047171 0.000361889813872138
quit 0.0005017561465127947 1.1549019599857433 0.0005794791570425204
sell 0.0005017561465127947 1.3010299956639813 0.0006527997971219173
property 0.0005017561465127947 1.3010299956639813 0.0006527997971219173
tremendous 0.0005017561465127947 1.3010299956639813 0.0006527997971219173
loss 0.0005017561465127947 0.7447274948966939 0.00037367159804149215
turned 0.0005017561465127947 0.638272163982407 0.0003202569814261952
upside 0.0005017561465127947 1.6989700043360187 0.0008524686424164669
home 0.0005017561465127947 1.2218487496163564 0.0006130701202289796
neighborhood 0.0005017561465127947 1.5228787452803376 0.0007641137708381021
transported 0.0005017561465127947 1.6989700043360187 0.0008524686424164669
commander 0.0010035122930255895 0.958607314841775 0.0009619742246279728
chief 0.0010035122930255895 0.5686362358410126 0.0005706334529262545
sometimes 0.0005017561465127947 0.958607314841775 0.0004809871123139864
develop 0.0005017561465127947 1.1549019599857433 0.0005794791570425204
strategy 0.0005017561465127947 1.0969100130080565 0.000550381341198222
defeating 0.0005017561465127947 1.3010299956639813 0.0006527997971219173
invasion 0.0010035122930255895 3.3979400086720375 0.0034098745696658677
north 0.0005017561465127947 0.6777807052660807 0.00034008063485503295
africa 0.0005017561465127947 0.7447274948966939 0.00037367159804149215
sicily 0.0005017561465127947 1.5228787452803376 0.0007641137708381021
followed 0.0005017561465127947 0.5528419686577808 0.0002773918558242753
allied 0.0005017561465127947 1.3010299956639813 0.0006527997971219173
rolled 0.0005017561465127947 1.6989700043360187 0.0008524686424164669
back 0.0005017561465127947 0.4202164033831899 0.00021084616326301549
eastern 0.0005017561465127947 1.3010299956639813 0.0006527997971219173
pacific 0.0005017561465127947 1.3979400086720377 0.0007014249918073446
promoted 0.0010035122930255895 0.8860566476931633 0.0008891687382771332
formation 0.0005017561465127947 2.0 0.0010035122930255895
yalta 0.0005017561465127947 2.0 0.0010035122930255895
conference 0.0010035122930255895 0.7958800173440752 0.0007986753811781988
british 0.0005017561465127947 0.6989700043360189 0.0003507124959036723
prime 0.0005017561465127947 0.7958800173440752 0.0003993376905890994
winston 0.0005017561465127947 2.0 0.0010035122930255895
churchill 0.0005017561465127947 2.0 0.0010035122930255895
soviet 0.0005017561465127947 1.3010299956639813 0.0006527997971219173
joseph 0.0005017561465127947 0.585026652029182 0.00029354071852944407
stalin 0.0005017561465127947 2.0 0.0010035122930255895
discus 0.0005017561465127947 1.1549019599857433 0.0005794791570425204
post 0.0005017561465127947 0.6989700043360189 0.0003507124959036723
reorganization 0.0005017561465127947 2.0 0.0010035122930255895
returned 0.0005017561465127947 0.5086383061657272 0.0002552123964705104
sanctuary 0.0005017561465127947 1.6989700043360187 0.0008524686424164669
afternoon 0.0005017561465127947 2.0 0.0010035122930255895
suffered 0.0005017561465127947 0.6575773191777938 0.0003299434617048639
massive 0.0005017561465127947 1.0 0.0005017561465127947
cerebral 0.0005017561465127947 1.6989700043360187 0.0008524686424164669
hemorrhage 0.0005017561465127947 1.6989700043360187 0.0008524686424164669
stress 0.0005017561465127947 1.3979400086720377 0.0007014249918073446
taken 0.0005017561465127947 0.6989700043360189 0.0003507124959036723
toll 0.0005017561465127947 2.0 0.0010035122930255895
health 0.0005017561465127947 0.5528419686577808 0.0002773918558242753
hospital 0.0005017561465127947 0.8239087409443188 0.00041340127493442986
indicated 0.0005017561465127947 1.5228787452803376 0.0007641137708381021
atherosclerosis 0.0005017561465127947 2.0 0.0010035122930255895
coronary 0.0005017561465127947 2.0 0.0010035122930255895
artery 0.0005017561465127947 1.6989700043360187 0.0008524686424164669
disease 0.0005017561465127947 0.8860566476931633 0.0004445843691385666
congestive 0.0005017561465127947 1.6989700043360187 0.0008524686424164669
failure 0.0005017561465127947 0.9208187539523752 0.0004620264696198571
side 0.0005017561465127947 0.585026652029182 0.00029354071852944407
two 0.0005017561465127947 0.11918640771920867 5.980251265389296e-05
laura 0.0005017561465127947 1.6989700043360187 0.0008524686424164669
margaret 0.0005017561465127947 1.3979400086720377 0.0007014249918073446
suckley 0.0005017561465127947 2.0 0.0010035122930255895
former 0.0005017561465127947 0.27572413039921095 0.0001383462771696994
mistress 0.0005017561465127947 1.6989700043360187 0.0008524686424164669
rutherford 0.0005017561465127947 1.6989700043360187 0.0008524686424164669
widow 0.0005017561465127947 1.1549019599857433 0.0005794791570425204
maintained 0.0005017561465127947 1.0969100130080565 0.000550381341198222
hour 0.0005017561465127947 0.9208187539523752 0.0004620264696198571
summoned 0.0005017561465127947 1.6989700043360187 0.0008524686424164669
oath 0.0005017561465127947 1.1549019599857433 0.0005794791570425204
sudden 0.0005017561465127947 1.5228787452803376 0.0007641137708381021
shook 0.0005017561465127947 1.6989700043360187 0.0008524686424164669
core 0.0005017561465127947 1.045757490560675 0.0005247152486506147
noticed 0.0005017561465127947 1.2218487496163564 0.0006130701202289796
looked 0.0005017561465127947 1.2218487496163564 0.0006130701202289796
exhausted 0.0005017561465127947 1.5228787452803376 0.0007641137708381021
photograph 0.0005017561465127947 1.6989700043360187 0.0008524686424164669
newsreel 0.0005017561465127947 2.0 0.0010035122930255895
seemed 0.0005017561465127947 0.9208187539523752 0.0004620264696198571
prepared 0.0005017561465127947 1.045757490560675 0.0005247152486506147
legacy 0.0005017561465127947 0.6989700043360189 0.0003507124959036723
annals 0.0005017561465127947 2.0 0.0010035122930255895
regarded 0.0005017561465127947 1.3010299956639813 0.0006527997971219173
ever 0.0005017561465127947 0.6989700043360189 0.0003507124959036723
routinely 0.0005017561465127947 1.6989700043360187 0.0008524686424164669
mentioned 0.0005017561465127947 1.5228787452803376 0.0007641137708381021
alongside 0.0005017561465127947 0.7695510786217261 0.000386126983754002
george 0.0005017561465127947 0.4685210829577449 0.00023508333314487952
abraham 0.0005017561465127947 1.0969100130080565 0.000550381341198222
lincoln 0.0005017561465127947 0.9208187539523752 0.0004620264696198571
courage 0.0005017561465127947 0.958607314841775 0.0004809871123139864
worst 0.0005017561465127947 1.5228787452803376 0.0007641137708381021
remembered 0.0010035122930255895 1.0 0.0010035122930255895
lasting 0.0005017561465127947 1.2218487496163564 0.0006130701202289796
biographer 0.0005017561465127947 2.0 0.0010035122930255895
noted 0.0005017561465127947 1.0 0.0005017561465127947
lifted 0.0005017561465127947 1.045757490560675 0.0005247152486506147
lift 0.0005017561465127947 1.3979400086720377 0.0007014249918073446
knee 0.0005017561465127947 2.0 0.0010035122930255895
watch 0.0005017561465127947 1.2218487496163564 0.0006130701202289796
vault 0.0005017561465127947 2.0 0.0010035122930255895
check 0.0005017561465127947 0.07058107428570728 3.541448785032979e-05
strive 0.0005017561465127947 0.07058107428570728 3.541448785032979e-05
accuracy 0.0005017561465127947 0.07058107428570728 3.541448785032979e-05
fairness 0.0005017561465127947 0.07058107428570728 3.541448785032979e-05
look 0.0005017561465127947 0.07058107428570728 3.541448785032979e-05
right 0.0005017561465127947 0.07058107428570728 3.541448785032979e-05
citation 0.0005017561465127947 0.07058107428570728 3.541448785032979e-05
information 0.0005017561465127947 0.07058107428570728 3.541448785032979e-05
article 0.0005017561465127947 0.07058107428570728 3.541448785032979e-05
title 0.0005017561465127947 0.07058107428570728 3.541448785032979e-05
author 0.0005017561465127947 0.06048074738138145 3.034658674429576e-05
com 0.0010035122930255895 0.06048074738138145 6.069317348859152e-05
website 0.0010035122930255895 0.0655015487564323 6.573160938929483e-05
url 0.0005017561465127947 0.07058107428570728 3.541448785032979e-05
access 0.0005017561465127947 0.07058107428570728 3.541448785032979e-05
publisher 0.0010035122930255895 0.07058107428570728 7.082897570065958e-05
television 0.0010035122930255895 0.04575749056067514 4.591820427563988e-05
network 0.0010035122930255895 0.04575749056067514 4.591820427563988e-05
updated 0.0005017561465127947 0.07058107428570728 3.541448785032979e-05
published 0.0005017561465127947 0.07058107428570728 3.541448785032979e-05
story 0.0015052684395383843 0.05551732784983141 8.356848145985661e-05
shaped 0.0010035122930255895 0.05551732784983141 5.571232097323774e-05
dwight 0.0010035122930255895 1.5228787452803376 0.0015282275416762042
eisenhower 0.0010035122930255895 1.5228787452803376 0.0015282275416762042
th 0.002007024586051179 0.2076083105017461 0.0004166749834455516
atom 0.0005017561465127947 1.5228787452803376 0.0007641137708381021
peace 0.0010035122930255895 0.7695510786217261 0.000772253967508004
assembly 0.0005017561465127947 0.8239087409443188 0.00041340127493442986
ease 0.0005017561465127947 1.3010299956639813 0.0006527997971219173
cold 0.0005017561465127947 1.045757490560675 0.0005247152486506147
tension 0.0005017561465127947 1.0969100130080565 0.000550381341198222
changed 0.0005017561465127947 0.6989700043360189 0.0003507124959036723
lady 0.0005017561465127947 0.6575773191777938 0.0003299434617048639
active 0.0005017561465127947 0.8239087409443188 0.00041340127493442986
participation 0.0005017561465127947 1.1549019599857433 0.0005794791570425204
benjamin 0.0010035122930255895 0.958607314841775 0.0009619742246279728
best 0.0005017561465127947 0.13667713987954408 6.857859502235026e-05
founding 0.0005017561465127947 0.6777807052660807 0.00034008063485503295
father 0.0005017561465127947 1.3979400086720377 0.0007014249918073446
respected 0.0005017561465127947 1.3979400086720377 0.0007014249918073446
inventor 0.0005017561465127947 1.5228787452803376 0.0007641137708381021
scientist 0.0005017561465127947 1.6989700043360187 0.0008524686424164669
diplomat 0.0005017561465127947 1.2218487496163564 0.0006130701202289796
ecological 0.0005017561465127947 2.0 0.0010035122930255895
preservation 0.0005017561465127947 2.0 0.0010035122930255895
pierce 0.0010035122930255895 1.5228787452803376 0.0015282275416762042
nebraska 0.0005017561465127947 2.0 0.0010035122930255895
prompting 0.0005017561465127947 1.2218487496163564 0.0006130701202289796
bloody 0.0005017561465127947 1.1549019599857433 0.0005794791570425204
slavery 0.0005017561465127947 1.0 0.0005017561465127947
status 0.0005017561465127947 0.8860566476931633 0.0004445843691385666
ralph 0.0010035122930255895 1.1549019599857433 0.0011589583140850408
abernathy 0.0010035122930255895 1.3010299956639813 0.0013055995942438346
baptist 0.0005017561465127947 0.8860566476931633 0.0004445843691385666
co 0.0005017561465127947 0.4202164033831899 0.00021084616326301549
southern 0.0005017561465127947 0.6575773191777938 0.0003299434617048639
christian 0.0005017561465127947 0.9208187539523752 0.0004620264696198571
close 0.002508780732563974 0.04575749056067514 0.0001147955106890997
martin 0.0005017561465127947 0.5686362358410126 0.00028531672646312726
luther 0.0005017561465127947 0.638272163982407 0.0003202569814261952
king 0.0005017561465127947 0.4685210829577449 0.00023508333314487952
crafted 0.0005017561465127947 1.6989700043360187 0.0008524686424164669
versailles 0.0005017561465127947 1.6989700043360187 0.0008524686424164669
treaty 0.0005017561465127947 1.0969100130080565 0.000550381341198222
fourteen 0.0005017561465127947 1.6989700043360187 0.0008524686424164669
point 0.0005017561465127947 1.0969100130080565 0.000550381341198222
creating 0.0005017561465127947 1.0 0.0005017561465127947
league 0.0005017561465127947 0.8239087409443188 0.00041340127493442986
rockefeller 0.0030105368790767687 1.3010299956639813 0.003916798782731504
philanthropist 0.0005017561465127947 0.958607314841775 0.0004809871123139864
son 0.0005017561465127947 0.28399665636520083 0.00014249706792032152
heir 0.0005017561465127947 1.0969100130080565 0.000550381341198222
building 0.0005017561465127947 0.853871964321762 0.0004284355064333979
center 0.0005017561465127947 0.585026652029182 0.00029354071852944407
city 0.0005017561465127947 0.3665315444204135 0.00018390945530376995
head 0.0005017561465127947 0.5228787452803376 0.0002623576243253074
standard 0.0005017561465127947 2.0 0.0010035122930255895
oil 0.0005017561465127947 1.0 0.0005017561465127947
company 0.0005017561465127947 0.494850021680094 0.0002482940399799769
richest 0.0005017561465127947 1.5228787452803376 0.0007641137708381021
fund 0.0005017561465127947 1.0969100130080565 0.000550381341198222
ongoing 0.0005017561465127947 1.2218487496163564 0.0006130701202289796
philanthropic 0.0005017561465127947 1.3979400086720377 0.0007014249918073446
cause 0.0005017561465127947 1.045757490560675 0.0005247152486506147
loading 0.0005017561465127947 0.04575749056067514 2.295910213781994e-05
logo 0.0005017561465127947 0.04575749056067514 2.295910213781994e-05
registered 0.0005017561465127947 0.04575749056067514 2.295910213781994e-05
trademark 0.0005017561465127947 0.04575749056067514 2.295910213781994e-05
llc 0.0005017561465127947 0.04575749056067514 2.295910213781994e-05
