jimmy 0.005149330587023687 1.045757490560675 0.005384951032753218
carter 0.05252317198764161 3.221848749616356 0.16922171599426794
age 0.001544799176107106 0.11350927482751813 0.0001753490342340651
presidency 0.007209062821833162 0.4685210829577449 0.0033775979203956893
fact 0.001544799176107106 0.14116214857141457 0.0002180671708106301
biography 0.005149330587023687 0.04575749056067514 0.00023562044572953217
skip 0.0005149330587023687 0.04575749056067514 2.3562044572953214e-05
main 0.0010298661174047373 0.04575749056067514 4.712408914590643e-05
content 0.0005149330587023687 0.04575749056067514 2.3562044572953214e-05
people 0.003089598352214212 0.04575749056067514 0.00014137226743771928
nostalgia 0.001544799176107106 0.04575749056067514 7.068613371885964e-05
celebrity 0.001544799176107106 0.04575749056067514 7.068613371885964e-05
history 0.003604531410916581 0.04575749056067514 0.0001649343120106725
culture 0.001544799176107106 0.04575749056067514 7.068613371885964e-05
crime 0.001544799176107106 0.04575749056067514 7.068613371885964e-05
scandal 0.0025746652935118436 0.04575749056067514 0.00011781022286476608
video 0.001544799176107106 0.04575749056067514 7.068613371885964e-05
contact 0.001544799176107106 0.04575749056067514 7.068613371885964e-05
u 0.003604531410916581 0.20065945054641832 0.0007232832923918271
advertise 0.0010298661174047373 0.04575749056067514 4.712408914590643e-05
privacy 0.001544799176107106 0.04575749056067514 7.068613371885964e-05
notice 0.0010298661174047373 0.04575749056067514 4.712408914590643e-05
term 0.003604531410916581 0.5406075122407692 0.0019486367588493227
use 0.0010298661174047373 0.04575749056067514 4.712408914590643e-05
copyright 0.0010298661174047373 0.04575749056067514 4.712408914590643e-05
policy 0.0036045314109165805 0.7670038896078462 0.0027646896123866747
ad 0.0010298661174047373 0.04575749056067514 4.712408914590643e-05
choice 0.001544799176107106 0.9318141382538384 0.0014394657130594826
accessibility 0.0010298661174047373 0.04575749056067514 4.712408914590643e-05
support 0.001544799176107106 0.04575749056067514 7.068613371885964e-05
setting 0.0005149330587023687 0.04575749056067514 2.3562044572953214e-05
february 0.0005149330587023687 0.04575749056067514 2.3562044572953214e-05
subscribe 0.0010298661174047373 0.04575749056067514 4.712408914590643e-05
newsletter 0.001544799176107106 0.04575749056067514 7.068613371885964e-05
photo 0.001544799176107106 1.0457574905606752 0.0016154853098259657
universal 0.0005149330587023687 1.045757490560675 0.0005384951032753218
image 0.001544799176107106 0.2218487496163564 0.000342711765627739
group 0.001544799176107106 0.37675070960209955 0.000582004185791091
via 0.0005149330587023687 0.5086383061657272 0.0002619146787671098
getty 0.0005149330587023687 0.2291479883578558 0.00011799587454060546
quick 0.0005149330587023687 0.07058107428570728 3.634452846843835e-05
name 0.001544799176107106 0.05551732784983141 8.576312232208765e-05
birth 0.0010298661174047373 0.07058107428570728 7.26890569368767e-05
date 0.0020597322348094747 0.07058107428570728 0.0001453781138737534
october 0.0010298661174047373 0.37675070960209955 0.00038800279052739396
education 0.0036045314109165805 2.193820026016113 0.00790769319367291
georgia 0.006694129763130793 0.721246399047171 0.004828116986412576
southwestern 0.0010298661174047373 2.0 0.0020597322348094747
college 0.0010298661174047373 0.40893539297350084 0.00042114870543099984
naval 0.001544799176107106 1.3010299956639813 0.00200983006539235
academy 0.0010298661174047373 0.6020599913279624 0.0006200411857136584
institute 0.0010298661174047373 0.853871964321762 0.0008793738046568095
technology 0.0010298661174047373 1.3010299956639813 0.0013398867102615666
place 0.0010298661174047373 0.07572071393811834 7.798219767056472e-05
plain 0.003089598352214212 2.0 0.006179196704428424
full 0.0005149330587023687 0.3010299956639812 0.0001550102964284146
james 0.0020597322348094747 0.6020599913279624 0.0012400823714273168
earl 0.001544799176107106 1.3979400086720377 0.0021595365736437246
jr 0.0010298661174047373 0.32790214206428253 0.00033769530593643927
zodiac 0.0005149330587023687 0.3010299956639812 0.0001550102964284146
sign 0.001544799176107106 0.05551732784983141 8.576312232208765e-05
libra 0.0005149330587023687 1.3979400086720377 0.0007198455245479081
early 0.0020597322348094747 0.07572071393811834 0.00015596439534112943
life 0.005149330587023687 0.13679614097137055 0.0007044085528906826
national 0.001544799176107106 0.3010299956639812 0.00046503088928524387
stage 0.0010298661174047373 0.721246399047171 0.0007427872286788579
humanitarian 0.001544799176107106 1.3979400086720377 0.0021595365736437246
legacy 0.0010298661174047373 0.6989700043360189 0.0007198455245479081
cite 0.0005149330587023687 0.07058107428570728 3.634452846843835e-05
page 0.0005149330587023687 0.07058107428570728 3.634452846843835e-05
publish 0.0005149330587023687 0.07058107428570728 3.634452846843835e-05
mar 0.0005149330587023687 0.958607314841775 0.0004936185967259397
comment 0.0010298661174047373 0.07058107428570728 7.26890569368767e-05
th 0.003604531410916581 0.2076083105017461 0.0007483306763708665
president 0.009783728115345006 1.0213630516155257 0.009992738404065392
united 0.006694129763130793 0.18708664335714445 0.0012523822675812965
state 0.008238928939237899 0.4930892744484819 0.004062527492881416
later 0.003089598352214212 0.09151498112135023 0.0002827445348754384
awarded 0.0010298661174047373 0.8239087409443188 0.0008485156961321512
nobel 0.0020597322348094747 1.0969100130080565 0.002259340912477974
peace 0.004119464469618949 0.7695510786217261 0.0031701383259391393
prize 0.001544799176107106 0.853871964321762 0.0013190607069852142
served 0.0010298661174047373 0.2676062401770315 0.00027559859956439905
nation 0.001544799176107106 1.0141246426916064 0.0015666189124999069
chief 0.0005149330587023687 0.5686362358410126 0.00029280959621061413
executive 0.0005149330587023687 0.5528419686577808 0.0002846766058999901
time 0.0025746652935118436 0.4791236183116582 0.001233582951368842
serious 0.0005149330587023687 0.958607314841775 0.0004936185967259397
problem 0.0010298661174047373 0.7958800173440752 0.0008196498633821577
home 0.0020597322348094747 0.31875876262441283 0.0006565576985054847
abroad 0.0005149330587023687 1.045757490560675 0.0005384951032753218
perceived 0.0005149330587023687 1.3979400086720377 0.0007198455245479081
mishandling 0.0005149330587023687 2.0 0.0010298661174047373
issue 0.0025746652935118436 1.3979400086720377 0.0035992276227395413
led 0.0020597322348094747 0.37675070960209955 0.0007760055810547879
defeat 0.0005149330587023687 1.0 0.0005149330587023687
bid 0.0005149330587023687 0.6020599913279624 0.0003100205928568292
reelection 0.0005149330587023687 1.0 0.0005149330587023687
turned 0.0010298661174047373 0.638272163982407 0.0006573348753680814
diplomacy 0.0005149330587023687 1.6989700043360187 0.0008748558209763227
advocacy 0.0005149330587023687 1.2218487496163564 0.000629170313911615
xa 0.006694129763130793 0.17392519729917358 0.0011642778397987932
born 0.001544799176107106 0.09151498112135023 0.0001413722674377192
father 0.005664263645726055 0.14874165128092467 0.000842511927955804
sr 0.0005149330587023687 1.0969100130080565 0.0005648352281194935
hardworking 0.0005149330587023687 1.3979400086720377 0.0007198455245479081
peanut 0.001544799176107106 2.0 0.003089598352214212
farmer 0.0010298661174047373 1.045757490560675 0.0010769902065506437
owned 0.0005149330587023687 1.045757490560675 0.0005384951032753218
small 0.001544799176107106 0.721246399047171 0.001114180843018287
plot 0.0005149330587023687 1.3010299956639813 0.0006699433551307833
land 0.0005149330587023687 0.853871964321762 0.00043968690232840476
well 0.001544799176107106 0.20065945054641826 0.0003099785538822115
warehouse 0.0005149330587023687 1.6989700043360187 0.0008748558209763227
store 0.001544799176107106 2.920818753952375 0.004512078404663813
mother 0.0010298661174047373 0.21467016498923297 0.00022108152934009574
bessie 0.0005149330587023687 1.6989700043360187 0.0008748558209763227
lillian 0.0005149330587023687 2.0 0.0010298661174047373
gordy 0.0005149330587023687 1.5228787452803376 0.0007841806103400296
registered 0.0010298661174047373 0.04575749056067514 4.712408914590643e-05
nurse 0.0005149330587023687 1.5228787452803376 0.0007841806103400296
crossed 0.0005149330587023687 1.2218487496163564 0.000629170313911615
racial 0.001544799176107106 0.6989700043360189 0.0010797682868218623
divide 0.0005149330587023687 2.0 0.0010298661174047373
counsel 0.0005149330587023687 0.958607314841775 0.0004936185967259397
black 0.003089598352214212 0.3872161432802645 0.0011963423582294474
woman 0.0010298661174047373 0.7958800173440752 0.0008196498633821577
health 0.0010298661174047373 0.5528419686577808 0.0005693532117999802
care 0.001544799176107106 0.5376020021010439 0.0008304871299192234
four 0.0020597322348094747 0.28399665636520083 0.0005849570676935135
year 0.004634397528321318 0.24995468798823245 0.0011583893882049908
old 0.001544799176107106 0.28399665636520083 0.00043871780077013513
family 0.003604531410916581 0.11918640771920867 0.0004296111503781981
relocated 0.0005149330587023687 1.2218487496163564 0.000629170313911615
archery 0.0005149330587023687 2.0 0.0010298661174047373
town 0.0010298661174047373 0.9208187539523752 0.0009483200349664009
approximately 0.0005149330587023687 1.3010299956639813 0.0006699433551307833
two 0.003089598352214212 0.11918640771920867 0.00036823812889559836
mile 0.0005149330587023687 1.3010299956639813 0.0006699433551307833
sparsely 0.0005149330587023687 2.0 0.0010298661174047373
populated 0.0005149330587023687 2.0 0.0010298661174047373
deeply 0.0010298661174047373 1.0969100130080565 0.001129670456238987
rural 0.003089598352214212 1.045757490560675 0.003230970619651931
mule 0.0005149330587023687 2.0 0.0010298661174047373
drawn 0.0005149330587023687 1.1549019599857433 0.0005946971987568194
wagon 0.0005149330587023687 2.0 0.0010298661174047373
remained 0.0005149330587023687 0.585026652029182 0.000301249563351793
dominant 0.0005149330587023687 1.5228787452803376 0.0007841806103400296
mode 0.0005149330587023687 2.0 0.0010298661174047373
transportation 0.0005149330587023687 1.2218487496163564 0.000629170313911615
electricity 0.0005149330587023687 1.3979400086720377 0.0007198455245479081
indoor 0.0005149330587023687 2.0 0.0010298661174047373
plumbing 0.0005149330587023687 2.0 0.0010298661174047373
still 0.0010298661174047373 0.431798275933005 0.00044469441393718334
uncommon 0.0005149330587023687 2.0 0.0010298661174047373
studious 0.0005149330587023687 2.0 0.0010298661174047373
boy 0.0005149330587023687 0.7958800173440752 0.00040982493169107887
avoided 0.0005149330587023687 1.3979400086720377 0.0007198455245479081
trouble 0.0005149330587023687 1.2218487496163564 0.000629170313911615
began 0.0010298661174047373 0.20065945054641826 0.00020665236925480768
working 0.0005149330587023687 0.35654732351381263 0.0001835980038691105
favorite 0.0005149330587023687 0.8239087409443188 0.0004242578480660756
childhood 0.001544799176107106 0.6020599913279624 0.0009300617785704877
pastime 0.0005149330587023687 2.0 0.0010298661174047373
sitting 0.0005149330587023687 1.1549019599857433 0.0005946971987568194
evening 0.0005149330587023687 2.0 0.0010298661174047373
listening 0.0005149330587023687 1.1549019599857433 0.0005946971987568194
baseball 0.0005149330587023687 1.1549019599857433 0.0005946971987568194
game 0.0005149330587023687 1.0 0.0005149330587023687
politics 0.0020597322348094747 0.4685210829577449 0.0009650279772559112
battery 0.0005149330587023687 1.5228787452803376 0.0007841806103400296
operated 0.0005149330587023687 1.5228787452803376 0.0007841806103400296
radio 0.0005149330587023687 0.8860566476931633 0.0004562598597802076
extraordinary 0.0005149330587023687 1.5228787452803376 0.0007841806103400296
gallery 0.0005149330587023687 1.0 0.0005149330587023687
parent 0.0005149330587023687 0.4559319556497244 0.00023477443648286527
religious 0.0005149330587023687 0.958607314841775 0.0004936185967259397
belonged 0.0005149330587023687 1.3979400086720377 0.0007198455245479081
baptist 0.0005149330587023687 0.8860566476931633 0.0004562598597802076
church 0.0010298661174047373 0.619788758288394 0.0006382994421095715
insisted 0.0005149330587023687 1.3979400086720377 0.0007198455245479081
attend 0.0005149330587023687 0.7958800173440752 0.00040982493169107887
sunday 0.0005149330587023687 1.3010299956639813 0.0006699433551307833
school 0.0025746652935118436 1.0026136156026868 0.0025813944788946625
occasionally 0.0005149330587023687 1.2218487496163564 0.000629170313911615
taught 0.0005149330587023687 1.0 0.0005149330587023687
attended 0.0005149330587023687 0.5376020021010439 0.00027682904330640775
white 0.004119464469618949 0.3872161432802645 0.0015951231443059298
high 0.001544799176107106 0.27572413039921095 0.00042593840947354936
area 0.0005149330587023687 0.7447274948966939 0.00038348480684690723
majority 0.0005149330587023687 0.7447274948966939 0.00038348480684690723
population 0.0005149330587023687 1.1549019599857433 0.0005946971987568194
received 0.0010298661174047373 0.28399665636520083 0.00029247853384675677
despite 0.001544799176107106 0.4202164033831899 0.0006491499537330431
pervasive 0.0005149330587023687 1.6989700043360187 0.0008748558209763227
segregation 0.0010298661174047373 0.9208187539523752 0.0009483200349664009
closest 0.0005149330587023687 1.3010299956639813 0.0006699433551307833
friend 0.0005149330587023687 0.5686362358410126 0.00029280959621061413
african 0.001544799176107106 0.28399665636520083 0.00043871780077013513
american 0.004634397528321318 0.6552148773673394 0.0030365262081905532
influential 0.0010298661174047373 0.6777807052660807 0.0006980233833842231
adult 0.0005149330587023687 1.045757490560675 0.0005384951032753218
nanny 0.0005149330587023687 2.0 0.0010298661174047373
annie 0.0005149330587023687 1.5228787452803376 0.0007841806103400296
mae 0.0005149330587023687 1.3979400086720377 0.0007198455245479081
hollis 0.0005149330587023687 2.0 0.0010298661174047373
worker 0.0010298661174047373 2.1804560644581312 0.0022455778212751095
jack 0.0005149330587023687 0.853871964321762 0.00043968690232840476
clark 0.0005149330587023687 1.5228787452803376 0.0007841806103400296
great 0.001544799176107106 0.5228787452803376 0.0008077426549129829
depression 0.0005149330587023687 1.0969100130080565 0.0005648352281194935
hit 0.0010298661174047373 0.3665315444204135 0.00037747841855861327
south 0.0025746652935118436 0.40893539297350084 0.0010528717635774996
hard 0.0005149330587023687 0.638272163982407 0.0003286674376840407
managed 0.0005149330587023687 0.958607314841775 0.0004936185967259397
prosper 0.0005149330587023687 1.6989700043360187 0.0008748558209763227
late 0.0010298661174047373 0.3665315444204135 0.00037747841855861327
employed 0.0005149330587023687 1.6989700043360187 0.0008748558209763227
farm 0.0020597322348094747 3.0969100130080562 0.006378805382096923
became 0.0020597322348094747 0.07572071393811834 0.00015596439534112943
first 0.0025746652935118436 0.0655015487564323 0.0001686445642544601
person 0.005149330587023687 0.05060999335508724 0.0002606075867924163
side 0.0010298661174047373 1.5058454059815571 0.0015508191616699868
graduate 0.0005149330587023687 1.045757490560675 0.0005384951032753218
studied 0.0005149330587023687 0.7958800173440752 0.00040982493169107887
engineering 0.0010298661174047373 2.0 0.0020597322348094747
junior 0.0005149330587023687 0.853871964321762 0.00043968690232840476
joining 0.0005149330587023687 0.7695510786217261 0.0003962672907423924
rotc 0.0005149330587023687 2.0 0.0010298661174047373
program 0.001544799176107106 0.5528419686577808 0.0008540298176999703
continue 0.0005149330587023687 0.6777807052660807 0.00034901169169211156
study 0.0010298661174047373 0.9208187539523752 0.0009483200349664009
applied 0.0005149330587023687 1.2218487496163564 0.000629170313911615
highly 0.0005149330587023687 0.9208187539523752 0.00047416001748320043
competitive 0.0005149330587023687 1.5228787452803376 0.0007841806103400296
annapolis 0.0005149330587023687 1.6989700043360187 0.0008748558209763227
maryland 0.0005149330587023687 1.045757490560675 0.0005384951032753218
accepted 0.0005149330587023687 0.619788758288394 0.0003191497210547858
begin 0.0010298661174047373 1.0 0.0010298661174047373
summer 0.0010298661174047373 2.6989700043360187 0.0027795777593573826
reflective 0.0005149330587023687 1.6989700043360187 0.0008748558209763227
introverted 0.0005149330587023687 2.0 0.0010298661174047373
personality 0.0005149330587023687 0.853871964321762 0.00043968690232840476
stature 0.0005149330587023687 1.5228787452803376 0.0007841806103400296
stood 0.0005149330587023687 0.8860566476931633 0.0004562598597802076
five 0.0005149330587023687 0.48148606012211254 0.000247933089661232
foot 0.0005149330587023687 1.3010299956639813 0.0006699433551307833
nine 0.0005149330587023687 0.8239087409443188 0.0004242578480660756
inch 0.0005149330587023687 1.6989700043360187 0.0008748558209763227
tall 0.0005149330587023687 1.5228787452803376 0.0007841806103400296
fit 0.0010298661174047373 1.3010299956639813 0.0013398867102615666
among 0.0005149330587023687 0.35654732351381263 0.0001835980038691105
fellow 0.0005149330587023687 0.6020599913279624 0.0003100205928568292
midshipman 0.0005149330587023687 2.0 0.0010298661174047373
nevertheless 0.001544799176107106 1.2218487496163564 0.001887510941734845
continued 0.0010298661174047373 0.3372421683184259 0.00034731428251125223
excel 0.0005149330587023687 1.5228787452803376 0.0007841806103400296
academic 0.0005149330587023687 1.2218487496163564 0.000629170313911615
graduating 0.0005149330587023687 0.5528419686577808 0.0002846766058999901
top 0.0005149330587023687 0.48148606012211254 0.000247933089661232
ten 0.0010298661174047373 1.3010299956639813 0.0013398867102615666
percent 0.001544799176107106 0.8860566476931633 0.0013687795793406229
class 0.0005149330587023687 0.44369749923271273 0.00022847451041849265
leave 0.0005149330587023687 0.6575773191777938 0.00033860830029752514
reconnected 0.0005149330587023687 1.6989700043360187 0.0008748558209763227
girl 0.0005149330587023687 0.6989700043360189 0.00035992276227395407
named 0.0010298661174047373 0.494850021680094 0.0005096292705253285
rosalynn 0.0020597322348094747 2.0 0.004119464469618949
smith 0.0005149330587023687 1.1549019599857433 0.0005946971987568194
known 0.0025746652935118436 0.06048074738138145 0.00015571768120850013
since 0.001544799176107106 0.3372421683184259 0.0005209714237668783
married 0.0005149330587023687 0.24412514432750856 0.00012570810727472118
june 0.0005149330587023687 0.28399665636520083 0.00014623926692337839
navy 0.0005149330587023687 0.958607314841775 0.0004936185967259397
assigned 0.0010298661174047373 1.1549019599857433 0.0011893943975136388
work 0.0025746652935118436 0.2218487496163564 0.0005711862760462318
submarine 0.0010298661174047373 4.0 0.004119464469618949
marriage 0.0005149330587023687 0.5376020021010439 0.00027682904330640775
like 0.0010298661174047373 0.2365720064370627 0.0002436374937559863
many 0.0025746652935118436 0.28399665636520083 0.000731196334616892
military 0.0010298661174047373 0.5528419686577808 0.0005693532117999802
moved 0.001544799176107106 0.3872161432802645 0.0005981711791147237
frequently 0.0005149330587023687 1.3010299956639813 0.0006699433551307833
training 0.0005149330587023687 1.0969100130080565 0.0005648352281194935
norfolk 0.0005149330587023687 2.0 0.0010298661174047373
virginia 0.0005149330587023687 0.8239087409443188 0.0004242578480660756
pearl 0.0005149330587023687 1.1549019599857433 0.0005946971987568194
harbor 0.0005149330587023687 1.2218487496163564 0.000629170313911615
hawaii 0.0005149330587023687 1.0 0.0005149330587023687
electronics 0.0005149330587023687 2.0 0.0010298661174047373
officer 0.0005149330587023687 1.0969100130080565 0.0005648352281194935
us 0.0005149330587023687 1.6989700043360187 0.0008748558209763227
pomfret 0.0005149330587023687 2.0 0.0010298661174047373
subsequent 0.0005149330587023687 0.9208187539523752 0.00047416001748320043
posting 0.0005149330587023687 2.0 0.0010298661174047373
groton 0.0005149330587023687 1.6989700043360187 0.0008748558209763227
connecticut 0.0005149330587023687 1.1549019599857433 0.0005946971987568194
san 0.0005149330587023687 0.8860566476931633 0.0004562598597802076
diego 0.0005149330587023687 1.6989700043360187 0.0008748558209763227
california 0.0010298661174047373 0.5528419686577808 0.0005693532117999802
washington 0.0010298661174047373 0.3979400086720376 0.00040982493169107887
c 0.0025746652935118436 0.35654732351381263 0.0009179900193455527
admiral 0.0010298661174047373 1.5228787452803376 0.0015683612206800592
hyman 0.0005149330587023687 2.0 0.0010298661174047373
rickover 0.0010298661174047373 2.0 0.0020597322348094747
developing 0.0010298661174047373 1.3010299956639813 0.0013398867102615666
nuclear 0.0005149330587023687 0.958607314841775 0.0004936185967259397
schenectady 0.0005149330587023687 2.0 0.0010298661174047373
new 0.0020597322348094747 0.14266750356873154 0.0002938568559603121
york 0.0010298661174047373 0.3467874862246563 0.00035714468200273564
brilliant 0.0005149330587023687 1.6989700043360187 0.0008748558209763227
notoriously 0.0005149330587023687 2.0 0.0010298661174047373
demanding 0.0005149330587023687 1.1549019599857433 0.0005946971987568194
made 0.0020597322348094747 0.1804560644581313 0.0003716911729312694
profound 0.0005149330587023687 1.2218487496163564 0.000629170313911615
impression 0.0005149330587023687 1.3010299956639813 0.0006699433551307833
think 0.0005149330587023687 0.585026652029182 0.000301249563351793
second 0.0010298661174047373 0.19382002601611284 0.00019960867766849932
effect 0.0005149330587023687 1.0969100130080565 0.0005648352281194935
man 0.0010298661174047373 0.37675070960209955 0.00038800279052739396
said 0.0025746652935118436 0.2518119729937996 0.0006483315473578775
also 0.0025746652935118436 0.0861861476162833 0.00022190048304913314
three 0.0005149330587023687 0.2076083105017461 0.00010690438233869521
son 0.0005149330587023687 0.853871964321762 0.00043968690232840476
john 0.0010298661174047373 0.37675070960209955 0.00038800279052739396
william 0.0005149330587023687 0.8239087409443188 0.0004242578480660756
iii 0.0005149330587023687 1.045757490560675 0.0005384951032753218
donnel 0.0005149330587023687 2.0 0.0010298661174047373
jeffrey 0.0005149330587023687 2.0 0.0010298661174047373
daughter 0.0005149330587023687 0.31875876262441283 0.00016413942462637117
amy 0.0005149330587023687 0.9208187539523752 0.00047416001748320043
july 0.0005149330587023687 0.37675070960209955 0.00019400139526369698
passed 0.0005149330587023687 0.6777807052660807 0.00034901169169211156
away 0.0010298661174047373 0.5376020021010439 0.0005536580866128155
pancreatic 0.0005149330587023687 1.5228787452803376 0.0007841806103400296
cancer 0.001544799176107106 0.8239087409443188 0.0012727735441982267
aftermath 0.0020597322348094747 1.0 0.0020597322348094747
death 0.0005149330587023687 0.2365720064370627 0.00012181874687799315
business 0.0005149330587023687 0.6989700043360189 0.00035992276227395407
fell 0.0005149330587023687 0.8860566476931633 0.0004562598597802076
disarray 0.0005149330587023687 2.0 0.0010298661174047373
although 0.0025746652935118436 0.431798275933005 0.0011117360348429585
initially 0.001544799176107106 0.7695510786217261 0.0011888018722271772
objected 0.0005149330587023687 1.6989700043360187 0.0008748558209763227
back 0.0005149330587023687 0.4202164033831899 0.00021638331791101436
could 0.0005149330587023687 0.4202164033831899 0.00021638331791101436
take 0.0005149330587023687 0.48148606012211254 0.000247933089661232
affair 0.0005149330587023687 0.7695510786217261 0.0003962672907423924
resuscitated 0.0005149330587023687 2.0 0.0010298661174047373
active 0.0005149330587023687 0.8239087409443188 0.0004242578480660756
community 0.0010298661174047373 0.48148606012211254 0.000495866179322464
winning 0.0005149330587023687 0.4202164033831899 0.00021638331791101436
seat 0.0005149330587023687 0.619788758288394 0.0003191497210547858
sumter 0.0005149330587023687 2.0 0.0010298661174047373
county 0.0005149330587023687 0.8239087409443188 0.0004242578480660756
board 0.0010298661174047373 0.8239087409443188 0.0008485156961321512
eventually 0.0005149330587023687 0.3979400086720376 0.00020491246584553944
becoming 0.0005149330587023687 0.3372421683184259 0.00017365714125562611
chairman 0.0005149330587023687 0.8860566476931633 0.0004562598597802076
accomplishment 0.0010298661174047373 2.886056647693163 0.00297225195436989
southern 0.0005149330587023687 0.6575773191777938 0.00033860830029752514
politician 0.001544799176107106 1.8794260687941502 0.0029033358426274205
period 0.0005149330587023687 0.958607314841775 0.0004936185967259397
change 0.001544799176107106 1.454692883534176 0.002247208367972465
landmark 0.0005149330587023687 1.2218487496163564 0.000629170313911615
case 0.0005149330587023687 0.5228787452803376 0.00026924755163766097
brown 0.0005149330587023687 0.8239087409443188 0.0004242578480660756
v 0.0010298661174047373 0.8860566476931633 0.0009125197195604152
supreme 0.0010298661174047373 0.585026652029182 0.000602499126703586
court 0.0010298661174047373 0.4202164033831899 0.0004327666358220287
unanimously 0.0005149330587023687 1.5228787452803376 0.0007841806103400296
ordered 0.0005149330587023687 0.9208187539523752 0.00047416001748320043
desegregation 0.0005149330587023687 1.3010299956639813 0.0006699433551307833
public 0.001544799176107106 0.2596373105057561 0.0004010875033559569
decision 0.0005149330587023687 0.585026652029182 0.000301249563351793
civil 0.0020597322348094747 0.3467874862246563 0.0007142893640054713
right 0.005149330587023687 0.39848321634998984 0.00205192181436658
protestors 0.0005149330587023687 1.6989700043360187 0.0008748558209763227
vociferously 0.0005149330587023687 2.0 0.0010298661174047373
demanded 0.0005149330587023687 1.2218487496163564 0.000629170313911615
end 0.0010298661174047373 0.44369749923271273 0.0004569490208369853
form 0.0005149330587023687 1.3010299956639813 0.0006699433551307833
discrimination 0.0005149330587023687 0.9208187539523752 0.00047416001748320043
however 0.004119464469618949 0.32790214206428253 0.001350781223745757
largely 0.001544799176107106 0.853871964321762 0.0013190607069852142
reflected 0.0005149330587023687 1.0969100130080565 0.0005648352281194935
reactionary 0.0005149330587023687 1.6989700043360187 0.0008748558209763227
outlook 0.0005149330587023687 2.0 0.0010298661174047373
refuse 0.0005149330587023687 2.0 0.0010298661174047373
join 0.0005149330587023687 0.9208187539523752 0.00047416001748320043
segregationist 0.001544799176107106 3.221848749616356 0.0049771092939490565
called 0.001544799176107106 0.3010299956639812 0.00046503088928524387
citizen 0.0005149330587023687 0.721246399047171 0.00037139361433942896
council 0.0005149330587023687 0.7695510786217261 0.0003962672907423924
shortly 0.0005149330587023687 0.585026652029182 0.000301249563351793
afterward 0.0005149330587023687 0.853871964321762 0.00043968690232840476
found 0.0010298661174047373 0.3372421683184259 0.00034731428251125223
front 0.0005149330587023687 1.0969100130080565 0.0005648352281194935
door 0.0010298661174047373 2.1426675035687315 0.0022066606627896305
read 0.0010298661174047373 0.0655015487564323 6.745782570178403e-05
coon 0.0005149330587023687 2.0 0.0010298661174047373
go 0.001544799176107106 0.494850021680094 0.0007644439057879927
together 0.0010298661174047373 0.431798275933005 0.00044469441393718334
ruling 0.0005149330587023687 0.9208187539523752 0.00047416001748320043
baker 0.0005149330587023687 2.0 0.0010298661174047373
carr 0.0005149330587023687 1.6989700043360187 0.0008748558209763227
required 0.0005149330587023687 1.0 0.0005149330587023687
voting 0.0005149330587023687 0.7958800173440752 0.00040982493169107887
district 0.0005149330587023687 1.6989700043360187 0.0008748558209763227
redrawn 0.0005149330587023687 1.5228787452803376 0.0007841806103400296
way 0.0005149330587023687 0.431798275933005 0.00022234720696859167
stopped 0.0005149330587023687 1.1549019599857433 0.0005946971987568194
privileging 0.0005149330587023687 2.0 0.0010298661174047373
voter 0.0020597322348094747 1.0 0.0020597322348094747
saw 0.0005149330587023687 0.6989700043360189 0.00035992276227395407
opportunity 0.0005149330587023687 0.8239087409443188 0.0004242578480660756
southerner 0.0005149330587023687 2.0 0.0010298661174047373
considered 0.001544799176107106 0.721246399047171 0.001114180843018287
win 0.0005149330587023687 0.585026652029182 0.000301249563351793
political 0.003089598352214212 0.3098039199714864 0.0009571696806534079
office 0.001544799176107106 0.31875876262441283 0.0004924182738791135
ran 0.001544799176107106 0.48148606012211254 0.000743799268983696
senate 0.0005149330587023687 0.5686362358410126 0.00029280959621061413
local 0.0005149330587023687 0.6989700043360189 0.00035992276227395407
businessman 0.0005149330587023687 0.958607314841775 0.0004936185967259397
homer 0.0005149330587023687 2.0 0.0010298661174047373
moore 0.0010298661174047373 1.3010299956639813 0.0013398867102615666
initial 0.0005149330587023687 0.8239087409443188 0.0004242578480660756
vote 0.0010298661174047373 1.5590909179347823 0.0016056549103344823
showed 0.0010298661174047373 0.8239087409443188 0.0008485156961321512
election 0.0036045314109165805 1.2975694635544748 0.004677129889228282
blatantly 0.0005149330587023687 2.0 0.0010298661174047373
obvious 0.0005149330587023687 1.5228787452803376 0.0007841806103400296
victory 0.0005149330587023687 0.5686362358410126 0.00029280959621061413
result 0.0005149330587023687 0.7695510786217261 0.0003962672907423924
widespread 0.0005149330587023687 1.2218487496163564 0.000629170313911615
fraud 0.0005149330587023687 1.045757490560675 0.0005384951032753218
one 0.003604531410916581 0.08092190762392613 0.0002916855578617317
precinct 0.0005149330587023687 2.0 0.0010298661174047373
ballot 0.0005149330587023687 1.2218487496163564 0.000629170313911615
cast 0.0005149330587023687 1.045757490560675 0.0005384951032753218
even 0.0005149330587023687 0.3665315444204135 0.00018873920927930664
though 0.0010298661174047373 0.3665315444204135 0.00037747841855861327
issued 0.0005149330587023687 1.045757490560675 0.0005384951032753218
appealed 0.0005149330587023687 1.2218487496163564 0.000629170313911615
outcome 0.0005149330587023687 1.3979400086720377 0.0007198455245479081
judge 0.0005149330587023687 0.585026652029182 0.000301249563351793
discarded 0.0005149330587023687 2.0 0.0010298661174047373
fraudulent 0.0005149330587023687 1.6989700043360187 0.0008748558209763227
declared 0.0010298661174047373 0.5528419686577808 0.0005693532117999802
winner 0.0010298661174047373 0.853871964321762 0.0008793738046568095
senator 0.0005149330587023687 0.5228787452803376 0.00026924755163766097
earned 0.0005149330587023687 0.40893539297350084 0.00021057435271549992
reputation 0.0010298661174047373 0.7958800173440752 0.0008196498633821577
tough 0.0005149330587023687 0.8860566476931633 0.0004562598597802076
independent 0.0005149330587023687 1.0 0.0005149330587023687
curbing 0.0005149330587023687 1.6989700043360187 0.0008748558209763227
wasteful 0.0005149330587023687 1.6989700043360187 0.0008748558209763227
spending 0.0005149330587023687 0.721246399047171 0.00037139361433942896
steadfastly 0.0005149330587023687 1.6989700043360187 0.0008748558209763227
supporting 0.0005149330587023687 1.0969100130080565 0.0005648352281194935
briefly 0.0005149330587023687 1.0 0.0005149330587023687
considering 0.0005149330587023687 1.5228787452803376 0.0007841806103400296
run 0.0010298661174047373 0.4559319556497244 0.00046954887296573054
house 0.001544799176107106 0.32790214206428253 0.0005065429589046589
representative 0.0005149330587023687 0.6575773191777938 0.00033860830029752514
instead 0.0005149330587023687 0.7447274948966939 0.00038348480684690723
decided 0.0010298661174047373 0.494850021680094 0.0005096292705253285
governor 0.0036045314109165805 2.1804560644581317 0.007859522374462883
midst 0.0005149330587023687 1.3979400086720377 0.0007198455245479081
backlash 0.0005149330587023687 1.3010299956639813 0.0006699433551307833
movement 0.0005149330587023687 0.48148606012211254 0.000247933089661232
liberal 0.0020597322348094747 0.8860566476931633 0.0018250394391208305
campaign 0.0020597322348094747 0.3872161432802645 0.0007975615721529649
failed 0.0010298661174047373 0.5376020021010439 0.0005536580866128155
gain 0.0005149330587023687 0.958607314841775 0.0004936185967259397
momentum 0.0005149330587023687 1.3979400086720377 0.0007198455245479081
democratic 0.0020597322348094747 0.3872161432802645 0.0007975615721529649
primary 0.0005149330587023687 1.3010299956639813 0.0006699433551307833
finished 0.0005149330587023687 1.045757490560675 0.0005384951032753218
distant 0.0005149330587023687 1.6989700043360187 0.0008748558209763227
third 0.0005149330587023687 0.4202164033831899 0.00021638331791101436
eventual 0.0005149330587023687 1.2218487496163564 0.000629170313911615
lester 0.0005149330587023687 1.5228787452803376 0.0007841806103400296
maddox 0.0010298661174047373 2.0 0.0020597322348094747
ardent 0.0005149330587023687 1.6989700043360187 0.0008748558209763227
infamously 0.0005149330587023687 1.6989700043360187 0.0008748558209763227
barricaded 0.0005149330587023687 2.0 0.0010298661174047373
restaurant 0.0005149330587023687 1.2218487496163564 0.000629170313911615
brandished 0.0005149330587023687 2.0 0.0010298661174047373
axe 0.0005149330587023687 1.6989700043360187 0.0008748558209763227
ward 0.0005149330587023687 2.0 0.0010298661174047373
customer 0.0005149330587023687 1.6989700043360187 0.0008748558209763227
limited 0.0010298661174047373 0.9208187539523752 0.0009483200349664009
law 0.0005149330587023687 0.3665315444204135 0.00018873920927930664
almost 0.0005149330587023687 0.8860566476931633 0.0004562598597802076
immediately 0.0005149330587023687 0.853871964321762 0.00043968690232840476
positioning 0.0005149330587023687 1.5228787452803376 0.0007841806103400296
gubernatorial 0.0005149330587023687 1.3010299956639813 0.0006699433551307833
around 0.0010298661174047373 0.4559319556497244 0.00046954887296573054
specifically 0.0005149330587023687 1.1549019599857433 0.0005946971987568194
targeted 0.0005149330587023687 1.0969100130080565 0.0005648352281194935
rejected 0.0005149330587023687 1.1549019599857433 0.0005946971987568194
publicly 0.0010298661174047373 0.619788758288394 0.0006382994421095715
opposed 0.0005149330587023687 0.9208187539523752 0.00047416001748320043
busing 0.0005149330587023687 1.5228787452803376 0.0007841806103400296
method 0.0005149330587023687 1.5228787452803376 0.0007841806103400296
integrating 0.0005149330587023687 1.0969100130080565 0.0005648352281194935
appearance 0.0005149330587023687 1.0 0.0005149330587023687
leader 0.0020597322348094747 0.8582367697242121 0.001767737939699716
actively 0.0005149330587023687 1.3010299956639813 0.0006699433551307833
courted 0.0005149330587023687 1.6989700043360187 0.0008748558209763227
endorsement 0.0005149330587023687 1.6989700043360187 0.0008748558209763227
several 0.0025746652935118436 0.32790214206428253 0.0008442382648410982
noted 0.0005149330587023687 1.0 0.0005149330587023687
including 0.0020597322348094747 0.2365720064370627 0.0004872749875119726
completely 0.0005149330587023687 1.045757490560675 0.0005384951032753218
reversed 0.0005149330587023687 1.3010299956639813 0.0006699433551307833
staunch 0.0005149330587023687 1.0 0.0005149330587023687
commitment 0.0010298661174047373 1.045757490560675 0.0010769902065506437
atlanta 0.0005149330587023687 0.8239087409443188 0.0004242578480660756
constitution 0.0005149330587023687 0.853871964321762 0.00043968690232840476
journal 0.0005149330587023687 1.3010299956639813 0.0006699433551307833
ignorant 0.0005149330587023687 2.0 0.0010298661174047373
racist 0.0005149330587023687 1.6989700043360187 0.0008748558209763227
backward 0.0005149330587023687 1.6989700043360187 0.0008748558209763227
ultra 0.0005149330587023687 2.0 0.0010298661174047373
conservative 0.0005149330587023687 0.8239087409443188 0.0004242578480660756
red 0.0005149330587023687 0.8239087409443188 0.0004242578480660756
necked 0.0005149330587023687 2.0 0.0010298661174047373
strategy 0.0005149330587023687 1.0969100130080565 0.0005648352281194935
worked 0.0020597322348094747 0.3098039199714864 0.0006381131204356053
defeated 0.0005149330587023687 0.8239087409443188 0.0004242578480660756
carl 0.0005149330587023687 1.6989700043360187 0.0008748558209763227
sander 0.0005149330587023687 1.0969100130080565 0.0005648352281194935
become 0.0010298661174047373 0.3372421683184259 0.00034731428251125223
elected 0.001544799176107106 0.3665315444204135 0.0005662176278379199
returned 0.0005149330587023687 0.5086383061657272 0.0002619146787671098
progressive 0.0005149330587023687 1.045757490560675 0.0005384951032753218
value 0.0010298661174047373 1.2218487496163564 0.00125834062782323
promoted 0.001544799176107106 0.8860566476931633 0.0013687795793406229
earlier 0.0005149330587023687 0.9208187539523752 0.00047416001748320043
career 0.0005149330587023687 0.17392519729917358 8.955983383067641e-05
increased 0.0005149330587023687 0.9208187539523752 0.00047416001748320043
number 0.0005149330587023687 0.4685210829577449 0.0002412569943139778
official 0.0005149330587023687 1.045757490560675 0.0005384951032753218
government 0.0025746652935118436 2.494850021680094 0.006423403763337009
prison 0.0005149330587023687 0.6020599913279624 0.0003100205928568292
reform 0.0005149330587023687 0.7958800173440752 0.00040982493169107887
signature 0.0005149330587023687 1.5228787452803376 0.0007841806103400296
slashing 0.0005149330587023687 1.6989700043360187 0.0008748558209763227
streamlining 0.0005149330587023687 1.6989700043360187 0.0008748558209763227
enormous 0.0005149330587023687 1.5228787452803376 0.0007841806103400296
bureaucracy 0.0005149330587023687 2.0 0.0010298661174047373
lean 0.0005149330587023687 2.0 0.0010298661174047373
efficient 0.0005149330587023687 1.3979400086720377 0.0007198455245479081
machine 0.0005149330587023687 1.3010299956639813 0.0006699433551307833
disdain 0.0005149330587023687 2.0 0.0010298661174047373
nicety 0.0005149330587023687 2.0 0.0010298661174047373
decorum 0.0005149330587023687 1.6989700043360187 0.0008748558209763227
alienated 0.0010298661174047373 1.3979400086720377 0.0014396910490958163
traditional 0.0005149330587023687 1.3010299956639813 0.0006699433551307833
ally 0.0005149330587023687 0.958607314841775 0.0004936185967259397
might 0.0005149330587023687 0.853871964321762 0.00043968690232840476
otherwise 0.0005149330587023687 1.3010299956639813 0.0006699433551307833
closely 0.0005149330587023687 1.0969100130080565 0.0005648352281194935
always 0.0005149330587023687 0.638272163982407 0.0003286674376840407
forward 0.0005149330587023687 0.7695510786217261 0.0003962672907423924
thinking 0.0005149330587023687 1.3010299956639813 0.0006699433551307833
carefully 0.0005149330587023687 1.5228787452803376 0.0007841806103400296
observed 0.0005149330587023687 2.0 0.0010298661174047373
current 0.0005149330587023687 2.0 0.0010298661174047373
george 0.0025746652935118436 0.4685210829577449 0.0012062849715698892
mcgovern 0.0005149330587023687 1.5228787452803376 0.0007841806103400296
got 0.0010298661174047373 0.5376020021010439 0.0005536580866128155
pounded 0.0005149330587023687 2.0 0.0010298661174047373
republican 0.0010298661174047373 0.6777807052660807 0.0006980233833842231
richard 0.0005149330587023687 0.6777807052660807 0.00034901169169211156
nixon 0.001544799176107106 0.8860566476931633 0.0013687795793406229
presidential 0.001544799176107106 0.3665315444204135 0.0005662176278379199
democrat 0.0005149330587023687 0.7695510786217261 0.0003962672907423924
needed 0.0005149330587023687 0.8860566476931633 0.0004562598597802076
centrist 0.0010298661174047373 1.6989700043360187 0.0017497116419526455
figure 0.0005149330587023687 0.6777807052660807 0.00034901169169211156
regain 0.0005149330587023687 1.3979400086720377 0.0007198455245479081
watergate 0.001544799176107106 1.045757490560675 0.0016154853098259655
shattered 0.0005149330587023687 1.6989700043360187 0.0008748558209763227
confidence 0.0010298661174047373 1.5228787452803376 0.0015683612206800592
concluded 0.0010298661174047373 1.0969100130080565 0.001129670456238987
next 0.0010298661174047373 0.07058107428570728 7.26890569368767e-05
would 0.001544799176107106 0.2291479883578558 0.00035398762362181635
need 0.0005149330587023687 0.638272163982407 0.0003286674376840407
outsider 0.0010298661174047373 1.5228787452803376 0.0015683612206800592
thought 0.0005149330587023687 0.7958800173440752 0.00040982493169107887
bill 0.0005149330587023687 0.4202164033831899 0.00021638331791101436
count 0.0005149330587023687 1.3979400086720377 0.0007198455245479081
candidate 0.0005149330587023687 0.8860566476931633 0.0004562598597802076
nomination 0.0010298661174047373 0.5086383061657272 0.0005238293575342196
probably 0.0010298661174047373 1.3979400086720377 0.0014396910490958163
least 0.0005149330587023687 1.045757490560675 0.0005384951032753218
deep 0.0005149330587023687 0.8860566476931633 0.0004562598597802076
frustration 0.0005149330587023687 1.3010299956639813 0.0006699433551307833
establishment 0.0005149330587023687 1.1549019599857433 0.0005946971987568194
anonymity 0.0005149330587023687 2.0 0.0010298661174047373
proved 0.0005149330587023687 0.8860566476931633 0.0004562598597802076
advantage 0.0005149330587023687 1.3010299956639813 0.0006699433551307833
campaigned 0.0005149330587023687 1.045757490560675 0.0005384951032753218
theme 0.0010298661174047373 1.1549019599857433 0.0011893943975136388
reducing 0.0005149330587023687 1.045757490560675 0.0005384951032753218
waste 0.0005149330587023687 1.5228787452803376 0.0007841806103400296
balancing 0.0005149330587023687 2.0 0.0010298661174047373
budget 0.0005149330587023687 0.958607314841775 0.0004936185967259397
increasing 0.0005149330587023687 0.958607314841775 0.0004936185967259397
assistance 0.0005149330587023687 1.3010299956639813 0.0006699433551307833
poor 0.001544799176107106 0.7958800173440752 0.0012294747950732366
centerpiece 0.0005149330587023687 2.0 0.0010298661174047373
appeal 0.0005149330587023687 0.958607314841775 0.0004936185967259397
status 0.0005149330587023687 0.8860566476931633 0.0004562598597802076
integrity 0.0005149330587023687 1.1549019599857433 0.0005946971987568194
never 0.0010298661174047373 0.431798275933005 0.00044469441393718334
tell 0.0005149330587023687 0.9208187539523752 0.00047416001748320043
lie 0.0005149330587023687 1.5228787452803376 0.0007841806103400296
famously 0.0005149330587023687 1.3010299956639813 0.0006699433551307833
avoid 0.0005149330587023687 1.1549019599857433 0.0005946971987568194
controversial 0.0005149330587023687 0.721246399047171 0.00037139361433942896
another 0.0005149330587023687 0.40893539297350084 0.00021057435271549992
pithy 0.0005149330587023687 2.0 0.0010298661174047373
slogan 0.0005149330587023687 2.0 0.0010298661174047373
electorate 0.0005149330587023687 1.6989700043360187 0.0008748558209763227
feeling 0.0005149330587023687 0.8239087409443188 0.0004242578480660756
betrayed 0.0005149330587023687 2.0 0.0010298661174047373
bella 0.0005149330587023687 0.0655015487564323 3.372891285089202e-05
hadid 0.0005149330587023687 0.0655015487564323 3.372891285089202e-05
sadie 0.0005149330587023687 0.06048074738138145 3.114353624170002e-05
alexander 0.0005149330587023687 0.05551732784983141 2.8587707440695887e-05
adrienne 0.0005149330587023687 0.0655015487564323 3.372891285089202e-05
kennedy 0.0010298661174047373 0.06048074738138145 6.228707248340004e-05
secured 0.0005149330587023687 1.3010299956639813 0.0006699433551307833
challenge 0.0005149330587023687 0.853871964321762 0.00043968690232840476
incumbent 0.0005149330587023687 0.8860566476931633 0.0004562598597802076
gerald 0.0005149330587023687 1.045757490560675 0.0005384951032753218
ford 0.0010298661174047373 0.958607314841775 0.0009872371934518795
erstwhile 0.0005149330587023687 1.6989700043360187 0.0008748558209763227
vice 0.001544799176107106 0.5376020021010439 0.0008304871299192234
assumed 0.0010298661174047373 1.6989700043360187 0.0017497116419526455
resigned 0.0005149330587023687 0.9208187539523752 0.00047416001748320043
entered 0.0005149330587023687 0.721246399047171 0.00037139361433942896
race 0.0005149330587023687 0.619788758288394 0.0003191497210547858
double 0.0005149330587023687 1.6989700043360187 0.0008748558209763227
digit 0.0005149330587023687 2.0 0.0010298661174047373
lead 0.0005149330587023687 0.5228787452803376 0.00026924755163766097
unexciting 0.0005149330587023687 2.0 0.0010298661174047373
gaffe 0.0005149330587023687 2.0 0.0010298661174047373
narrowed 0.0005149330587023687 1.6989700043360187 0.0008748558209763227
poll 0.0005149330587023687 1.045757490560675 0.0005384951032753218
prominently 0.0005149330587023687 1.6989700043360187 0.0008748558209763227
interview 0.0010298661174047373 1.8860566476931633 0.0019423858369651526
playboy 0.0005149330587023687 1.3979400086720377 0.0007198455245479081
admitted 0.0005149330587023687 0.7958800173440752 0.00040982493169107887
committing 0.0005149330587023687 1.5228787452803376 0.0007841806103400296
adultery 0.0005149330587023687 2.0 0.0010298661174047373
heart 0.0005149330587023687 0.5228787452803376 0.00026924755163766097
glib 0.0005149330587023687 2.0 0.0010298661174047373
remark 0.0005149330587023687 1.1549019599857433 0.0005946971987568194
sex 0.0005149330587023687 0.7958800173440752 0.00040982493169107887
infidelity 0.0005149330587023687 2.0 0.0010298661174047373
much 0.0005149330587023687 0.37675070960209955 0.00019400139526369698
closer 0.0005149330587023687 1.2218487496163564 0.000629170313911615
expected 0.0005149330587023687 0.8860566476931633 0.0004562598597802076
america 0.0025746652935118436 0.37675070960209955 0.000970006976318485
considerable 0.0005149330587023687 1.6989700043360187 0.0008748558209763227
optimism 0.0005149330587023687 1.5228787452803376 0.0007841806103400296
enjoying 0.0005149330587023687 1.3979400086720377 0.0007198455245479081
sky 0.0005149330587023687 1.6989700043360187 0.0008748558209763227
approval 0.0005149330587023687 1.0969100130080565 0.0005648352281194935
rating 0.0005149330587023687 1.2218487496163564 0.000629170313911615
symbolizing 0.0005149330587023687 1.6989700043360187 0.0008748558209763227
kind 0.0005149330587023687 0.7958800173440752 0.00040982493169107887
leadership 0.0005149330587023687 0.638272163982407 0.0003286674376840407
inaugural 0.0005149330587023687 1.1549019599857433 0.0005946971987568194
address 0.0005149330587023687 0.7695510786217261 0.0003962672907423924
limousine 0.0005149330587023687 2.0 0.0010298661174047373
walk 0.0005149330587023687 0.8860566476931633 0.0004562598597802076
amongst 0.0005149330587023687 2.0 0.0010298661174047373
supporter 0.0005149330587023687 0.9208187539523752 0.00047416001748320043
domestic 0.0005149330587023687 1.045757490560675 0.0005384951032753218
priority 0.0005149330587023687 1.3010299956639813 0.0006699433551307833
involved 0.0005149330587023687 0.4559319556497244 0.00023477443648286527
energy 0.0005149330587023687 0.8239087409443188 0.0004242578480660756
oil 0.003089598352214212 1.0 0.003089598352214212
price 0.0010298661174047373 1.3010299956639813 0.0013398867102615666
rising 0.0005149330587023687 0.8860566476931633 0.0004562598597802076
embargo 0.0005149330587023687 1.5228787452803376 0.0007841806103400296
believed 0.0005149330587023687 0.6020599913279624 0.0003100205928568292
imperative 0.0005149330587023687 2.0 0.0010298661174047373
cure 0.0005149330587023687 1.5228787452803376 0.0007841806103400296
dependence 0.0005149330587023687 1.6989700043360187 0.0008748558209763227
foreign 0.0025746652935118436 0.7447274948966939 0.0019174240342345363
succeeded 0.0005149330587023687 1.1549019599857433 0.0005946971987568194
decreasing 0.0005149330587023687 2.0 0.0010298661174047373
consumption 0.0005149330587023687 2.0 0.0010298661174047373
eight 0.0005149330587023687 0.6989700043360189 0.00035992276227395407
huge 0.0005149330587023687 1.2218487496163564 0.000629170313911615
emergency 0.0005149330587023687 1.1549019599857433 0.0005946971987568194
natural 0.0005149330587023687 1.1549019599857433 0.0005946971987568194
gas 0.0010298661174047373 1.0969100130080565 0.001129670456238987
iranian 0.001544799176107106 1.3010299956639813 0.00200983006539235
revolution 0.0005149330587023687 1.0 0.0005149330587023687
drove 0.0005149330587023687 1.6989700043360187 0.0008748558209763227
long 0.0005149330587023687 0.4559319556497244 0.00023477443648286527
line 0.0005149330587023687 1.3979400086720377 0.0007198455245479081
station 0.0005149330587023687 1.6989700043360187 0.0008748558209763227
overshadowing 0.0005149330587023687 2.0 0.0010298661174047373
achievement 0.001544799176107106 2.0409586076789066 0.003152871175611081
camp 0.0010298661174047373 1.0969100130080565 0.001129670456238987
david 0.0010298661174047373 0.7695510786217261 0.0007925345814847848
accord 0.0010298661174047373 1.5228787452803376 0.0015683612206800592
centered 0.0005149330587023687 1.5228787452803376 0.0007841806103400296
promise 0.0005149330587023687 0.9208187539523752 0.00047416001748320043
make 0.0010298661174047373 0.3872161432802645 0.00039878078607648244
human 0.003089598352214212 0.8860566476931633 0.0027375591586812457
central 0.0005149330587023687 0.9208187539523752 0.00047416001748320043
concern 0.0005149330587023687 1.0 0.0005149330587023687
relation 0.0010298661174047373 0.7958800173440752 0.0008196498633821577
country 0.0005149330587023687 1.045757490560675 0.0005384951032753218
suspended 0.0005149330587023687 1.045757490560675 0.0005384951032753218
economic 0.0010298661174047373 0.585026652029182 0.000602499126703586
aid 0.0005149330587023687 1.3010299956639813 0.0006699433551307833
chile 0.0005149330587023687 2.0 0.0010298661174047373
el 0.0005149330587023687 1.5228787452803376 0.0007841806103400296
salvador 0.0005149330587023687 2.0 0.0010298661174047373
nicaragua 0.0005149330587023687 1.3979400086720377 0.0007198455245479081
protest 0.0005149330587023687 0.7447274948966939 0.00038348480684690723
regime 0.0005149330587023687 2.0 0.0010298661174047373
abuse 0.0005149330587023687 1.3010299956639813 0.0006699433551307833
notable 0.0005149330587023687 1.045757490560675 0.0005384951032753218
successful 0.0005149330587023687 0.4559319556497244 0.00023477443648286527
mediation 0.0005149330587023687 2.0 0.0010298661174047373
israel 0.0010298661174047373 1.2218487496163564 0.00125834062782323
egypt 0.0005149330587023687 1.5228787452803376 0.0007841806103400296
leading 0.0005149330587023687 0.5228787452803376 0.00026924755163766097
historic 0.0005149330587023687 0.6989700043360189 0.00035992276227395407
treaty 0.0005149330587023687 1.0969100130080565 0.0005648352281194935
withdrew 0.0005149330587023687 1.3010299956639813 0.0006699433551307833
sinai 0.0005149330587023687 1.6989700043360187 0.0008748558209763227
officially 0.0010298661174047373 0.6989700043360189 0.0007198455245479081
recognized 0.0005149330587023687 1.0 0.0005149330587023687
noteworthy 0.0005149330587023687 2.0 0.0010298661174047373
widely 0.0010298661174047373 1.1549019599857433 0.0011893943975136388
failure 0.0010298661174047373 0.9208187539523752 0.0009483200349664009
relationship 0.0005149330587023687 1.1549019599857433 0.0005946971987568194
congress 0.0005149330587023687 0.4202164033831899 0.00021638331791101436
medium 0.0010298661174047373 0.5086383061657272 0.0005238293575342196
stifling 0.0005149330587023687 2.0 0.0010298661174047373
ability 0.0005149330587023687 0.7958800173440752 0.00040982493169107887
enact 0.0005149330587023687 1.3979400086720377 0.0007198455245479081
legislation 0.0005149330587023687 0.8239087409443188 0.0004242578480660756
effectively 0.0010298661174047373 0.958607314841775 0.0009872371934518795
communicate 0.0005149330587023687 1.3010299956639813 0.0006699433551307833
delivered 0.0005149330587023687 0.8239087409443188 0.0004242578480660756
disastrous 0.0005149330587023687 1.6989700043360187 0.0008748558209763227
speech 0.0010298661174047373 0.7447274948966939 0.0007669696136938145
referred 0.0005149330587023687 1.0 0.0005149330587023687
crisis 0.0020597322348094747 0.8860566476931633 0.0018250394391208305
seemed 0.0005149330587023687 0.9208187539523752 0.00047416001748320043
blame 0.0005149330587023687 1.3010299956639813 0.0006699433551307833
spirit 0.0005149330587023687 1.0969100130080565 0.0005648352281194935
blunder 0.0005149330587023687 2.0 0.0010298661174047373
contributed 0.0005149330587023687 1.3010299956639813 0.0006699433551307833
loosening 0.0005149330587023687 1.5228787452803376 0.0007841806103400296
grip 0.0005149330587023687 2.0 0.0010298661174047373
secret 0.0005149330587023687 0.8860566476931633 0.0004562598597802076
negotiation 0.0005149330587023687 1.0 0.0005149330587023687
return 0.0005149330587023687 0.7447274948966939 0.00038348480684690723
panama 0.0010298661174047373 2.0 0.0020597322348094747
canal 0.0010298661174047373 2.0 0.0020597322348094747
believe 0.0005149330587023687 0.853871964321762 0.00043968690232840476
weak 0.0005149330587023687 1.2218487496163564 0.000629170313911615
given 0.0005149330587023687 0.6777807052660807 0.00034901169169211156
without 0.0005149330587023687 0.7695510786217261 0.0003962672907423924
securing 0.0005149330587023687 1.5228787452803376 0.0007841806103400296
necessary 0.0010298661174047373 1.3010299956639813 0.0013398867102615666
provision 0.0005149330587023687 1.6989700043360187 0.0008748558209763227
defending 0.0005149330587023687 1.3979400086720377 0.0007198455245479081
interest 0.0005149330587023687 1.0969100130080565 0.0005648352281194935
iran 0.0005149330587023687 1.3010299956639813 0.0006699433551307833
hostage 0.0025746652935118436 3.5228787452803374 0.009070233638723835
biggest 0.0005149330587023687 1.045757490560675 0.0005384951032753218
factor 0.0005149330587023687 1.5228787452803376 0.0007841806103400296
declining 0.0005149330587023687 2.0 0.0010298661174047373
fortune 0.0005149330587023687 1.6989700043360187 0.0008748558209763227
november 0.0005149330587023687 0.24412514432750856 0.00012570810727472118
radical 0.0010298661174047373 1.3010299956639813 0.0013398867102615666
student 0.0010298661174047373 0.853871964321762 0.0008793738046568095
seized 0.0005149330587023687 1.3010299956639813 0.0006699433551307833
embassy 0.0005149330587023687 1.5228787452803376 0.0007841806103400296
tehran 0.0005149330587023687 2.0 0.0010298661174047373
taking 0.0005149330587023687 0.6020599913279624 0.0003100205928568292
negotiate 0.0005149330587023687 1.3979400086720377 0.0007198455245479081
release 0.0010298661174047373 0.5686362358410126 0.0005856191924212283
followed 0.0005149330587023687 0.5528419686577808 0.0002846766058999901
badly 0.0005149330587023687 1.3010299956639813 0.0006699433551307833
botched 0.0005149330587023687 2.0 0.0010298661174047373
rescue 0.0005149330587023687 1.3010299956639813 0.0006699433551307833
mission 0.0010298661174047373 1.0 0.0010298661174047373
look 0.0010298661174047373 0.07058107428570728 7.26890569368767e-05
impotent 0.0005149330587023687 2.0 0.0010298661174047373
outmaneuvered 0.0005149330587023687 2.0 0.0010298661174047373
held 0.0010298661174047373 0.48148606012211254 0.000495866179322464
day 0.0025746652935118436 0.7013652168755644 0.0018057806819659229
finally 0.0005149330587023687 0.7447274948966939 0.00038348480684690723
released 0.0005149330587023687 0.3010299956639812 0.0001550102964284146
left 0.0005149330587023687 0.2924298239020636 0.00015058178367768465
ronald 0.0010298661174047373 1.0 0.0010298661174047373
reagan 0.0020597322348094747 1.045757490560675 0.0021539804131012873
former 0.0010298661174047373 0.27572413039921095 0.0002839589396490329
actor 0.0005149330587023687 0.4685210829577449 0.0002412569943139778
challenged 0.0005149330587023687 1.045757490560675 0.0005384951032753218
smooth 0.0005149330587023687 1.5228787452803376 0.0007841806103400296
effective 0.0010298661174047373 1.3979400086720377 0.0014396910490958163
simply 0.0005149330587023687 1.045757490560675 0.0005384951032753218
asking 0.0005149330587023687 1.045757490560675 0.0005384951032753218
better 0.0005149330587023687 0.638272163982407 0.0003286674376840407
ago 0.0005149330587023687 1.045757490560675 0.0005384951032753218
crushed 0.0005149330587023687 2.0 0.0010298661174047373
essentially 0.0005149330587023687 1.5228787452803376 0.0007841806103400296
referendum 0.0005149330587023687 1.6989700043360187 0.0008748558209763227
put 0.0005149330587023687 0.6777807052660807 0.00034901169169211156
mr 0.0005149330587023687 1.3979400086720377 0.0007198455245479081
unsuccessful 0.0005149330587023687 0.8860566476931633 0.0004562598597802076
rehabilitated 0.0005149330587023687 2.0 0.0010298661174047373
effort 0.0010298661174047373 1.391473966422806 0.0014330318912696251
leaving 0.0005149330587023687 0.5686362358410126 0.00029280959621061413
greatest 0.0005149330587023687 0.6777807052660807 0.00034901169169211156
ex 0.0010298661174047373 0.9208187539523752 0.0009483200349664009
extensively 0.0005149330587023687 1.5228787452803376 0.0007841806103400296
habitat 0.0005149330587023687 2.0 0.0010298661174047373
humanity 0.0010298661174047373 1.2218487496163564 0.00125834062782323
founded 0.0005149330587023687 0.619788758288394 0.0003191497210547858
center 0.0005149330587023687 0.585026652029182 0.000301249563351793
promote 0.0020597322348094747 0.958607314841775 0.001974474386903759
alleviate 0.0010298661174047373 2.0 0.0020597322348094747
suffering 0.001544799176107106 0.7958800173440752 0.0012294747950732366
across 0.0005149330587023687 0.8239087409443188 0.0004242578480660756
globe 0.0005149330587023687 1.3979400086720377 0.0007198455245479081
particular 0.0005149330587023687 1.0969100130080565 0.0005648352281194935
develop 0.0005149330587023687 1.1549019599857433 0.0005946971987568194
based 0.0005149330587023687 0.619788758288394 0.0003191497210547858
system 0.0005149330587023687 1.6989700043360187 0.0008748558209763227
africa 0.0005149330587023687 0.7447274948966939 0.00038348480684690723
latin 0.0005149330587023687 1.3979400086720377 0.0007198455245479081
oversee 0.0005149330587023687 1.5228787452803376 0.0007841806103400296
fledgling 0.0005149330587023687 2.0 0.0010298661174047373
democracy 0.0010298661174047373 3.0 0.003089598352214212
middle 0.0005149330587023687 0.585026652029182 0.000301249563351793
east 0.0005149330587023687 0.8860566476931633 0.0004562598597802076
decade 0.0010298661174047373 0.638272163982407 0.0006573348753680814
untiring 0.0005149330587023687 2.0 0.0010298661174047373
find 0.0005149330587023687 0.7958800173440752 0.00040982493169107887
peaceful 0.0005149330587023687 1.0969100130080565 0.0005648352281194935
solution 0.0005149330587023687 1.1549019599857433 0.0005946971987568194
international 0.0005149330587023687 0.40893539297350084 0.00021057435271549992
conflict 0.0005149330587023687 1.3010299956639813 0.0006699433551307833
advance 0.0005149330587023687 1.5228787452803376 0.0007841806103400296
social 0.0010298661174047373 0.5228787452803376 0.0005384951032753219
development 0.0005149330587023687 0.7695510786217261 0.0003962672907423924
written 0.0005149330587023687 1.0 0.0005149330587023687
book 0.0020597322348094747 1.306273051076353 0.0026905727107648875
memoir 0.0005149330587023687 1.3979400086720377 0.0007198455245479081
endangered 0.0005149330587023687 1.5228787452803376 0.0007841806103400296
moral 0.0005149330587023687 1.3979400086720377 0.0007198455245479081
palestine 0.0005149330587023687 1.5228787452803376 0.0007841806103400296
apartheid 0.0005149330587023687 1.3010299956639813 0.0006699433551307833
tireless 0.0005149330587023687 1.5228787452803376 0.0007841806103400296
equality 0.0005149330587023687 0.8239087409443188 0.0004242578480660756
alleviation 0.0005149330587023687 2.0 0.0010298661174047373
activist 0.0005149330587023687 1.0 0.0005149330587023687
delivering 0.0005149330587023687 1.3979400086720377 0.0007198455245479081
lecture 0.0005149330587023687 1.5228787452803376 0.0007841806103400296
word 0.0005149330587023687 0.7447274948966939 0.00038348480684690723
seen 0.0005149330587023687 0.619788758288394 0.0003191497210547858
call 0.0005149330587023687 0.6989700043360189 0.00035992276227395407
action 0.0005149330587023687 0.585026652029182 0.000301249563351793
future 0.0005149330587023687 0.721246399047171 0.00037139361433942896
generation 0.0005149330587023687 0.8860566476931633 0.0004562598597802076
bond 0.0005149330587023687 1.0969100130080565 0.0005648352281194935
common 0.0005149330587023687 1.0969100130080565 0.0005648352281194935
stronger 0.0010298661174047373 1.0969100130080565 0.001129670456238987
divisiveness 0.0005149330587023687 2.0 0.0010298661174047373
fear 0.0005149330587023687 1.3010299956639813 0.0006699433551307833
prejudice 0.0005149330587023687 1.5228787452803376 0.0007841806103400296
god 0.0010298661174047373 0.9208187539523752 0.0009483200349664009
give 0.0005149330587023687 1.3010299956639813 0.0006699433551307833
capacity 0.0005149330587023687 1.3979400086720377 0.0007198455245479081
choose 0.0010298661174047373 1.3979400086720377 0.0014396910490958163
must 0.0005149330587023687 0.8239087409443188 0.0004242578480660756
recent 0.0010298661174047373 1.045757490560675 0.0010769902065506437
august 0.0010298661174047373 0.494850021680094 0.0005096292705253285
underwent 0.0005149330587023687 1.0969100130080565 0.0005648352281194935
surgery 0.001544799176107106 0.8239087409443188 0.0012727735441982267
remove 0.0005149330587023687 1.0969100130080565 0.0005648352281194935
mass 0.0005149330587023687 0.958607314841775 0.0004936185967259397
liver 0.0010298661174047373 1.5228787452803376 0.0015683612206800592
discovered 0.0005149330587023687 0.7958800173440752 0.00040982493169107887
statement 0.0005149330587023687 0.638272163982407 0.0003286674376840407
revealed 0.001544799176107106 0.5086383061657272 0.0007857440363013294
part 0.0005149330587023687 1.3979400086720377 0.0007198455245479081
body 0.0005149330587023687 0.5686362358410126 0.00029280959621061413
rearranging 0.0005149330587023687 2.0 0.0010298661174047373
schedule 0.0010298661174047373 1.5228787452803376 0.0015683612206800592
undergo 0.0005149330587023687 1.3010299956639813 0.0006699433551307833
treatment 0.0010298661174047373 1.0969100130080565 0.001129670456238987
physician 0.0005149330587023687 1.6989700043360187 0.0008748558209763227
emory 0.0005149330587023687 1.6989700043360187 0.0008748558209763227
healthcare 0.0005149330587023687 0.958607314841775 0.0004936185967259397
week 0.0005149330587023687 0.7958800173440752 0.00040982493169107887
news 0.0005149330587023687 0.585026652029182 0.000301249563351793
conference 0.0005149330587023687 0.7958800173440752 0.00040982493169107887
doctor 0.0005149330587023687 1.3010299956639813 0.0006699433551307833
melanoma 0.0005149330587023687 2.0 0.0010298661174047373
spot 0.0005149330587023687 1.5228787452803376 0.0007841806103400296
brain 0.0010298661174047373 1.0 0.0010298661174047373
explained 0.0005149330587023687 1.0 0.0005149330587023687
radiation 0.0005149330587023687 2.0 0.0010298661174047373
alter 0.0005149330587023687 1.3010299956639813 0.0006699433551307833
busy 0.0005149330587023687 1.0969100130080565 0.0005648352281194935
x 0.004119464469618949 0.4559319556497244 0.0018781954918629222
fairly 0.0005149330587023687 1.6989700043360187 0.0008748558209763227
dramatically 0.0005149330587023687 1.3979400086720377 0.0007198455245479081
perfectly 0.0005149330587023687 2.0 0.0010298661174047373
ease 0.0010298661174047373 1.3010299956639813 0.0013398867102615666
whatever 0.0005149330587023687 1.0969100130080565 0.0005648352281194935
come 0.0005149330587023687 1.0 0.0005149330587023687
adding 0.0005149330587023687 0.958607314841775 0.0004936185967259397
wonderful 0.0005149330587023687 1.3979400086720377 0.0007198455245479081
feel 0.0005149330587023687 0.8860566476931633 0.0004562598597802076
hand 0.0005149330587023687 1.1549019599857433 0.0005946971987568194
december 0.0005149330587023687 0.40893539297350084 0.00021057435271549992
announced 0.0005149330587023687 0.40893539297350084 0.00021057435271549992
examination 0.0005149330587023687 2.0 0.0010298661174047373
trace 0.0005149330587023687 2.0 0.0010298661174047373
lesion 0.0005149330587023687 2.0 0.0010298661174047373
returning 0.0005149330587023687 0.8860566476931633 0.0004562598597802076
polishing 0.0005149330587023687 2.0 0.0010298661174047373
faith 0.0005149330587023687 0.7958800173440752 0.00040982493169107887
journey 0.0005149330587023687 1.045757490560675 0.0005384951032753218
reflects 0.0005149330587023687 1.6989700043360187 0.0008748558209763227
importance 0.0010298661174047373 1.0 0.0010298661174047373
spirituality 0.0005149330587023687 1.6989700043360187 0.0008748558209763227
influence 0.0005149330587023687 0.6989700043360189 0.00035992276227395407
shaping 0.0005149330587023687 1.2218487496163564 0.000629170313911615
making 0.0005149330587023687 0.3979400086720376 0.00020491246584553944
round 0.0005149330587023687 1.5228787452803376 0.0007841806103400296
march 0.0010298661174047373 0.27572413039921095 0.0002839589396490329
discussed 0.0005149330587023687 1.1549019599857433 0.0005946971987568194
topic 0.0005149330587023687 1.0969100130080565 0.0005648352281194935
du 0.0005149330587023687 1.3979400086720377 0.0007198455245479081
jour 0.0005149330587023687 2.0 0.0010298661174047373
conducted 0.0005149330587023687 1.3979400086720377 0.0007198455245479081
alleged 0.0005149330587023687 0.958607314841775 0.0004936185967259397
mistress 0.0005149330587023687 2.0 0.0010298661174047373
donald 0.0005149330587023687 0.494850021680094 0.00025481463526266427
trump 0.0005149330587023687 0.5086383061657272 0.0002619146787671098
dove 0.0005149330587023687 2.0 0.0010298661174047373
pressing 0.0005149330587023687 2.0 0.0010298661174047373
forging 0.0005149330587023687 2.0 0.0010298661174047373
north 0.0005149330587023687 0.6777807052660807 0.00034901169169211156
korea 0.0005149330587023687 1.1549019599857433 0.0005946971987568194
longest 0.0005149330587023687 0.958607314841775 0.0004936185967259397
living 0.0005149330587023687 0.619788758288394 0.0003191497210547858
surpassing 0.0005149330587023687 1.5228787452803376 0.0007841806103400296
mark 0.0005149330587023687 0.958607314841775 0.0004936185967259397
established 0.0005149330587023687 0.7447274948966939 0.00038348480684690723
h 0.001544799176107106 1.3979400086720377 0.0021595365736437246
w 0.0020597322348094747 0.6989700043360189 0.0014396910490958163
bush 0.0020597322348094747 0.7447274948966939 0.001533939227387629
may 0.0005149330587023687 0.3098039199714864 0.00015952828010890133
undergone 0.0005149330587023687 1.6989700043360187 0.0008748558209763227
falling 0.0005149330587023687 1.3010299956639813 0.0006699433551307833
breaking 0.0005149330587023687 1.2218487496163564 0.000629170313911615
hip 0.0005149330587023687 1.1549019599857433 0.0005946971987568194
check 0.0005149330587023687 0.07058107428570728 3.634452846843835e-05
strive 0.0005149330587023687 0.07058107428570728 3.634452846843835e-05
accuracy 0.0005149330587023687 0.07058107428570728 3.634452846843835e-05
fairness 0.0005149330587023687 0.07058107428570728 3.634452846843835e-05
see 0.0010298661174047373 0.04575749056067514 4.712408914590643e-05
something 0.0005149330587023687 0.07058107428570728 3.634452846843835e-05
citation 0.0005149330587023687 0.07058107428570728 3.634452846843835e-05
information 0.0005149330587023687 0.07058107428570728 3.634452846843835e-05
article 0.0005149330587023687 0.07058107428570728 3.634452846843835e-05
title 0.0005149330587023687 0.07058107428570728 3.634452846843835e-05
author 0.0005149330587023687 0.06048074738138145 3.114353624170002e-05
com 0.0010298661174047373 0.06048074738138145 6.228707248340004e-05
editor 0.0005149330587023687 0.1023729087095586 5.271519501007137e-05
website 0.0010298661174047373 0.0655015487564323 6.745782570178403e-05
url 0.0005149330587023687 0.07058107428570728 3.634452846843835e-05
access 0.0005149330587023687 0.07058107428570728 3.634452846843835e-05
publisher 0.0005149330587023687 0.07058107428570728 3.634452846843835e-05
e 0.0010298661174047373 0.04575749056067514 4.712408914590643e-05
television 0.0010298661174047373 0.04575749056067514 4.712408914590643e-05
network 0.0010298661174047373 0.04575749056067514 4.712408914590643e-05
last 0.0005149330587023687 0.0655015487564323 3.372891285089202e-05
updated 0.0005149330587023687 0.07058107428570728 3.634452846843835e-05
april 0.0010298661174047373 0.1549019599857432 0.00015952828010890133
original 0.0005149330587023687 0.0655015487564323 3.372891285089202e-05
published 0.0005149330587023687 0.07058107428570728 3.634452846843835e-05
receive 0.0005149330587023687 0.05551732784983141 2.8587707440695887e-05
story 0.001544799176107106 0.05551732784983141 8.576312232208765e-05
shaped 0.0010298661174047373 0.05551732784983141 5.7175414881391775e-05
world 0.0005149330587023687 0.04575749056067514 2.3562044572953214e-05
lady 0.0005149330587023687 0.6575773191777938 0.00033860830029752514
best 0.0005149330587023687 0.13667713987954408 7.037957769286513e-05
wife 0.0005149330587023687 0.3098039199714864 0.00015952828010890133
rubin 0.0010298661174047373 2.0 0.0020597322348094747
boxer 0.0005149330587023687 1.1549019599857433 0.0005946971987568194
twice 0.0005149330587023687 0.958607314841775 0.0004936185967259397
wrongly 0.0010298661174047373 2.0 0.0020597322348094747
convicted 0.0010298661174047373 1.3010299956639813 0.0013398867102615666
triple 0.0005149330587023687 1.5228787452803376 0.0007841806103400296
murder 0.0005149330587023687 0.853871964321762 0.00043968690232840476
imprisoned 0.0005149330587023687 1.5228787452803376 0.0007841806103400296
nearly 0.0005149330587023687 0.721246399047171 0.00037139361433942896
conviction 0.0005149330587023687 1.5228787452803376 0.0007841806103400296
overturned 0.0005149330587023687 1.2218487496163564 0.000629170313911615
dedicated 0.0005149330587023687 1.045757490560675 0.0005384951032753218
rest 0.0005149330587023687 0.6020599913279624 0.0003100205928568292
advocating 0.0005149330587023687 1.2218487496163564 0.000629170313911615
lynda 0.0010298661174047373 2.0 0.0020597322348094747
actress 0.0005149330587023687 0.6020599913279624 0.0003100205928568292
chiefly 0.0005149330587023687 2.0 0.0010298661174047373
role 0.0005149330587023687 0.3665315444204135 0.00018873920927930664
wonder 0.0005149330587023687 1.2218487496163564 0.000629170313911615
eponymous 0.0005149330587023687 2.0 0.0010298661174047373
tv 0.0005149330587023687 0.5228787452803376 0.00026924755163766097
series 0.0005149330587023687 0.37675070960209955 0.00019400139526369698
g 0.0010298661174047373 0.8239087409443188 0.0008485156961321512
woodson 0.0010298661174047373 2.0 0.0020597322348094747
writer 0.0005149330587023687 0.6989700043360189 0.00035992276227395407
historian 0.0005149330587023687 1.6989700043360187 0.0008748558209763227
penned 0.0005149330587023687 1.2218487496163564 0.000629170313911615
mi 0.0005149330587023687 1.6989700043360187 0.0008748558209763227
negro 0.0005149330587023687 1.5228787452803376 0.0007841806103400296
dwight 0.0010298661174047373 1.5228787452803376 0.0015683612206800592
eisenhower 0.0010298661174047373 1.5228787452803376 0.0015683612206800592
atom 0.0005149330587023687 1.5228787452803376 0.0007841806103400296
general 0.0005149330587023687 0.4559319556497244 0.00023477443648286527
assembly 0.0005149330587023687 0.8239087409443188 0.0004242578480660756
order 0.0005149330587023687 0.494850021680094 0.00025481463526266427
cold 0.0005149330587023687 1.045757490560675 0.0005384951032753218
war 0.0005149330587023687 0.35654732351381263 0.0001835980038691105
tension 0.0005149330587023687 1.0969100130080565 0.0005648352281194935
st 0.0005149330587023687 0.721246399047171 0.00037139361433942896
rd 0.0005149330587023687 1.3010299956639813 0.0006699433551307833
barack 0.0010298661174047373 0.3872161432802645 0.00039878078607648244
obama 0.0010298661174047373 0.37675070960209955 0.00038800279052739396
serve 0.0005149330587023687 0.5086383061657272 0.0002619146787671098
lyndon 0.0010298661174047373 1.2218487496163564 0.00125834062782323
b 0.0010298661174047373 0.37675070960209955 0.00038800279052739396
johnson 0.0010298661174047373 0.853871964321762 0.0008793738046568095
following 0.0005149330587023687 0.2518119729937996 0.00012966630947157547
assassination 0.0005149330587023687 0.7447274948966939 0.00038348480684690723
f 0.0005149330587023687 0.721246399047171 0.00037139361433942896
howard 0.0010298661174047373 0.958607314841775 0.0009872371934518795
british 0.0005149330587023687 0.6989700043360189 0.00035992276227395407
archaeologist 0.0005149330587023687 2.0 0.0010298661174047373
excavated 0.0005149330587023687 2.0 0.0010298661174047373
king 0.0005149330587023687 0.4685210829577449 0.0002412569943139778
tut 0.0005149330587023687 2.0 0.0010298661174047373
tomb 0.0005149330587023687 2.0 0.0010298661174047373
beginning 0.0005149330587023687 0.9208187539523752 0.00047416001748320043
loading 0.0005149330587023687 0.04575749056067514 2.3562044572953214e-05
logo 0.0005149330587023687 0.04575749056067514 2.3562044572953214e-05
trademark 0.0005149330587023687 0.04575749056067514 2.3562044572953214e-05
llc 0.0005149330587023687 0.04575749056067514 2.3562044572953214e-05
close 0.0020597322348094747 0.04575749056067514 9.424817829181286e-05
