paris 0.032648125755743655 0.6020599913279624 0.01965613030937725
jackson 0.0701330108827086 1.4814860601221125 0.1039010779771252
mother 0.0036275695284159614 0.21467016498923297 0.0007787309491749685
age 0.0024183796856106408 0.11350927482751813 0.0002745085243712651
music 0.0036275695284159614 0.4559319556497244 0.0016539248693460376
biography 0.012091898428053204 0.04575749056067514 0.0005532949281822871
skip 0.0012091898428053204 0.04575749056067514 5.532949281822871e-05
main 0.0012091898428053204 0.04575749056067514 5.532949281822871e-05
content 0.0012091898428053204 0.04575749056067514 5.532949281822871e-05
people 0.006045949214026602 0.04575749056067514 0.00027664746409114354
nostalgia 0.0036275695284159614 0.04575749056067514 0.00016598847845468613
celebrity 0.0036275695284159614 0.04575749056067514 0.00016598847845468613
history 0.006045949214026602 0.04575749056067514 0.00027664746409114354
culture 0.0036275695284159614 0.04575749056067514 0.00016598847845468613
crime 0.0036275695284159614 0.04575749056067514 0.00016598847845468613
scandal 0.0036275695284159614 0.04575749056067514 0.00016598847845468613
video 0.0036275695284159614 0.04575749056067514 0.00016598847845468613
contact 0.0036275695284159614 0.04575749056067514 0.00016598847845468613
u 0.0036275695284159614 0.04575749056067514 0.00016598847845468613
advertise 0.0024183796856106408 0.04575749056067514 0.00011065898563645742
privacy 0.0036275695284159614 0.04575749056067514 0.00016598847845468613
notice 0.0024183796856106408 0.04575749056067514 0.00011065898563645742
term 0.0024183796856106408 0.04575749056067514 0.00011065898563645742
use 0.0024183796856106408 0.04575749056067514 0.00011065898563645742
copyright 0.0024183796856106408 0.04575749056067514 0.00011065898563645742
policy 0.0024183796856106408 0.04575749056067514 0.00011065898563645742
ad 0.0024183796856106408 0.04575749056067514 0.00011065898563645742
choice 0.0024183796856106408 0.04575749056067514 0.00011065898563645742
accessibility 0.0024183796856106408 0.04575749056067514 0.00011065898563645742
support 0.0024183796856106408 0.04575749056067514 0.00011065898563645742
setting 0.0012091898428053204 0.04575749056067514 5.532949281822871e-05
february 0.0024183796856106408 0.04575749056067514 0.00011065898563645742
subscribe 0.0024183796856106408 0.04575749056067514 0.00011065898563645742
newsletter 0.0036275695284159614 0.04575749056067514 0.00016598847845468613
photo 0.0012091898428053204 0.12493873660829993 0.00015107465127968552
frazer 0.0012091898428053204 1.6989700043360187 0.002054377272474025
harrison 0.0012091898428053204 1.6989700043360187 0.002054377272474025
getty 0.0012091898428053204 0.2291479883578558 0.00027708342002159104
image 0.0012091898428053204 0.2218487496163564 0.0002682572546751589
quick 0.0012091898428053204 0.07058107428570728 8.534591812056504e-05
fact 0.0024183796856106408 0.14116214857141457 0.00034138367248226015
name 0.0036275695284159614 0.05551732784983141 0.00020139296680712725
birth 0.0024183796856106408 0.07058107428570728 0.00017069183624113008
date 0.0048367593712212815 0.07058107428570728 0.00034138367248226015
april 0.0036275695284159614 0.1549019599857432 0.0005619176299361906
place 0.0024183796856106408 0.07572071393811834 0.0001831214363678799
beverly 0.0012091898428053204 1.3979400086720377 0.0016903748593374095
hill 0.0012091898428053204 1.3010299956639813 0.0015731922559419362
california 0.0024183796856106408 0.5528419686577808 0.0013369817863549717
full 0.0024183796856106408 0.3010299956639812 0.0007280048262732315
michael 0.018137847642079808 0.494850021680094 0.008975514298913434
katherine 0.006045949214026602 0.9208187539523752 0.005567223421719318
zodiac 0.0012091898428053204 0.3010299956639812 0.0003640024131366157
sign 0.0024183796856106408 0.05551732784983141 0.00013426197787141817
aries 0.0012091898428053204 1.5228787452803376 0.001841449510617095
cite 0.0012091898428053204 0.07058107428570728 8.534591812056504e-05
page 0.0012091898428053204 0.07058107428570728 8.534591812056504e-05
publish 0.0012091898428053204 0.07058107428570728 8.534591812056504e-05
jun 0.0012091898428053204 1.045757490560675 0.0012645193356235489
comment 0.0024183796856106408 0.07058107428570728 0.00017069183624113008
second 0.0024183796856106408 0.19382002601611284 0.00046873041358189317
child 0.006045949214026602 0.5000381344038097 0.003023205165682042
daughter 0.0024183796856106408 0.31875876262441283 0.0007708797161412644
pop 0.008464328899637243 0.5686362358410126 0.0048131241244100224
legend 0.0036275695284159614 0.5686362358410126 0.0020627674818900097
late 0.0036275695284159614 0.3665315444204135 0.0013296186617427334
biological 0.0012091898428053204 1.045757490560675 0.0012645193356235489
debbie 0.0012091898428053204 1.1549019599857433 0.0013964957194507173
rowe 0.0012091898428053204 1.2218487496163564 0.0014774470974804792
ex 0.0012091898428053204 0.9208187539523752 0.0011134446843438636
wife 0.0012091898428053204 0.3098039199714864 0.0003746117532907937
signed 0.0024183796856106408 0.494850021680094 0.0011967352398551245
custody 0.0012091898428053204 1.045757490560675 0.0012645193356235489
well 0.0012091898428053204 0.20065945054641826 0.00024263536946362546
son 0.0012091898428053204 0.28399665636520083 0.00034340587226747377
brother 0.0048367593712212815 1.2907300390241692 0.00624295061196696
prince 0.009673518742442563 0.6989700043360189 0.006761499437349638
following 0.0036275695284159614 0.2518119729937996 0.0009134654401226104
couple 0.0012091898428053204 0.40893539297350084 0.0004944805235471595
divorce 0.0012091898428053204 1.0 0.0012091898428053204
youngest 0.0024183796856106408 0.5228787452803376 0.001264519335623549
sibling 0.0024183796856106408 0.9208187539523752 0.002226889368687727
blanket 0.007255139056831923 0.9208187539523752 0.0066806681060631815
bigi 0.0024183796856106408 1.045757490560675 0.0025290386712470978
father 0.009673518742442563 0.14874165128092467 0.0014388551514478807
death 0.009673518742442563 0.2365720064370627 0.0022884837382061685
june 0.0036275695284159614 0.28399665636520083 0.0010302176168024214
suffered 0.0012091898428053204 0.6575773191777938 0.0007951358152089405
cardiac 0.0012091898428053204 1.1549019599857433 0.0013964957194507173
arrest 0.0012091898428053204 0.8860566476931633 0.0010714106985407052
los 0.0024183796856106408 0.6020599913279624 0.001456009652546463
angeles 0.0024183796856106408 0.6020599913279624 0.001456009652546463
home 0.0036275695284159614 0.31875876262441283 0.0011563195742118966
died 0.0024183796856106408 0.31875876262441283 0.0007708797161412644
shortly 0.0024183796856106408 0.585026652029182 0.0014148165708081789
transported 0.0012091898428053204 1.6989700043360187 0.002054377272474025
nearby 0.0012091898428053204 1.0969100130080565 0.0013263724462007937
hospital 0.0012091898428053204 0.8239087409443188 0.0009962620809483903
time 0.0012091898428053204 0.1023729087095586 0.0001237882813900346
year 0.0024183796856106408 0.24995468798823245 0.0006044853397538874
old 0.0024183796856106408 0.28399665636520083 0.0006868117445349475
dictated 0.0012091898428053204 1.6989700043360187 0.002054377272474025
came 0.0024183796856106408 0.3010299956639812 0.0007280048262732315
legal 0.0024183796856106408 0.5086383061657272 0.0012300805469546002
care 0.0024183796856106408 0.5376020021010439 0.0013001257608247737
grandmother 0.0024183796856106408 0.6777807052660807 0.0016391310889143425
official 0.0012091898428053204 0.721246399047171 0.0008721238198877521
coroner 0.0012091898428053204 1.045757490560675 0.0012645193356235489
report 0.0024183796856106408 0.8239087409443188 0.0019925241618967806
released 0.0036275695284159614 0.3010299956639812 0.001092007239409847
revealing 0.0012091898428053204 1.1549019599857433 0.0013964957194507173
singer 0.0036275695284159614 0.4202164033831899 0.0015243642202534095
acute 0.0012091898428053204 1.2218487496163564 0.0014774470974804792
propofol 0.0012091898428053204 1.1549019599857433 0.0013964957194507173
intoxication 0.0012091898428053204 1.2218487496163564 0.0014774470974804792
aided 0.0012091898428053204 0.9208187539523752 0.0011134446843438636
personal 0.0024183796856106408 0.3372421683184259 0.0008155796089925657
physician 0.0012091898428053204 0.8239087409443188 0.0009962620809483903
dr 0.0012091898428053204 0.7958800173440752 0.000962370033064178
conrad 0.0012091898428053204 1.0 0.0012091898428053204
murray 0.0048367593712212815 1.0969100130080565 0.005305489784803175
used 0.0012091898428053204 0.5086383061657272 0.0006150402734773001
drug 0.0012091898428053204 0.6575773191777938 0.0007951358152089405
among 0.0024183796856106408 0.35654732351381263 0.0008622668041446496
others 0.0012091898428053204 0.494850021680094 0.0005983676199275622
help 0.0012091898428053204 0.4559319556497244 0.0005513082897820125
sleep 0.0012091898428053204 1.045757490560675 0.0012645193356235489
police 0.0012091898428053204 0.5376020021010439 0.0006500628804123868
investigation 0.0012091898428053204 0.958607314841775 0.001159138228345556
revealed 0.0024183796856106408 0.5086383061657272 0.0012300805469546002
later 0.0024183796856106408 0.09151498112135023 0.0002213179712729147
licensed 0.0012091898428053204 1.0969100130080565 0.0013263724462007937
prescribe 0.0012091898428053204 1.1549019599857433 0.0013964957194507173
controlled 0.0012091898428053204 0.8239087409443188 0.0009962620809483903
medication 0.0012091898428053204 1.3979400086720377 0.0016903748593374095
doctor 0.0012091898428053204 1.1549019599857433 0.0013964957194507173
action 0.0024183796856106408 1.2628073572952627 0.0030539476597225214
caretaker 0.0012091898428053204 1.3979400086720377 0.0016903748593374095
subsequently 0.0012091898428053204 0.7695510786217261 0.0009305333477892697
scrutinized 0.0012091898428053204 1.1549019599857433 0.0013964957194507173
found 0.0012091898428053204 0.3372421683184259 0.00040778980449628283
guilty 0.0012091898428053204 0.7958800173440752 0.000962370033064178
homicide 0.0012091898428053204 1.0969100130080565 0.0013263724462007937
november 0.0036275695284159614 0.24412514432750856 0.0008855809346826187
receiving 0.0012091898428053204 0.619788758288394 0.0007494422712072479
four 0.0012091898428053204 0.28399665636520083 0.00034340587226747377
prison 0.0012091898428053204 0.6020599913279624 0.0007280048262732315
sentence 0.0012091898428053204 0.8239087409443188 0.0009962620809483903
believing 0.0012091898428053204 1.045757490560675 0.0012645193356235489
e 0.008464328899637243 0.04575749056067514 0.000387306449727601
g 0.006045949214026602 0.8239087409443188 0.004981310404741951
live 0.0024183796856106408 0.431798275933005 0.0010442521787980773
entertainment 0.0024183796856106408 1.0 0.0024183796856106408
company 0.0024183796856106408 0.494850021680094 0.0011967352398551245
promoted 0.0012091898428053204 0.8860566476931633 0.0010714106985407052
planned 0.0012091898428053204 0.7958800173440752 0.000962370033064178
comeback 0.0012091898428053204 1.0969100130080565 0.0013263724462007937
concert 0.0012091898428053204 1.5228787452803376 0.001841449510617095
failed 0.0012091898428053204 0.5376020021010439 0.0006500628804123868
effectively 0.0012091898428053204 0.958607314841775 0.001159138228345556
protect 0.0012091898428053204 0.721246399047171 0.0008721238198877521
family 0.0048367593712212815 0.11918640771920867 0.000576475974458083
decided 0.0012091898428053204 0.494850021680094 0.0005983676199275622
take 0.0012091898428053204 0.48148606012211254 0.0005822080533520103
officially 0.0012091898428053204 0.6989700043360189 0.0008451874296687048
filed 0.0012091898428053204 0.7958800173440752 0.000962370033064178
wrongful 0.0012091898428053204 1.2218487496163564 0.0014774470974804792
lawsuit 0.0012091898428053204 0.853871964321762 0.0010324933063141017
trial 0.0012091898428053204 0.7447274948966939 0.0009005169224869333
began 0.0036275695284159614 0.20065945054641826 0.0007279061083908764
lawyer 0.0024183796856106408 1.6363880201078558 0.003957407545605455
sought 0.0012091898428053204 0.721246399047171 0.0008721238198877521
billion 0.0012091898428053204 0.8860566476931633 0.0010714106985407052
estimation 0.0012091898428053204 1.2218487496163564 0.0014774470974804792
could 0.0012091898428053204 0.4202164033831899 0.0005081214067511365
earned 0.0012091898428053204 0.40893539297350084 0.0004944805235471595
month 0.0024183796856106408 0.431798275933005 0.0010442521787980773
since 0.0024183796856106408 0.3372421683184259 0.0008155796089925657
alive 0.0012091898428053204 1.0 0.0012091898428053204
case 0.0012091898428053204 0.5228787452803376 0.0006322596678117746
october 0.0012091898428053204 0.37675070960209955 0.00045556313132055564
jury 0.0012091898428053204 0.853871964321762 0.0010324933063141017
determined 0.0012091898428053204 0.7695510786217261 0.0009305333477892697
responsible 0.0012091898428053204 0.7695510786217261 0.0009305333477892697
although 0.0012091898428053204 0.431798275933005 0.0005221260893990387
terrible 0.0012091898428053204 1.0969100130080565 0.0013263724462007937
tragedy 0.0024183796856106408 0.853871964321762 0.0020649866126282034
making 0.0024183796856106408 0.3979400086720376 0.000962370033064178
said 0.0024183796856106408 0.2518119729937996 0.0006089769600817402
marvin 0.0012091898428053204 1.0969100130080565 0.0013263724462007937
putnam 0.0012091898428053204 1.2218487496163564 0.0014774470974804792
public 0.0024183796856106408 0.2596373105057561 0.0006279015973537028
appearance 0.003627569528415961 1.8860566476931633 0.006841801624038076
xa 0.010882708585247884 0.17392519729917358 0.0018927772378386485
managed 0.0012091898428053204 0.958607314841775 0.001159138228345556
largely 0.0012091898428053204 0.853871964321762 0.0010324933063141017
stay 0.0012091898428053204 1.2218487496163564 0.0014774470974804792
limelight 0.0012091898428053204 2.0 0.0024183796856106408
infrequently 0.0012091898428053204 2.0 0.0024183796856106408
however 0.0012091898428053204 0.32790214206428253 0.0003964959396182376
spoke 0.0012091898428053204 0.7695510786217261 0.0009305333477892697
fan 0.0012091898428053204 0.8239087409443188 0.0009962620809483903
funeral 0.0012091898428053204 1.0969100130080565 0.0013263724462007937
january 0.0012091898428053204 0.2676062401770315 0.0003235867474933875
accepting 0.0012091898428053204 1.2218487496163564 0.0014774470974804792
posthumous 0.0012091898428053204 1.3010299956639813 0.0015731922559419362
lifetime 0.0012091898428053204 0.7958800173440752 0.000962370033064178
achievement 0.0012091898428053204 0.8860566476931633 0.0010714106985407052
award 0.0024183796856106408 1.216096420727265 0.0029409828796306287
grammy 0.0012091898428053204 0.6575773191777938 0.0007951358152089405
made 0.0012091898428053204 0.1804560644581313 0.00021820564021539455
guest 0.0012091898428053204 1.045757490560675 0.0012645193356235489
oprah 0.0012091898428053204 1.1549019599857433 0.0013964957194507173
winfrey 0.0012091898428053204 1.1549019599857433 0.0013964957194507173
series 0.0012091898428053204 0.37675070960209955 0.00045556313132055564
next 0.0024183796856106408 0.07058107428570728 0.00017069183624113008
chapter 0.0012091898428053204 1.1549019599857433 0.0013964957194507173
discussed 0.0012091898428053204 1.1549019599857433 0.0013964957194507173
childhood 0.0012091898428053204 0.6020599913279624 0.0007280048262732315
experience 0.0012091898428053204 0.619788758288394 0.0007494422712072479
victim 0.0012091898428053204 1.5228787452803376 0.001841449510617095
cyberbullying 0.0012091898428053204 2.0 0.0024183796856106408
life 0.0048367593712212815 0.13679614097137055 0.000661650016790184
trouble 0.0012091898428053204 1.3010299956639813 0.0015731922559419362
early 0.0024183796856106408 0.07572071393811834 0.0001831214363678799
several 0.0012091898428053204 0.32790214206428253 0.0003964959396182376
medium 0.0012091898428053204 0.5086383061657272 0.0006150402734773001
outlet 0.0024183796856106408 1.2218487496163564 0.0029548941949609584
reported 0.0012091898428053204 0.7447274948966939 0.0009005169224869333
emergency 0.0012091898428053204 1.1549019599857433 0.0013964957194507173
responder 0.0012091898428053204 2.0 0.0024183796856106408
called 0.0024183796856106408 0.3010299956639812 0.0007280048262732315
possible 0.0012091898428053204 0.7695510786217261 0.0009305333477892697
suicide 0.0024183796856106408 0.958607314841775 0.002318276456691112
attempt 0.0024183796856106408 1.540607512240769 0.0037257739111022222
according 0.0024183796856106408 0.638272163982407 0.001543584435265797
com 0.0036275695284159614 0.06048074738138145 0.0002193981162565228
hospitalized 0.0012091898428053204 1.0969100130080565 0.0013263724462007937
cut 0.0012091898428053204 0.958607314841775 0.001159138228345556
wrist 0.0012091898428053204 2.0 0.0024183796856106408
kitchen 0.0012091898428053204 1.6989700043360187 0.002054377272474025
knife 0.0012091898428053204 1.6989700043360187 0.002054377272474025
took 0.0012091898428053204 0.28399665636520083 0.00034340587226747377
many 0.0024183796856106408 0.28399665636520083 0.0006868117445349475
ibuprofen 0.0012091898428053204 2.0 0.0024183796856106408
tablet 0.0012091898428053204 2.0 0.0024183796856106408
underwent 0.0012091898428053204 1.0969100130080565 0.0013263724462007937
treatment 0.0012091898428053204 1.0969100130080565 0.0013263724462007937
incident 0.0012091898428053204 0.8860566476931633 0.0010714106985407052
previous 0.0012091898428053204 1.1549019599857433 0.0013964957194507173
one 0.0048367593712212815 0.08092190762392613 0.0003913997950371276
able 0.0024183796856106408 0.7447274948966939 0.0018010338449738665
move 0.0012091898428053204 0.721246399047171 0.0008721238198877521
forward 0.0012091898428053204 0.7695510786217261 0.0009305333477892697
read 0.0012091898428053204 0.0655015487564323 7.92038074442954e-05
bella 0.0012091898428053204 0.0655015487564323 7.92038074442954e-05
hadid 0.0012091898428053204 0.0655015487564323 7.92038074442954e-05
sadie 0.0012091898428053204 0.06048074738138145 7.313270541884093e-05
alexander 0.0012091898428053204 0.05551732784983141 6.713098893570908e-05
adrienne 0.0012091898428053204 0.0655015487564323 7.92038074442954e-05
kennedy 0.0012091898428053204 0.06048074738138145 7.313270541884093e-05
self 0.0024183796856106408 0.6989700043360189 0.0016903748593374095
hatred 0.0012091898428053204 1.3979400086720377 0.0016903748593374095
told 0.0012091898428053204 0.44369749923271273 0.0005365145093503177
rolling 0.0024183796856106408 1.0969100130080565 0.0026527448924015874
stone 0.0024183796856106408 1.0969100130080565 0.0026527448924015874
low 0.0012091898428053204 1.0 0.0012091898428053204
esteem 0.0012091898428053204 1.6989700043360187 0.002054377272474025
thinking 0.0024183796856106408 1.3010299956639813 0.0031463845118838724
anything 0.0012091898428053204 0.9208187539523752 0.0011134446843438636
right 0.0024183796856106408 0.07058107428570728 0.00017069183624113008
worthy 0.0012091898428053204 2.0 0.0024183796856106408
living 0.0012091898428053204 0.619788758288394 0.0007494422712072479
anymore 0.0012091898428053204 2.0 0.0024183796856106408
appeared 0.0024183796856106408 0.721246399047171 0.0017442476397755043
much 0.0012091898428053204 0.37675070960209955 0.00045556313132055564
better 0.0012091898428053204 0.638272163982407 0.0007717922176328985
dating 0.0012091898428053204 1.0969100130080565 0.0013263724462007937
chester 0.0012091898428053204 1.6989700043360187 0.002054377272474025
castellaw 0.0012091898428053204 2.0 0.0024183796856106408
pair 0.0012091898428053204 0.7958800173440752 0.000962370033064178
quits 0.0012091898428053204 2.0 0.0024183796856106408
turned 0.0012091898428053204 0.638272163982407 0.0007717922176328985
moved 0.0012091898428053204 0.3872161432802645 0.0004682178274247454
estate 0.0012091898428053204 0.853871964321762 0.0010324933063141017
converting 0.0012091898428053204 2.0 0.0024183796856106408
private 0.0012091898428053204 0.6020599913279624 0.0007280048262732315
studio 0.0024183796856106408 1.045757490560675 0.0025290386712470978
apartment 0.0012091898428053204 1.1549019599857433 0.0013964957194507173
meanwhile 0.0012091898428053204 1.0969100130080565 0.0013263724462007937
struck 0.0012091898428053204 0.9208187539523752 0.0011134446843438636
relationship 0.0012091898428053204 0.5228787452803376 0.0006322596678117746
musician 0.0024183796856106408 0.6575773191777938 0.001590271630417881
snoddy 0.0012091898428053204 2.0 0.0024183796856106408
ended 0.0012091898428053204 0.5686362358410126 0.0006875891606300032
july 0.0012091898428053204 0.37675070960209955 0.00045556313132055564
court 0.0024183796856106408 0.4202164033831899 0.001016242813502273
granted 0.0012091898428053204 0.958607314841775 0.001159138228345556
temporary 0.0024183796856106408 0.853871964321762 0.0020649866126282034
restraining 0.0012091898428053204 1.5228787452803376 0.001841449510617095
order 0.0012091898428053204 0.494850021680094 0.0005983676199275622
man 0.0024183796856106408 0.37675070960209955 0.0009111262626411113
claimed 0.0012091898428053204 0.7447274948966939 0.0009005169224869333
stalking 0.0012091898428053204 2.0 0.0024183796856106408
document 0.0012091898428053204 1.0969100130080565 0.0013263724462007937
accused 0.0012091898428053204 0.8239087409443188 0.0009962620809483903
stalker 0.0012091898428053204 1.6989700043360187 0.002054377272474025
approached 0.0012091898428053204 1.5228787452803376 0.001841449510617095
outside 0.0012091898428053204 0.6989700043360189 0.0008451874296687048
recording 0.0012091898428053204 0.8239087409443188 0.0009962620809483903
waited 0.0012091898428053204 2.0 0.0024183796856106408
extensively 0.0012091898428053204 1.5228787452803376 0.001841449510617095
refused 0.0012091898428053204 0.7447274948966939 0.0009005169224869333
leave 0.0012091898428053204 0.6575773191777938 0.0007951358152089405
also 0.0024183796856106408 0.0861861476162833 0.0002084308285762595
mentioned 0.0012091898428053204 1.5228787452803376 0.001841449510617095
shotgun 0.0012091898428053204 2.0 0.0024183796856106408
saying 0.0012091898428053204 0.7958800173440752 0.000962370033064178
midnight 0.0012091898428053204 1.0969100130080565 0.0013263724462007937
two 0.0012091898428053204 0.11918640771920867 0.00014411899361452076
instagram 0.0012091898428053204 1.3010299956639813 0.0015731922559419362
story 0.0048367593712212815 0.7332980331159121 0.0035467861335715216
undergone 0.0012091898428053204 1.6989700043360187 0.002054377272474025
surgery 0.0012091898428053204 0.8239087409443188 0.0009962620809483903
remove 0.0012091898428053204 1.0969100130080565 0.0013263724462007937
abscess 0.0012091898428053204 2.0 0.0024183796856106408
almost 0.0012091898428053204 0.8860566476931633 0.0010714106985407052
size 0.0012091898428053204 1.3979400086720377 0.0016903748593374095
golf 0.0012091898428053204 1.5228787452803376 0.001841449510617095
ball 0.0012091898428053204 1.3979400086720377 0.0016903748593374095
despite 0.0012091898428053204 0.4202164033831899 0.0005081214067511365
pain 0.0012091898428053204 1.3010299956639813 0.0015731922559419362
perform 0.0012091898428053204 1.1549019599857433 0.0013964957194507173
band 0.0012091898428053204 0.9208187539523752 0.0011134446843438636
soundflowers 0.0012091898428053204 2.0 0.0024183796856106408
day 0.0012091898428053204 0.2924298239020636 0.0003536031727957238
acting 0.0036275695284159614 0.6777807052660807 0.002458696633371514
modeling 0.0024183796856106408 1.5228787452803376 0.00368289902123419
career 0.0024183796856106408 0.17392519729917358 0.00042061716396414405
known 0.0048367593712212815 0.06048074738138145 0.0002925308216753637
piercing 0.0012091898428053204 2.0 0.0024183796856106408
ice 0.0012091898428053204 1.2218487496163564 0.0014774470974804792
blue 0.0012091898428053204 0.8239087409443188 0.0009962620809483903
eye 0.0012091898428053204 1.0969100130080565 0.0013263724462007937
beauty 0.0012091898428053204 1.3010299956639813 0.0015731922559419362
come 0.0012091898428053204 0.5528419686577808 0.0006684908931774858
young 0.0012091898428053204 0.3010299956639812 0.0003640024131366157
adult 0.0012091898428053204 0.8860566476931633 0.0010714106985407052
appearing 0.0012091898428053204 1.2218487496163564 0.0014774470974804792
red 0.0012091898428053204 0.8239087409443188 0.0009962620809483903
carpet 0.0012091898428053204 2.0 0.0024183796856106408
event 0.0012091898428053204 0.853871964321762 0.0010324933063141017
trying 0.0012091898428053204 1.0 0.0012091898428053204
hand 0.0012091898428053204 0.7958800173440752 0.000962370033064178
img 0.0012091898428053204 2.0 0.0024183796856106408
model 0.0012091898428053204 1.6989700043360187 0.002054377272474025
got 0.0012091898428053204 0.5376020021010439 0.0006500628804123868
first 0.0036275695284159614 0.0655015487564323 0.0002376114223328862
job 0.0012091898428053204 0.5686362358410126 0.0006875891606300032
fox 0.0012091898428053204 1.3010299956639813 0.0015731922559419362
star 0.0024183796856106408 0.32790214206428253 0.0007929918792364752
produced 0.0012091898428053204 0.7958800173440752 0.000962370033064178
directed 0.0012091898428053204 1.0969100130080565 0.0013263724462007937
lee 0.0012091898428053204 0.7695510786217261 0.0009305333477892697
daniel 0.0012091898428053204 1.3979400086720377 0.0016903748593374095
film 0.0012091898428053204 0.6020599913279624 0.0007280048262732315
gringo 0.0012091898428053204 2.0 0.0024183796856106408
length 0.0012091898428053204 1.2218487496163564 0.0014774470974804792
album 0.003627569528415961 1.1214782044987934 0.004068240161422466
wilted 0.0012091898428053204 2.0 0.0024183796856106408
lead 0.0012091898428053204 0.5228787452803376 0.0006322596678117746
single 0.0012091898428053204 0.585026652029182 0.0007074082854040894
x 0.0024183796856106408 0.4559319556497244 0.001102616579564025
c 0.0012091898428053204 0.35654732351381263 0.0004311334020723248
let 0.0012091898428053204 0.6777807052660807 0.0008195655444571713
received 0.0012091898428053204 0.28399665636520083 0.00034340587226747377
critical 0.0012091898428053204 1.0969100130080565 0.0013263724462007937
applause 0.0012091898428053204 2.0 0.0024183796856106408
usa 0.0012091898428053204 1.5228787452803376 0.001841449510617095
today 0.0012091898428053204 0.7447274948966939 0.0009005169224869333
spin 0.0012091898428053204 1.6989700043360187 0.002054377272474025
weekly 0.0012091898428053204 1.5228787452803376 0.001841449510617095
check 0.0012091898428053204 0.07058107428570728 8.534591812056504e-05
strive 0.0012091898428053204 0.07058107428570728 8.534591812056504e-05
accuracy 0.0012091898428053204 0.07058107428570728 8.534591812056504e-05
fairness 0.0012091898428053204 0.07058107428570728 8.534591812056504e-05
see 0.0024183796856106408 0.04575749056067514 0.00011065898563645742
something 0.0012091898428053204 0.07058107428570728 8.534591812056504e-05
look 0.0012091898428053204 0.07058107428570728 8.534591812056504e-05
citation 0.0012091898428053204 0.07058107428570728 8.534591812056504e-05
information 0.0012091898428053204 0.07058107428570728 8.534591812056504e-05
article 0.0012091898428053204 0.07058107428570728 8.534591812056504e-05
title 0.0012091898428053204 0.07058107428570728 8.534591812056504e-05
author 0.0012091898428053204 0.06048074738138145 7.313270541884093e-05
editor 0.0012091898428053204 0.1023729087095586 0.0001237882813900346
website 0.0024183796856106408 0.0655015487564323 0.0001584076148885908
url 0.0012091898428053204 0.07058107428570728 8.534591812056504e-05
access 0.0012091898428053204 0.07058107428570728 8.534591812056504e-05
publisher 0.0012091898428053204 0.07058107428570728 8.534591812056504e-05
television 0.0024183796856106408 0.04575749056067514 0.00011065898563645742
network 0.0024183796856106408 0.04575749056067514 0.00011065898563645742
last 0.0012091898428053204 0.0655015487564323 7.92038074442954e-05
updated 0.0012091898428053204 0.07058107428570728 8.534591812056504e-05
original 0.0012091898428053204 0.0655015487564323 7.92038074442954e-05
published 0.0012091898428053204 0.07058107428570728 8.534591812056504e-05
receive 0.0012091898428053204 0.05551732784983141 6.713098893570908e-05
shaped 0.0024183796856106408 0.05551732784983141 0.00013426197787141817
world 0.0012091898428053204 0.04575749056067514 5.532949281822871e-05
person 0.010882708585247884 0.05060999335508724 0.0005507738091847463
best 0.0048367593712212815 0.13667713987954408 0.0006610744371441067
international 0.0024183796856106408 0.40893539297350084 0.000988961047094319
superstar 0.0024183796856106408 0.853871964321762 0.0020649866126282034
rest 0.0024183796856106408 0.6020599913279624 0.001456009652546463
famous 0.0024183796856106408 0.494850021680094 0.0011967352398551245
multi 0.0012091898428053204 0.6020599913279624 0.0007280048262732315
talented 0.0012091898428053204 0.7447274948966939 0.0009005169224869333
musical 0.0024183796856106408 0.48148606012211254 0.0011644161067040206
entertainer 0.0012091898428053204 0.8239087409443188 0.0009962620809483903
enjoyed 0.0012091898428053204 0.6575773191777938 0.0007951358152089405
chart 0.0012091898428053204 0.6777807052660807 0.0008195655444571713
topping 0.0012091898428053204 0.7958800173440752 0.000962370033064178
solo 0.0012091898428053204 0.6575773191777938 0.0007951358152089405
artist 0.0024183796856106408 1.341035157335565 0.0032431321821899998
selling 0.0024183796856106408 0.6575773191777938 0.001590271630417881
thriller 0.0012091898428053204 0.7958800173440752 0.000962370033064178
number 0.0012091898428053204 0.4685210829577449 0.0005665309346526541
hit 0.0024183796856106408 0.8751698505861407 0.0021164929881164227
bad 0.0012091898428053204 0.6020599913279624 0.0007280048262732315
wall 0.0012091898428053204 0.5528419686577808 0.0006684908931774858
ii 0.0012091898428053204 0.48148606012211254 0.0005822080533520103
third 0.0012091898428053204 0.4202164033831899 0.0005081214067511365
joseph 0.0036275695284159614 0.585026652029182 0.0021222248562122684
jr 0.0012091898428053204 0.32790214206428253 0.0003964959396182376
nicknamed 0.0012091898428053204 0.9208187539523752 0.0011134446843438636
jermaine 0.0024183796856106408 0.958607314841775 0.002318276456691112
member 0.0024183796856106408 0.3010299956639812 0.0007280048262732315
group 0.0036275695284159614 0.37675070960209955 0.001366689393961667
tj 0.0024183796856106408 1.045757490560675 0.0025290386712470978
performing 0.0012091898428053204 0.8239087409443188 0.0009962620809483903
guardianship 0.0012091898428053204 1.0 0.0012091898428053204
cousin 0.0012091898428053204 1.0969100130080565 0.0013263724462007937
janet 0.0024183796856106408 0.8860566476931633 0.0021428213970814103
contemporary 0.0012091898428053204 0.7958800173440752 0.000962370033064178
roster 0.0012091898428053204 0.958607314841775 0.001159138228345556
includes 0.0012091898428053204 0.8860566476931633 0.0010714106985407052
control 0.0012091898428053204 0.5528419686577808 0.0006684908931774858
rhythm 0.0012091898428053204 1.0 0.0012091898428053204
nation 0.0012091898428053204 0.35654732351381263 0.0004311334020723248
velvet 0.0012091898428053204 0.9208187539523752 0.0011134446843438636
rope 0.0012091898428053204 0.958607314841775 0.001159138228345556
unbreakable 0.0012091898428053204 0.8860566476931633 0.0010714106985407052
randy 0.0024183796856106408 0.9208187539523752 0.002226889368687727
fame 0.0012091898428053204 0.48148606012211254 0.0005822080533520103
r 0.0012091898428053204 0.5086383061657272 0.0006150402734773001
b 0.0012091898428053204 0.37675070960209955 0.00045556313132055564
loading 0.0012091898428053204 0.04575749056067514 5.532949281822871e-05
logo 0.0012091898428053204 0.04575749056067514 5.532949281822871e-05
registered 0.0012091898428053204 0.04575749056067514 5.532949281822871e-05
trademark 0.0012091898428053204 0.04575749056067514 5.532949281822871e-05
llc 0.0012091898428053204 0.04575749056067514 5.532949281822871e-05
close 0.0048367593712212815 0.04575749056067514 0.00022131797127291483
