group 0.04019292604501608 1.2306226739238615 0.0494623261223417
biography 0.006430868167202572 1.744727494896694 0.011220112507374237
skip 0.001607717041800643 0.04575749056067514 7.356509736442948e-05
main 0.001607717041800643 0.04575749056067514 7.356509736442948e-05
content 0.001607717041800643 0.04575749056067514 7.356509736442948e-05
people 0.011254019292604502 0.04575749056067514 0.0005149556815510065
nostalgia 0.00482315112540193 0.04575749056067514 0.0002206952920932885
celebrity 0.00482315112540193 0.04575749056067514 0.0002206952920932885
history 0.00964630225080386 0.04575749056067514 0.000441390584186577
culture 0.00482315112540193 0.04575749056067514 0.0002206952920932885
crime 0.00482315112540193 0.04575749056067514 0.0002206952920932885
scandal 0.00482315112540193 0.04575749056067514 0.0002206952920932885
video 0.006430868167202572 0.8696662315049939 0.005592708884276488
contact 0.003215434083601286 0.04575749056067514 0.00014713019472885897
u 0.008038585209003215 0.20065945054641832 0.0016130180912091504
advertise 0.003215434083601286 0.04575749056067514 0.00014713019472885897
privacy 0.00482315112540193 0.04575749056067514 0.0002206952920932885
notice 0.003215434083601286 0.04575749056067514 0.00014713019472885897
term 0.003215434083601286 0.04575749056067514 0.00014713019472885897
use 0.003215434083601286 0.04575749056067514 0.00014713019472885897
copyright 0.003215434083601286 0.04575749056067514 0.00014713019472885897
policy 0.003215434083601286 0.04575749056067514 0.00014713019472885897
ad 0.003215434083601286 0.04575749056067514 0.00014713019472885897
choice 0.003215434083601286 0.04575749056067514 0.00014713019472885897
accessibility 0.003215434083601286 0.04575749056067514 0.00014713019472885897
support 0.003215434083601286 0.04575749056067514 0.00014713019472885897
setting 0.001607717041800643 0.04575749056067514 7.356509736442948e-05
february 0.001607717041800643 0.04575749056067514 7.356509736442948e-05
subscribe 0.001607717041800643 0.04575749056067514 7.356509736442948e-05
newsletter 0.001607717041800643 0.04575749056067514 7.356509736442948e-05
famous 0.014469453376205787 0.494850021680094 0.007160209316914543
jazz 0.00482315112540193 1.0969100130080565 0.0052905627637044525
musician 0.006430868167202572 1.3010299956639813 0.008366752383691198
like 0.022508038585209004 0.2365720064370627 0.00532477184906572
louis 0.001607717041800643 1.0969100130080565 0.0017635209212348174
armstrong 0.001607717041800643 1.3979400086720377 0.002247491975356974
duke 0.001607717041800643 1.5228787452803376 0.0024483581113831795
ellington 0.001607717041800643 1.6989700043360187 0.0027314630294791296
mile 0.001607717041800643 1.3010299956639813 0.0020916880959227996
davis 0.003215434083601286 1.0969100130080565 0.0035270418424696347
billie 0.001607717041800643 1.5228787452803376 0.0024483581113831795
holiday 0.001607717041800643 1.045757490560675 0.0016812821391650724
ella 0.001607717041800643 1.6989700043360187 0.0027314630294791296
fitzgerald 0.001607717041800643 1.3979400086720377 0.002247491975356974
nina 0.001607717041800643 1.6989700043360187 0.0027314630294791296
simone 0.001607717041800643 1.6989700043360187 0.0027314630294791296
made 0.00482315112540193 0.1804560644581313 0.0008703668703768392
major 0.001607717041800643 0.4202164033831899 0.0006755890729633277
global 0.001607717041800643 0.8239087409443188 0.0013246121237046925
phenomenon 0.001607717041800643 1.3979400086720377 0.002247491975356974
black 0.012861736334405145 0.3872161432802645 0.004980271939296006
scientist 0.003215434083601286 1.3979400086720377 0.004494983950713948
george 0.006430868167202572 0.4685210829577449 0.0030129973180562375
washington 0.006430868167202572 0.3979400086720376 0.002559099734225322
carver 0.003215434083601286 1.6989700043360187 0.005462926058958259
neil 0.001607717041800643 1.3010299956639813 0.0020916880959227996
degrasse 0.001607717041800643 1.6989700043360187 0.0027314630294791296
tyson 0.001607717041800643 1.3010299956639813 0.0020916880959227996
otis 0.001607717041800643 1.6989700043360187 0.0027314630294791296
boykin 0.001607717041800643 2.0 0.003215434083601286
mae 0.001607717041800643 1.3979400086720377 0.002247491975356974
c 0.003215434083601286 0.35654732351381263 0.0011464544164431275
jemison 0.001607717041800643 2.0 0.003215434083601286
great 0.00482315112540193 0.5228787452803376 0.002521923208747609
contribution 0.003215434083601286 1.0969100130080565 0.0035270418424696347
scientific 0.001607717041800643 1.5228787452803376 0.0024483581113831795
progress 0.001607717041800643 1.0 0.001607717041800643
abolitionist 0.003215434083601286 2.0 0.006430868167202572
sojourner 0.003215434083601286 1.6989700043360187 0.005462926058958259
truth 0.003215434083601286 0.9208187539523752 0.002960832006277734
harriet 0.003215434083601286 2.0 0.006430868167202572
beecher 0.001607717041800643 2.0 0.003215434083601286
stowe 0.001607717041800643 2.0 0.003215434083601286
frederick 0.001607717041800643 1.6989700043360187 0.0027314630294791296
douglas 0.001607717041800643 1.6989700043360187 0.0027314630294791296
william 0.008038585209003215 0.8239087409443188 0.0066230606185234625
lloyd 0.001607717041800643 1.6989700043360187 0.0027314630294791296
garrison 0.001607717041800643 1.6989700043360187 0.0027314630294791296
raised 0.001607717041800643 0.585026652029182 0.0009405573183748908
voice 0.001607717041800643 1.3010299956639813 0.0020916880959227996
protest 0.001607717041800643 0.7447274948966939 0.0011973110850429162
slavery 0.001607717041800643 1.0 0.001607717041800643
britain 0.001607717041800643 1.3010299956639813 0.0020916880959227996
shakespeare 0.001607717041800643 1.6989700043360187 0.0027314630294791296
j 0.003215434083601286 0.7958800173440752 0.002559099734225322
k 0.001607717041800643 1.3979400086720377 0.002247491975356974
rowling 0.001607717041800643 2.0 0.003215434083601286
queen 0.00482315112540193 0.9208187539523752 0.004441248009416601
elizabeth 0.00482315112540193 0.7695510786217261 0.0037116611509086473
ii 0.003215434083601286 0.48148606012211254 0.0015481866884955386
kate 0.003215434083601286 1.2218487496163564 0.003928774114522046
middleton 0.003215434083601286 2.0 0.006430868167202572
princess 0.003215434083601286 2.0 0.006430868167202572
diana 0.003215434083601286 1.3979400086720377 0.004494983950713948
among 0.003215434083601286 0.35654732351381263 0.0011464544164431275
british 0.00482315112540193 0.6989700043360189 0.003371237963035461
native 0.003215434083601286 1.2218487496163564 0.003928774114522046
american 0.009646302250803858 0.6552148773673394 0.00632040074630874
leader 0.00482315112540193 0.48148606012211254 0.0023222800327433084
geronimo 0.001607717041800643 2.0 0.003215434083601286
sitting 0.001607717041800643 1.1549019599857433 0.0018567555626780438
bull 0.001607717041800643 1.6989700043360187 0.0027314630294791296
pocahontas 0.001607717041800643 2.0 0.003215434083601286
crazy 0.001607717041800643 1.2218487496163564 0.001964387057261023
horse 0.001607717041800643 1.5228787452803376 0.0024483581113831795
chief 0.001607717041800643 0.5686362358410126 0.0009142061669469657
joseph 0.001607717041800643 0.585026652029182 0.0009405573183748908
sacagawea 0.001607717041800643 2.0 0.003215434083601286
fought 0.003215434083601286 0.7958800173440752 0.002559099734225322
recognition 0.001607717041800643 1.3979400086720377 0.002247491975356974
right 0.008038585209003215 0.32790214206428253 0.0026358693091984124
immigrant 0.003215434083601286 1.0 0.003215434083601286
albert 0.001607717041800643 1.5228787452803376 0.0024483581113831795
einstein 0.001607717041800643 2.0 0.003215434083601286
nikola 0.001607717041800643 2.0 0.003215434083601286
tesla 0.001607717041800643 2.0 0.003215434083601286
arnold 0.001607717041800643 2.0 0.003215434083601286
schwarzenegger 0.001607717041800643 2.0 0.003215434083601286
embody 0.001607717041800643 1.6989700043360187 0.0027314630294791296
dream 0.001607717041800643 0.8860566476931633 0.001424528372497047
civil 0.006430868167202572 0.3467874862246563 0.002230144605946343
war 0.003215434083601286 0.35654732351381263 0.0011464544164431275
figure 0.003215434083601286 0.8239087409443188 0.002649224247409385
abraham 0.001607717041800643 1.0969100130080565 0.0017635209212348174
lincoln 0.001607717041800643 0.9208187539523752 0.001480416003138867
jefferson 0.00482315112540193 1.2218487496163564 0.00589316117178307
robert 0.001607717041800643 0.5528419686577808 0.0008888134544337311
e 0.00482315112540193 0.04575749056067514 0.0002206952920932885
lee 0.001607717041800643 0.7695510786217261 0.0012372203836362157
ulysses 0.001607717041800643 1.6989700043360187 0.0027314630294791296
grant 0.001607717041800643 1.3979400086720377 0.002247491975356974
stonewall 0.001607717041800643 1.6989700043360187 0.0027314630294791296
jackson 0.001607717041800643 0.5228787452803376 0.0008406410695825364
tecumseh 0.001607717041800643 2.0 0.003215434083601286
sherman 0.001607717041800643 1.2218487496163564 0.001964387057261023
played 0.001607717041800643 0.6575773191777938 0.00105719826234372
prominent 0.001607717041800643 0.7447274948966939 0.0011973110850429162
role 0.001607717041800643 0.619788758288394 0.0009964449490167105
activist 0.006430868167202572 1.0 0.006430868167202572
known 0.001607717041800643 0.06048074738138145 9.723592826588657e-05
fight 0.001607717041800643 0.5376020021010439 0.0008643119004839935
social 0.001607717041800643 0.5228787452803376 0.0008406410695825364
injustice 0.001607717041800643 1.1549019599857433 0.0018567555626780438
lasting 0.001607717041800643 1.2218487496163564 0.001964387057261023
impact 0.001607717041800643 1.0 0.001607717041800643
life 0.001607717041800643 0.05060999335508724 8.136654880239107e-05
oppressed 0.001607717041800643 1.3979400086720377 0.002247491975356974
include 0.00482315112540193 0.619788758288394 0.002989334847050132
martin 0.001607717041800643 0.5686362358410126 0.0009142061669469657
luther 0.001607717041800643 0.638272163982407 0.0010261610353414904
king 0.001607717041800643 0.4685210829577449 0.0007532493295140594
jr 0.001607717041800643 0.32790214206428253 0.0005271738618396825
tubman 0.001607717041800643 2.0 0.003215434083601286
rosa 0.001607717041800643 1.3010299956639813 0.0020916880959227996
park 0.003215434083601286 1.1549019599857433 0.0037135111253560876
w 0.001607717041800643 0.6989700043360189 0.001123745987678487
b 0.003215434083601286 0.37675070960209955 0.0012114170726755613
du 0.001607717041800643 1.3979400086720377 0.002247491975356974
bois 0.001607717041800643 2.0 0.003215434083601286
malcolm 0.001607717041800643 1.2218487496163564 0.001964387057261023
x 0.001607717041800643 0.4559319556497244 0.0007330095749995569
revolution 0.003215434083601286 1.0 0.003215434083601286
abigail 0.001607717041800643 1.6989700043360187 0.0027314630294791296
adam 0.003215434083601286 1.2218487496163564 0.003928774114522046
benjamin 0.003215434083601286 0.958607314841775 0.003082338632931752
franklin 0.003215434083601286 0.8239087409443188 0.002649224247409385
alexander 0.003215434083601286 0.05551732784983141 0.00017851230819881483
hamilton 0.003215434083601286 1.5228787452803376 0.004896716222766359
thomas 0.003215434083601286 0.853871964321762 0.002745569017111775
others 0.001607717041800643 0.494850021680094 0.0007955788129905048
rose 0.001607717041800643 0.7447274948966939 0.0011973110850429162
prominence 0.001607717041800643 1.3010299956639813 0.0020916880959227996
basketball 0.003215434083601286 1.045757490560675 0.0033625642783301447
player 0.003215434083601286 1.6989700043360187 0.005462926058958259
stephen 0.001607717041800643 1.0969100130080565 0.0017635209212348174
curry 0.001607717041800643 1.6989700043360187 0.0027314630294791296
lebron 0.001607717041800643 2.0 0.003215434083601286
james 0.006430868167202572 0.6020599913279624 0.0038717684329772502
michael 0.001607717041800643 0.494850021680094 0.0007955788129905048
jordan 0.001607717041800643 1.3010299956639813 0.0020916880959227996
kareem 0.001607717041800643 2.0 0.003215434083601286
abdul 0.001607717041800643 2.0 0.003215434083601286
jabbar 0.001607717041800643 2.0 0.003215434083601286
kobe 0.001607717041800643 2.0 0.003215434083601286
bryant 0.001607717041800643 1.6989700043360187 0.0027314630294791296
excel 0.001607717041800643 1.5228787452803376 0.0024483581113831795
fast 0.001607717041800643 1.3010299956639813 0.0020916880959227996
paced 0.001607717041800643 2.0 0.003215434083601286
demanding 0.001607717041800643 1.1549019599857433 0.0018567555626780438
professional 0.001607717041800643 0.8239087409443188 0.0013246121237046925
sport 0.003215434083601286 2.3010299956639813 0.007398810275446885
woman 0.008038585209003215 0.3979400086720376 0.0031988746677816524
susan 0.001607717041800643 1.2218487496163564 0.001964387057261023
anthony 0.003215434083601286 1.1549019599857433 0.0037135111253560876
cady 0.001607717041800643 2.0 0.003215434083601286
stanton 0.001607717041800643 2.0 0.003215434083601286
gloria 0.003215434083601286 1.6989700043360187 0.005462926058958259
steinem 0.001607717041800643 2.0 0.003215434083601286
malala 0.001607717041800643 1.6989700043360187 0.0027314630294791296
yousafzai 0.001607717041800643 1.6989700043360187 0.0027314630294791296
full 0.001607717041800643 0.3010299956639812 0.0004839710541221563
equality 0.001607717041800643 0.8239087409443188 0.0013246121237046925
month 0.003215434083601286 0.585026652029182 0.0018811146367497815
march 0.001607717041800643 0.27572413039921095 0.0004432863832784742
celebrates 0.001607717041800643 2.0 0.003215434083601286
throughout 0.001607717041800643 0.6020599913279624 0.0009679421082443126
science 0.001607717041800643 0.7958800173440752 0.001279549867112661
politics 0.001607717041800643 0.4685210829577449 0.0007532493295140594
law 0.001607717041800643 0.3665315444204135 0.0005892790103222082
art 0.001607717041800643 1.045757490560675 0.0016812821391650724
entertainment 0.001607717041800643 1.0 0.001607717041800643
many 0.003215434083601286 0.28399665636520083 0.0009131725285054688
field 0.001607717041800643 1.3979400086720377 0.002247491975356974
explore 0.001607717041800643 1.1549019599857433 0.0018567555626780438
article 0.001607717041800643 1.3010299956639813 0.0020916880959227996
celebrate 0.001607717041800643 1.1549019599857433 0.0018567555626780438
historic 0.001607717041800643 0.6989700043360189 0.001123745987678487
achievement 0.001607717041800643 0.8860566476931633 0.001424528372497047
infamous 0.001607717041800643 1.045757490560675 0.0016812821391650724
mobster 0.003215434083601286 2.0 0.006430868167202572
al 0.001607717041800643 0.7447274948966939 0.0011973110850429162
capone 0.001607717041800643 1.6989700043360187 0.0027314630294791296
bugsy 0.001607717041800643 2.0 0.003215434083601286
siegel 0.001607717041800643 2.0 0.003215434083601286
lucky 0.001607717041800643 1.3979400086720377 0.002247491975356974
luciano 0.001607717041800643 2.0 0.003215434083601286
teflon 0.001607717041800643 2.0 0.003215434083601286
john 0.003215434083601286 0.37675070960209955 0.0012114170726755613
gotti 0.001607717041800643 1.3979400086720377 0.002247491975356974
notorious 0.001607717041800643 2.0 0.003215434083601286
coast 0.003215434083601286 1.3010299956639813 0.004183376191845599
founding 0.003215434083601286 0.6777807052660807 0.0021793591809198738
father 0.003215434083601286 1.3979400086720377 0.004494983950713948
america 0.001607717041800643 0.37675070960209955 0.0006057085363377807
included 0.001607717041800643 0.48148606012211254 0.0007740933442477693
madison 0.001607717041800643 1.0969100130080565 0.0017635209212348174
monroe 0.001607717041800643 1.5228787452803376 0.0024483581113831795
beat 0.003215434083601286 1.3979400086720377 0.004494983950713948
writer 0.006430868167202572 1.3010299956639813 0.008366752383691198
generation 0.001607717041800643 1.0 0.001607717041800643
allen 0.001607717041800643 1.3979400086720377 0.002247491975356974
ginsberg 0.001607717041800643 2.0 0.003215434083601286
jack 0.001607717041800643 0.853871964321762 0.0013727845085558874
kerouac 0.001607717041800643 2.0 0.003215434083601286
ken 0.001607717041800643 1.3979400086720377 0.002247491975356974
kesey 0.001607717041800643 2.0 0.003215434083601286
amiri 0.001607717041800643 1.6989700043360187 0.0027314630294791296
baraka 0.001607717041800643 1.6989700043360187 0.0027314630294791296
burroughs 0.001607717041800643 2.0 0.003215434083601286
left 0.001607717041800643 0.2924298239020636 0.0004701444114181087
highly 0.001607717041800643 0.9208187539523752 0.001480416003138867
influential 0.001607717041800643 0.6777807052660807 0.0010896795904599369
mark 0.001607717041800643 1.2218487496163564 0.001964387057261023
literature 0.001607717041800643 1.5228787452803376 0.0024483581113831795
spanish 0.003215434083601286 1.2218487496163564 0.003928774114522046
explorer 0.003215434083601286 2.0 0.006430868167202572
juan 0.001607717041800643 2.0 0.003215434083601286
ponce 0.001607717041800643 2.0 0.003215434083601286
de 0.006430868167202572 0.958607314841775 0.006164677265863504
le 0.001607717041800643 1.5228787452803376 0.0024483581113831795
n 0.00482315112540193 0.7695510786217261 0.0037116611509086473
lvar 0.001607717041800643 2.0 0.003215434083601286
ez 0.001607717041800643 2.0 0.003215434083601286
cabeza 0.001607717041800643 2.0 0.003215434083601286
vaca 0.001607717041800643 2.0 0.003215434083601286
francisco 0.001607717041800643 1.3979400086720377 0.002247491975356974
pizarro 0.001607717041800643 2.0 0.003215434083601286
hern 0.001607717041800643 2.0 0.003215434083601286
cort 0.001607717041800643 2.0 0.003215434083601286
hernando 0.001607717041800643 2.0 0.003215434083601286
soto 0.001607717041800643 2.0 0.003215434083601286
royal 0.003215434083601286 1.5228787452803376 0.004896716222766359
family 0.003215434083601286 0.11918640771920867 0.000383236037682343
includes 0.001607717041800643 0.8860566476931633 0.001424528372497047
victoria 0.001607717041800643 1.3979400086720377 0.002247491975356974
prince 0.003215434083601286 0.6989700043360189 0.002247491975356974
harry 0.001607717041800643 1.3010299956639813 0.0020916880959227996
meghan 0.001607717041800643 1.5228787452803376 0.0024483581113831795
markle 0.001607717041800643 2.0 0.003215434083601286
female 0.003215434083601286 0.6020599913279624 0.0019358842164886251
talk 0.003215434083601286 0.6989700043360189 0.002247491975356974
show 0.00482315112540193 0.494850021680094 0.0023867364389715145
host 0.003215434083601286 1.5228787452803376 0.004896716222766359
oprah 0.001607717041800643 1.1549019599857433 0.0018567555626780438
winfrey 0.001607717041800643 1.1549019599857433 0.0018567555626780438
tyra 0.001607717041800643 1.5228787452803376 0.0024483581113831795
bank 0.001607717041800643 1.0 0.001607717041800643
joan 0.001607717041800643 1.5228787452803376 0.0024483581113831795
river 0.001607717041800643 1.5228787452803376 0.0024483581113831795
rosie 0.001607717041800643 1.5228787452803376 0.0024483581113831795
donnell 0.001607717041800643 2.0 0.003215434083601286
ellen 0.001607717041800643 1.6989700043360187 0.0027314630294791296
degeneres 0.001607717041800643 1.6989700043360187 0.0027314630294791296
barbara 0.001607717041800643 1.045757490560675 0.0016812821391650724
walter 0.001607717041800643 1.6989700043360187 0.0027314630294791296
sally 0.001607717041800643 1.6989700043360187 0.0027314630294791296
jessy 0.001607717041800643 2.0 0.003215434083601286
raphael 0.001607717041800643 1.6989700043360187 0.0027314630294791296
kelly 0.001607717041800643 1.3979400086720377 0.002247491975356974
ripa 0.001607717041800643 2.0 0.003215434083601286
artist 0.003215434083601286 0.721246399047171 0.0023191202541709677
jean 0.001607717041800643 1.2218487496163564 0.001964387057261023
michel 0.001607717041800643 2.0 0.003215434083601286
basquiat 0.001607717041800643 2.0 0.003215434083601286
augusta 0.001607717041800643 2.0 0.003215434083601286
savage 0.001607717041800643 1.3979400086720377 0.002247491975356974
kara 0.001607717041800643 2.0 0.003215434083601286
walker 0.003215434083601286 1.5228787452803376 0.004896716222766359
jacob 0.001607717041800643 1.3979400086720377 0.002247491975356974
lawrence 0.001607717041800643 1.6989700043360187 0.0027314630294791296
gordon 0.001607717041800643 1.3979400086720377 0.002247491975356974
african 0.001607717041800643 0.28399665636520083 0.0004565862642527344
perspective 0.001607717041800643 1.6989700043360187 0.0027314630294791296
world 0.003215434083601286 0.04575749056067514 0.00014713019472885897
toni 0.001607717041800643 1.3010299956639813 0.0020916880959227996
morrison 0.001607717041800643 1.1549019599857433 0.0018567555626780438
langston 0.001607717041800643 2.0 0.003215434083601286
hughes 0.001607717041800643 1.6989700043360187 0.0027314630294791296
richard 0.001607717041800643 0.6777807052660807 0.0010896795904599369
wright 0.001607717041800643 2.0 0.003215434083601286
zora 0.001607717041800643 2.0 0.003215434083601286
neale 0.001607717041800643 2.0 0.003215434083601286
hurston 0.001607717041800643 2.0 0.003215434083601286
alex 0.003215434083601286 1.5228787452803376 0.004896716222766359
haley 0.001607717041800643 1.6989700043360187 0.0027314630294791296
maya 0.001607717041800643 1.3979400086720377 0.002247491975356974
angelou 0.001607717041800643 1.6989700043360187 0.0027314630294791296
baldwin 0.001607717041800643 1.6989700043360187 0.0027314630294791296
created 0.001607717041800643 0.721246399047171 0.0011595601270854839
literary 0.001607717041800643 1.3979400086720377 0.002247491975356974
work 0.001607717041800643 1.045757490560675 0.0016812821391650724
hispanic 0.006430868167202572 2.0 0.012861736334405145
athlete 0.003215434083601286 1.6989700043360187 0.005462926058958259
roberto 0.001607717041800643 2.0 0.003215434083601286
clemente 0.001607717041800643 2.0 0.003215434083601286
rodriguez 0.001607717041800643 2.0 0.003215434083601286
lionel 0.001607717041800643 1.3979400086720377 0.002247491975356974
messi 0.001607717041800643 2.0 0.003215434083601286
sammy 0.001607717041800643 1.3010299956639813 0.0020916880959227996
sosa 0.001607717041800643 2.0 0.003215434083601286
oscar 0.001607717041800643 0.9208187539523752 0.001480416003138867
la 0.001607717041800643 1.0 0.001607717041800643
hoya 0.001607717041800643 2.0 0.003215434083601286
become 0.001607717041800643 0.3372421683184259 0.0005421899812193343
household 0.001607717041800643 1.0 0.001607717041800643
name 0.001607717041800643 1.045757490560675 0.0016812821391650724
singer 0.001607717041800643 1.3979400086720377 0.002247491975356974
latino 0.001607717041800643 1.6989700043360187 0.0027314630294791296
selena 0.001607717041800643 1.5228787452803376 0.0024483581113831795
jennifer 0.001607717041800643 1.3010299956639813 0.0020916880959227996
lopez 0.001607717041800643 1.6989700043360187 0.0027314630294791296
estefan 0.001607717041800643 2.0 0.003215434083601286
marc 0.001607717041800643 1.3979400086720377 0.002247491975356974
carlos 0.001607717041800643 2.0 0.003215434083601286
santana 0.001607717041800643 2.0 0.003215434083601286
conquered 0.001607717041800643 1.6989700043360187 0.0027314630294791296
music 0.001607717041800643 0.4559319556497244 0.0007330095749995569
breaking 0.001607717041800643 1.2218487496163564 0.001964387057261023
barrier 0.001607717041800643 1.5228787452803376 0.0024483581113831795
genre 0.001607717041800643 1.3010299956639813 0.0020916880959227996
inventor 0.003215434083601286 1.6989700043360187 0.005462926058958259
madam 0.001607717041800643 2.0 0.003215434083601286
lonnie 0.001607717041800643 1.6989700043360187 0.0027314630294791296
g 0.001607717041800643 0.8239087409443188 0.0013246121237046925
johnson 0.001607717041800643 0.853871964321762 0.0013727845085558874
garrett 0.001607717041800643 1.6989700043360187 0.0027314630294791296
morgan 0.001607717041800643 1.3979400086720377 0.002247491975356974
patricia 0.001607717041800643 1.6989700043360187 0.0027314630294791296
bath 0.001607717041800643 2.0 0.003215434083601286
revered 0.001607717041800643 1.3010299956639813 0.0020916880959227996
genius 0.001607717041800643 2.0 0.003215434083601286
cult 0.003215434083601286 1.6989700043360187 0.005462926058958259
charles 0.001607717041800643 0.8860566476931633 0.001424528372497047
manson 0.001607717041800643 2.0 0.003215434083601286
david 0.001607717041800643 0.7695510786217261 0.0012372203836362157
koresh 0.001607717041800643 2.0 0.003215434083601286
jim 0.001607717041800643 1.0 0.001607717041800643
jones 0.001607717041800643 1.0 0.001607717041800643
bhagwan 0.001607717041800643 2.0 0.003215434083601286
shree 0.001607717041800643 2.0 0.003215434083601286
rajneesh 0.001607717041800643 2.0 0.003215434083601286
gained 0.001607717041800643 0.853871964321762 0.0013727845085558874
international 0.001607717041800643 0.40893539297350084 0.0006574524002789403
notoriety 0.001607717041800643 1.2218487496163564 0.001964387057261023
exposing 0.001607717041800643 2.0 0.003215434083601286
dark 0.001607717041800643 1.3979400086720377 0.002247491975356974
side 0.001607717041800643 0.585026652029182 0.0009405573183748908
humanity 0.001607717041800643 1.2218487496163564 0.001964387057261023
loading 0.001607717041800643 0.04575749056067514 7.356509736442948e-05
see 0.001607717041800643 0.04575749056067514 7.356509736442948e-05
logo 0.001607717041800643 0.04575749056067514 7.356509736442948e-05
registered 0.001607717041800643 0.04575749056067514 7.356509736442948e-05
trademark 0.001607717041800643 0.04575749056067514 7.356509736442948e-05
television 0.001607717041800643 0.04575749056067514 7.356509736442948e-05
network 0.001607717041800643 0.04575749056067514 7.356509736442948e-05
llc 0.001607717041800643 0.04575749056067514 7.356509736442948e-05
close 0.006430868167202572 0.04575749056067514 0.00029426038945771794
