chelsea 0.02713487629688747 1.1549019599857433 0.03133812181924603
clinton 0.03990422984836393 2.5228787452803374 0.10067353333121858
biography 0.007980845969672785 0.04575749056067514 0.00036518348412350473
skip 0.0007980845969672786 0.04575749056067514 3.6518348412350476e-05
main 0.0007980845969672786 0.04575749056067514 3.6518348412350476e-05
content 0.0007980845969672786 0.04575749056067514 3.6518348412350476e-05
people 0.0031923383878691143 0.04575749056067514 0.0001460733936494019
nostalgia 0.0023942537909018356 0.04575749056067514 0.00010955504523705143
celebrity 0.0023942537909018356 0.04575749056067514 0.00010955504523705143
history 0.00558659217877095 0.04575749056067514 0.0002556284388864533
culture 0.0023942537909018356 0.04575749056067514 0.00010955504523705143
crime 0.0023942537909018356 0.04575749056067514 0.00010955504523705143
scandal 0.0031923383878691143 0.04575749056067514 0.0001460733936494019
video 0.0023942537909018356 0.04575749056067514 0.00010955504523705143
contact 0.0023942537909018356 0.04575749056067514 0.00010955504523705143
u 0.009577015163607342 0.20065945054641832 0.0019217186006041658
advertise 0.0015961691939345571 0.04575749056067514 7.303669682470095e-05
privacy 0.0023942537909018356 0.04575749056067514 0.00010955504523705143
notice 0.0015961691939345571 0.04575749056067514 7.303669682470095e-05
term 0.0039904229848363925 0.5406075122407692 0.002157252642620787
use 0.0015961691939345571 0.04575749056067514 7.303669682470095e-05
copyright 0.0015961691939345571 0.04575749056067514 7.303669682470095e-05
policy 0.0023942537909018356 0.04575749056067514 0.00010955504523705143
ad 0.0015961691939345571 0.04575749056067514 7.303669682470095e-05
choice 0.0023942537909018356 0.9318141382538384 0.0022309995329301796
accessibility 0.0015961691939345571 0.04575749056067514 7.303669682470095e-05
support 0.0031923383878691143 0.04575749056067514 0.0001460733936494019
setting 0.0007980845969672786 0.04575749056067514 3.6518348412350476e-05
february 0.0031923383878691143 0.04575749056067514 0.0001460733936494019
subscribe 0.0015961691939345571 0.04575749056067514 7.303669682470095e-05
newsletter 0.0023942537909018356 0.04575749056067514 0.00010955504523705143
quick 0.0007980845969672786 0.07058107428570728 5.632966822482625e-05
fact 0.0015961691939345571 0.14116214857141457 0.000225318672899305
name 0.0039904229848363925 0.05551732784983141 0.00022153762110866486
birth 0.0031923383878691143 0.07058107428570728 0.000225318672899305
date 0.0031923383878691143 0.07058107428570728 0.000225318672899305
age 0.0015961691939345571 0.11350927482751813 0.00018118000770553572
education 0.0007980845969672786 0.19382002601611284 0.00015468477734725686
stanford 0.0031923383878691143 1.3979400086720377 0.004462697553621829
university 0.00558659217877095 0.2596373105057561 0.0014504877681885816
columbia 0.0023942537909018356 0.8239087409443188 0.0019726466263630935
oxford 0.0015961691939345571 1.5228787452803376 0.0024307721393141864
place 0.0007980845969672786 0.07572071393811834 6.043153546537777e-05
little 0.0031923383878691143 0.6989700043360189 0.0022313487768109144
rock 0.0031923383878691143 0.721246399047171 0.00230246256679065
arkansas 0.0031923383878691143 1.5228787452803376 0.004861544278628373
full 0.0015961691939345571 0.3010299956639812 0.0004804948055291001
victoria 0.0015961691939345571 1.3979400086720377 0.0022313487768109144
zodiac 0.0007980845969672786 0.3010299956639812 0.00024024740276455006
sign 0.0015961691939345571 0.05551732784983141 8.861504844346595e-05
pisces 0.0007980845969672786 1.0969100130080565 0.000875426985640907
background 0.0015961691939345571 0.7958800173440752 0.0012703591657527138
early 0.0015961691939345571 0.07572071393811834 0.00012086307093075554
life 0.009577015163607342 0.13679614097137055 0.0013100987164057834
living 0.0015961691939345571 0.619788758288394 0.0009892877227268859
white 0.004788507581803671 0.3872161432802645 0.0018541874378943232
house 0.004788507581803671 0.32790214206428253 0.0015701618933644814
college 0.0015961691939345571 0.40893539297350084 0.0006527300765738242
year 0.007980845969672785 0.24995468798823245 0.0019948498642317035
studying 0.0039904229848363925 1.0 0.0039904229848363925
abroad 0.0015961691939345571 1.045757490560675 0.0016692058907592578
personal 0.0023942537909018356 0.3372421683184259 0.0008074433399483462
professional 0.0023942537909018356 0.8239087409443188 0.0019726466263630935
cite 0.0007980845969672786 0.07058107428570728 5.632966822482625e-05
page 0.0015961691939345571 0.07058107428570728 0.0001126593364496525
publish 0.0007980845969672786 0.07058107428570728 5.632966822482625e-05
nov 0.0007980845969672786 1.045757490560675 0.0008346029453796289
comment 0.0015961691939345571 0.07058107428570728 0.0001126593364496525
daughter 0.00558659217877095 0.31875876262441283 0.0017807752101922504
former 0.007182761372705506 0.27572413039921095 0.0019804606333542686
secretary 0.0031923383878691143 0.638272163982407 0.0020375807309893283
state 0.007182761372705506 0.4930892744484819 0.00354174259380394
hillary 0.007980845969672785 0.853871964321762 0.006814620625073918
president 0.007980845969672785 1.0213630516155257 0.008151341194058465
bill 0.006384676775738229 0.4202164033831899 0.0026829459114648996
born 0.0015961691939345571 0.09151498112135023 0.00014607339364940182
spent 0.0007980845969672786 0.48148606012211254 0.00038426660823791904
part 0.0007980845969672786 0.3372421683184259 0.00026914777998278205
youth 0.0007980845969672786 0.958607314841775 0.000765049732515383
public 0.004788507581803671 0.2596373105057561 0.0012432752298759272
figure 0.0015961691939345571 0.6777807052660807 0.0010818526819889557
future 0.0007980845969672786 0.721246399047171 0.0005756156416976625
senator 0.0023942537909018356 0.5228787452803376 0.0012519044180694437
attended 0.0015961691939345571 0.5376020021010439 0.0008581037543512274
went 0.0007980845969672786 0.32790214206428253 0.00026169364889408025
mph 0.0007980845969672786 2.0 0.0015961691939345571
becoming 0.0023942537909018356 0.3372421683184259 0.0008074433399483462
nbc 0.0015961691939345571 1.1549019599857433 0.001843418930543884
news 0.004788507581803671 0.585026652029182 0.0028014045587989563
correspondent 0.0023942537909018356 1.5228787452803376 0.003646158208971279
position 0.0007980845969672786 0.619788758288394 0.0004946438613634429
held 0.0007980845969672786 0.48148606012211254 0.00038426660823791904
shy 0.0007980845969672786 1.5228787452803376 0.0012153860696570932
three 0.0023942537909018356 0.2076083105017461 0.000497066984441531
advocate 0.0007980845969672786 0.9208187539523752 0.000734891264127993
woman 0.0031923383878691143 0.7958800173440752 0.0025407183315054277
right 0.0015961691939345571 0.39848321634998984 0.000636046634237813
aid 0.0007980845969672786 1.2218487496163564 0.000975138666892543
research 0.0007980845969672786 1.0 0.0007980845969672786
global 0.0007980845969672786 0.8239087409443188 0.0006575488754543646
humanitarianism 0.0007980845969672786 2.0 0.0015961691939345571
chosen 0.0007980845969672786 1.045757490560675 0.0008346029453796289
based 0.0007980845969672786 0.619788758288394 0.0004946438613634429
classic 0.0007980845969672786 1.3010299956639813 0.0010383319997318288
xa 0.006384676775738229 0.17392519729917358 0.0011104561679117228
joni 0.0007980845969672786 1.6989700043360187 0.001355921791170007
mitchell 0.0007980845969672786 1.3979400086720377 0.0011156743884054572
song 0.0007980845969672786 0.6989700043360189 0.0005578371942027286
morning 0.0015961691939345571 0.958607314841775 0.001530099465030766
time 0.0031923383878691143 0.1023729087095586 0.0003268089663513443
father 0.006384676775738229 0.14874165128092467 0.0009496673665182741
william 0.0007980845969672786 0.8239087409443188 0.0006575488754543646
jefferson 0.0007980845969672786 1.2218487496163564 0.000975138666892543
serving 0.0015961691939345571 0.48148606012211254 0.0007685332164758381
first 0.010375099760574621 0.0655015487564323 0.0006795851028201276
office 0.0031923383878691143 0.31875876262441283 0.0010175858343955718
governor 0.0007980845969672786 0.6575773191777938 0.0005248023297508331
mother 0.007980845969672785 0.21467016498923297 0.0017132495210633117
attorney 0.0007980845969672786 0.494850021680094 0.0003949321801118069
rodham 0.0007980845969672786 1.2218487496163564 0.000975138666892543
partner 0.0007980845969672786 0.8860566476931633 0.0007071481625643761
rose 0.0007980845969672786 0.7447274948966939 0.0005943555426150789
law 0.0007980845969672786 0.3665315444204135 0.0002925231799045599
firm 0.0023942537909018356 0.6020599913279624 0.0014414844165873003
despite 0.0007980845969672786 0.4202164033831899 0.00033536823893311245
hectic 0.0007980845969672786 2.0 0.0015961691939345571
schedule 0.0023942537909018356 3.221848749616356 0.0077139235824812994
made 0.004788507581803671 0.1804560644581313 0.0008641152328402137
child 0.0039904229848363925 0.5000381344038097 0.0019953636648196715
center 0.0007980845969672786 0.585026652029182 0.00046690075979982605
busy 0.0007980845969672786 1.0969100130080565 0.000875426985640907
kept 0.0007980845969672786 0.8860566476931633 0.0007071481625643761
small 0.0007980845969672786 0.721246399047171 0.0005756156416976625
desk 0.0007980845969672786 1.5228787452803376 0.0012153860696570932
breakfast 0.0007980845969672786 1.5228787452803376 0.0012153860696570932
every 0.0015961691939345571 0.6575773191777938 0.0010496046595016662
interrupted 0.0007980845969672786 1.3979400086720377 0.0011156743884054572
talk 0.0007980845969672786 0.6989700043360189 0.0005578371942027286
came 0.0007980845969672786 0.3010299956639812 0.00024024740276455006
home 0.0007980845969672786 0.31875876262441283 0.00025439645859889296
school 0.006384676775738229 0.14874165128092467 0.0009496673665182741
helped 0.0007980845969672786 0.3372421683184259 0.00026914777998278205
class 0.0031923383878691143 0.44369749923271273 0.0014164325594021158
field 0.0007980845969672786 1.0 0.0007980845969672786
trip 0.0007980845969672786 1.3979400086720377 0.0011156743884054572
frequently 0.0007980845969672786 1.3010299956639813 0.0010383319997318288
left 0.0015961691939345571 0.2924298239020636 0.0004667674763001814
loving 0.0007980845969672786 1.3010299956639813 0.0010383319997318288
message 0.0007980845969672786 1.5228787452803376 0.0012153860696570932
forest 0.0007980845969672786 1.5228787452803376 0.0012153860696570932
park 0.0007980845969672786 1.2218487496163564 0.000975138666892543
elementary 0.0007980845969672786 0.8860566476931633 0.0007071481625643761
away 0.0007980845969672786 0.5376020021010439 0.0004290518771756137
business 0.0007980845969672786 0.6989700043360189 0.0005578371942027286
determined 0.0007980845969672786 0.7695510786217261 0.0006141668624275548
foster 0.0007980845969672786 1.3010299956639813 0.0010383319997318288
independence 0.0007980845969672786 0.958607314841775 0.000765049732515383
intellectual 0.0007980845969672786 1.6989700043360187 0.001355921791170007
curiosity 0.0015961691939345571 1.3979400086720377 0.0022313487768109144
often 0.0015961691939345571 0.5376020021010439 0.0008581037543512274
pushed 0.0007980845969672786 0.7958800173440752 0.0006351795828763569
hard 0.0007980845969672786 0.638272163982407 0.0005093951827473321
succeed 0.0007980845969672786 1.6989700043360187 0.001355921791170007
precocious 0.0007980845969672786 1.6989700043360187 0.001355921791170007
girl 0.0007980845969672786 0.6989700043360189 0.0005578371942027286
began 0.0023942537909018356 0.20065945054641826 0.00048042965015104134
ballet 0.0039904229848363925 1.6989700043360187 0.006779608955850035
skipped 0.0007980845969672786 1.3979400086720377 0.0011156743884054572
third 0.0007980845969672786 0.4202164033831899 0.00033536823893311245
grade 0.0007980845969672786 1.3979400086720377 0.0011156743884054572
learned 0.0007980845969672786 0.6989700043360189 0.0005578371942027286
invest 0.0007980845969672786 1.5228787452803376 0.0012153860696570932
stock 0.0007980845969672786 1.0969100130080565 0.000875426985640907
market 0.0007980845969672786 0.9208187539523752 0.000734891264127993
barely 0.0007980845969672786 2.0 0.0015961691939345571
reading 0.0007980845969672786 1.3010299956639813 0.0010383319997318288
article 0.0015961691939345571 0.07058107428570728 0.0001126593364496525
science 0.0015961691939345571 2.0969100130080562 0.0033470231652163707
discussed 0.0007980845969672786 1.1549019599857433 0.000921709465271942
detrimental 0.0007980845969672786 1.5228787452803376 0.0012153860696570932
effect 0.0007980845969672786 1.3979400086720377 0.0011156743884054572
red 0.0007980845969672786 0.8239087409443188 0.0006575488754543646
meat 0.0007980845969672786 2.0 0.0015961691939345571
body 0.0007980845969672786 0.5686362358410126 0.00045381982110216494
also 0.0023942537909018356 0.0861861476162833 0.00020635151065351152
became 0.004788507581803671 0.07572071393811834 0.00036258921279226663
strict 0.0007980845969672786 1.3010299956639813 0.0010383319997318288
vegetarian 0.0007980845969672786 2.0 0.0015961691939345571
used 0.0007980845969672786 0.5086383061657272 0.0004059363975783937
shielded 0.0007980845969672786 2.0 0.0015961691939345571
parent 0.0031923383878691143 0.4559319556497244 0.0014554890842768536
job 0.0007980845969672786 0.853871964321762 0.0006814620625073919
experienced 0.0015961691939345571 1.3010299956639813 0.0020766639994636575
huge 0.0007980845969672786 1.2218487496163564 0.000975138666892543
change 0.0007980845969672786 0.5686362358410126 0.00045381982110216494
elected 0.0023942537909018356 0.3665315444204135 0.0008775695397136796
nd 0.0015961691939345571 1.0969100130080565 0.001750853971281814
united 0.0039904229848363925 0.18708664335714445 0.000746554841808238
pre 0.0023942537909018356 1.1549019599857433 0.002765128395815826
teen 0.0007980845969672786 0.8860566476931633 0.0007071481625643761
new 0.00558659217877095 0.14266750356873154 0.0007970251596018522
family 0.0031923383878691143 0.11918640771920867 0.0003804833446742496
intense 0.0015961691939345571 1.2218487496163564 0.001950277333785086
medium 0.0023942537909018356 0.5086383061657272 0.001217809192735181
scrutiny 0.0007980845969672786 1.5228787452803376 0.0012153860696570932
entering 0.0007980845969672786 1.045757490560675 0.0008346029453796289
awkward 0.0007980845969672786 1.5228787452803376 0.0012153860696570932
adolescent 0.0007980845969672786 2.0 0.0015961691939345571
phase 0.0007980845969672786 1.3979400086720377 0.0011156743884054572
help 0.0007980845969672786 0.4559319556497244 0.0003638722710692134
matter 0.0015961691939345571 1.5228787452803376 0.0024307721393141864
young 0.0007980845969672786 0.3010299956639812 0.00024024740276455006
endured 0.0007980845969672786 1.0 0.0007980845969672786
joke 0.0007980845969672786 1.6989700043360187 0.001355921791170007
appearance 0.0007980845969672786 0.8860566476931633 0.0007071481625643761
result 0.0007980845969672786 0.7695510786217261 0.0006141668624275548
publicity 0.0007980845969672786 1.6989700043360187 0.001355921791170007
developed 0.0007980845969672786 0.7958800173440752 0.0006351795828763569
unspoken 0.0007980845969672786 2.0 0.0015961691939345571
pact 0.0007980845969672786 1.6989700043360187 0.001355921791170007
press 0.0023942537909018356 0.7958800173440752 0.0019055387486290707
strictly 0.0007980845969672786 1.5228787452803376 0.0012153860696570932
limit 0.0007980845969672786 1.6989700043360187 0.001355921791170007
outside 0.0007980845969672786 0.6989700043360189 0.0005578371942027286
encouraged 0.0015961691939345571 0.8239087409443188 0.0013150977509087292
live 0.0007980845969672786 0.431798275933005 0.00034461155301915807
normal 0.0007980845969672786 1.3010299956639813 0.0010383319997318288
possible 0.0007980845969672786 0.7695510786217261 0.0006141668624275548
sidwell 0.0007980845969672786 1.5228787452803376 0.0012153860696570932
friend 0.0015961691939345571 1.2069083998234196 0.0019264300076989938
excelled 0.0007980845969672786 1.3010299956639813 0.0010383319997318288
taking 0.0007980845969672786 0.6020599913279624 0.0004804948055291001
course 0.0007980845969672786 1.5228787452803376 0.0012153860696570932
washington 0.0007980845969672786 0.3979400086720376 0.00031758979143817846
teenage 0.0007980845969672786 1.3010299956639813 0.0010383319997318288
active 0.0007980845969672786 0.8239087409443188 0.0006575488754543646
involved 0.0007980845969672786 0.4559319556497244 0.0003638722710692134
pursuing 0.0007980845969672786 1.0969100130080565 0.000875426985640907
role 0.0015961691939345571 0.9863203027088074 0.0015743340825360055
model 0.0007980845969672786 1.0 0.0007980845969672786
nation 0.0015961691939345571 1.0141246426916064 0.0016187145134742321
practicing 0.0007980845969672786 1.1549019599857433 0.000921709465271942
theater 0.0007980845969672786 1.045757490560675 0.0008346029453796289
performance 0.0007980845969672786 0.8860566476931633 0.0007071481625643761
even 0.0015961691939345571 0.3665315444204135 0.0005850463598091198
attending 0.0015961691939345571 0.9208187539523752 0.001469782528255986
math 0.0007980845969672786 1.6989700043360187 0.001355921791170007
camp 0.0007980845969672786 1.0969100130080565 0.000875426985640907
reportedly 0.0007980845969672786 0.721246399047171 0.0005756156416976625
earned 0.0007980845969672786 0.40893539297350084 0.0003263650382869121
secret 0.0015961691939345571 0.8860566476931633 0.0014142963251287523
service 0.0007980845969672786 0.5086383061657272 0.0004059363975783937
code 0.0007980845969672786 1.3010299956639813 0.0010383319997318288
energy 0.0007980845969672786 0.8239087409443188 0.0006575488754543646
april 0.0023942537909018356 0.1549019599857432 0.0003708746049139901
called 0.0007980845969672786 0.3010299956639812 0.00024024740276455006
debut 0.0007980845969672786 0.8239087409443188 0.0006575488754543646
national 0.0015961691939345571 0.3010299956639812 0.0004804948055291001
joined 0.0031923383878691143 0.4685210829577449 0.0014956778386520189
tour 0.0007980845969672786 0.7447274948966939 0.0005943555426150789
india 0.0007980845969672786 1.0 0.0007980845969672786
gave 0.0007980845969672786 0.6020599913279624 0.0004804948055291001
positive 0.0007980845969672786 0.8860566476931633 0.0007071481625643761
review 0.0007980845969672786 1.3979400086720377 0.0011156743884054572
special 0.0015961691939345571 0.638272163982407 0.0010187903654946642
note 0.0007980845969672786 1.2218487496163564 0.000975138666892543
intelligence 0.0015961691939345571 0.958607314841775 0.001530099465030766
compassion 0.0007980845969672786 1.3979400086720377 0.0011156743884054572
decision 0.0007980845969672786 0.585026652029182 0.00046690075979982605
attend 0.0007980845969672786 0.7958800173440752 0.0006351795828763569
palo 0.0007980845969672786 2.0 0.0015961691939345571
alto 0.0007980845969672786 1.6989700043360187 0.001355921791170007
california 0.0007980845969672786 0.5528419686577808 0.00044121465974284184
intention 0.0007980845969672786 1.1549019599857433 0.000921709465271942
med 0.0007980845969672786 2.0 0.0015961691939345571
adult 0.0007980845969672786 0.8860566476931633 0.0007071481625643761
frequent 0.0007980845969672786 1.2218487496163564 0.000975138666892543
topic 0.0007980845969672786 1.3979400086720377 0.0011156743884054572
headline 0.0007980845969672786 0.8239087409443188 0.0006575488754543646
romantic 0.0007980845969672786 1.5228787452803376 0.0012153860696570932
relationship 0.0007980845969672786 1.1549019599857433 0.000921709465271942
fellow 0.0015961691939345571 0.6020599913279624 0.0009609896110582002
student 0.0007980845969672786 0.6020599913279624 0.0004804948055291001
matthew 0.0007980845969672786 1.6989700043360187 0.001355921791170007
pierce 0.0007980845969672786 1.5228787452803376 0.0012153860696570932
well 0.0015961691939345571 0.20065945054641826 0.0003202864334340276
intern 0.0031923383878691143 2.0 0.006384676775738229
jeremy 0.0007980845969672786 2.0 0.0015961691939345571
kane 0.0007980845969672786 2.0 0.0015961691939345571
addition 0.0015961691939345571 0.6777807052660807 0.0010818526819889557
pressure 0.0007980845969672786 0.9208187539523752 0.000734891264127993
sophomore 0.0007980845969672786 1.5228787452803376 0.0012153860696570932
fraught 0.0007980845969672786 2.0 0.0015961691939345571
complication 0.0007980845969672786 1.3010299956639813 0.0010383319997318288
affair 0.0031923383878691143 1.6903698325741012 0.005396232506222191
monica 0.0031923383878691143 1.5228787452803376 0.004861544278628373
lewinsky 0.0039904229848363925 1.6989700043360187 0.006779608955850035
brought 0.0007980845969672786 0.619788758288394 0.0004946438613634429
together 0.0015961691939345571 0.431798275933005 0.0006892231060383161
publicly 0.0007980845969672786 0.619788758288394 0.0004946438613634429
privately 0.0007980845969672786 1.3010299956639813 0.0010383319997318288
according 0.0007980845969672786 0.638272163982407 0.0005093951827473321
memoir 0.0007980845969672786 1.3979400086720377 0.0011156743884054572
present 0.0007980845969672786 1.2218487496163564 0.000975138666892543
meeting 0.0007980845969672786 0.8860566476931633 0.0007071481625643761
adviser 0.0007980845969672786 1.5228787452803376 0.0012153860696570932
debated 0.0007980845969672786 1.5228787452803376 0.0012153860696570932
acknowledge 0.0007980845969672786 1.1549019599857433 0.000921709465271942
seen 0.0007980845969672786 0.619788758288394 0.0004946438613634429
symbolically 0.0007980845969672786 2.0 0.0015961691939345571
clasping 0.0007980845969672786 2.0 0.0015961691939345571
hand 0.0007980845969672786 1.1549019599857433 0.000921709465271942
navigating 0.0007980845969672786 2.0 0.0015961691939345571
tricky 0.0007980845969672786 1.6989700043360187 0.001355921791170007
social 0.0007980845969672786 0.5228787452803376 0.00041730147268981456
managed 0.0007980845969672786 0.958607314841775 0.000765049732515383
rigorous 0.0007980845969672786 2.0 0.0015961691939345571
junior 0.0007980845969672786 0.853871964321762 0.0006814620625073919
changed 0.0007980845969672786 0.6989700043360189 0.0005578371942027286
major 0.0023942537909018356 0.4202164033831899 0.0010061047167993374
medicine 0.0007980845969672786 1.5228787452803376 0.0012153860696570932
work 0.0007980845969672786 0.2218487496163564 0.0001770540699252645
thesis 0.0015961691939345571 2.0 0.0031923383878691143
project 0.0015961691939345571 1.045757490560675 0.0016692058907592578
northern 0.0007980845969672786 1.3979400086720377 0.0011156743884054572
ireland 0.0007980845969672786 1.6989700043360187 0.001355921791170007
peace 0.0007980845969672786 0.7695510786217261 0.0006141668624275548
process 0.0007980845969672786 0.7958800173440752 0.0006351795828763569
interviewed 0.0007980845969672786 1.3979400086720377 0.0011156743884054572
among 0.0007980845969672786 0.35654732351381263 0.00028455492698628305
source 0.0007980845969672786 1.045757490560675 0.0008346029453796289
delivering 0.0007980845969672786 1.3979400086720377 0.0011156743884054572
headed 0.0007980845969672786 0.958607314841775 0.000765049732515383
england 0.0007980845969672786 0.8860566476931633 0.0007071481625643761
pursue 0.0007980845969672786 0.8860566476931633 0.0007071481625643761
master 0.0007980845969672786 0.853871964321762 0.0006814620625073919
degree 0.0007980845969672786 0.5228787452803376 0.00041730147268981456
international 0.0007980845969672786 0.40893539297350084 0.0003263650382869121
relation 0.0007980845969672786 0.7958800173440752 0.0006351795828763569
graduation 0.0007980845969672786 1.045757490560675 0.0008346029453796289
consulting 0.0007980845969672786 1.3979400086720377 0.0011156743884054572
mckinsey 0.0007980845969672786 2.0 0.0015961691939345571
company 0.0007980845969672786 0.494850021680094 0.0003949321801118069
york 0.0031923383878691143 0.3467874862246563 0.001107063004707602
city 0.0007980845969672786 0.3665315444204135 0.0002925231799045599
youngest 0.0007980845969672786 0.5228787452803376 0.00041730147268981456
person 0.008778930566640064 0.05060999335508724 0.0004443016176424259
hired 0.0007980845969672786 1.3010299956639813 0.0010383319997318288
hedge 0.0007980845969672786 1.6989700043360187 0.001355921791170007
fund 0.0007980845969672786 1.0969100130080565 0.000875426985640907
avenue 0.0015961691939345571 3.5228787452803374 0.0056231105271833
capital 0.0007980845969672786 1.0 0.0007980845969672786
group 0.0007980845969672786 0.37675070960209955 0.00030067893822992786
campaigning 0.0015961691939345571 1.1549019599857433 0.001843418930543884
presidential 0.0039904229848363925 0.3665315444204135 0.0014626158995227994
bid 0.0007980845969672786 0.6020599913279624 0.0004804948055291001
decided 0.0007980845969672786 0.494850021680094 0.0003949321801118069
explore 0.0007980845969672786 1.1549019599857433 0.000921709465271942
november 0.0023942537909018356 0.24412514432750856 0.0005844975522605951
announced 0.0031923383878691143 0.40893539297350084 0.0013054601531476485
investment 0.0007980845969672786 0.853871964321762 0.0006814620625073919
banker 0.0007980845969672786 1.0 0.0007980845969672786
marc 0.0007980845969672786 1.3979400086720377 0.0011156743884054572
mezvinsky 0.00558659217877095 2.0 0.0111731843575419
engaged 0.0007980845969672786 1.045757490560675 0.0008346029453796289
married 0.0015961691939345571 0.24412514432750856 0.00038966503484039677
longtime 0.0007980845969672786 0.7447274948966939 0.0005943555426150789
alum 0.0007980845969672786 2.0 0.0015961691939345571
son 0.0023942537909018356 0.28399665636520083 0.000679960071105828
two 0.0007980845969672786 0.11918640771920867 9.51208361685624e-05
member 0.0007980845969672786 0.5376020021010439 0.0004290518771756137
congress 0.0007980845969672786 0.4202164033831899 0.00033536823893311245
proposed 0.0007980845969672786 1.0969100130080565 0.000875426985640907
thanksgiving 0.0007980845969672786 1.5228787452803376 0.0012153860696570932
holiday 0.0007980845969672786 1.045757490560675 0.0008346029453796289
next 0.0015961691939345571 0.07058107428570728 0.0001126593364496525
month 0.0023942537909018356 1.016824927962187 0.002434536938456952
returned 0.0007980845969672786 0.5086383061657272 0.0004059363975783937
health 0.0015961691939345571 0.5528419686577808 0.0008824293194856837
management 0.0007980845969672786 1.3010299956639813 0.0010383319997318288
mailman 0.0007980845969672786 2.0 0.0015961691939345571
july 0.0031923383878691143 0.37675070960209955 0.0012027157529197114
rhinebeck 0.0015961691939345571 2.0 0.0031923383878691143
ceremony 0.0015961691939345571 0.958607314841775 0.001530099465030766
exclusive 0.0007980845969672786 1.3979400086720377 0.0011156743884054572
astor 0.0007980845969672786 2.0 0.0015961691939345571
court 0.0007980845969672786 1.3010299956639813 0.0010383319997318288
facility 0.0007980845969672786 1.3010299956639813 0.0010383319997318288
shrouded 0.0007980845969672786 2.0 0.0015961691939345571
secrecy 0.0007980845969672786 2.0 0.0015961691939345571
wedding 0.0007980845969672786 1.6989700043360187 0.001355921791170007
couple 0.0007980845969672786 0.40893539297350084 0.0003263650382869121
shut 0.0007980845969672786 0.958607314841775 0.000765049732515383
airspace 0.0007980845969672786 1.6989700043360187 0.001355921791170007
hour 0.0007980845969672786 0.9208187539523752 0.000734891264127993
surrounding 0.0007980845969672786 1.5228787452803376 0.0012153860696570932
avoid 0.0007980845969672786 1.1549019599857433 0.000921709465271942
influx 0.0007980845969672786 1.6989700043360187 0.001355921791170007
paparazzo 0.0007980845969672786 2.0 0.0015961691939345571
tenure 0.0007980845969672786 0.9208187539523752 0.000734891264127993
network 0.0031923383878691143 1.2676062401770316 0.004046628061219575
reported 0.0007980845969672786 0.7447274948966939 0.0005943555426150789
series 0.0007980845969672786 0.37675070960209955 0.00030067893822992786
story 0.0031923383878691143 0.05551732784983141 0.0001772300968869319
making 0.0007980845969672786 0.3979400086720376 0.00031758979143817846
difference 0.0007980845969672786 1.1549019599857433 0.000921709465271942
august 0.0015961691939345571 0.494850021680094 0.0007898643602236138
focus 0.0007980845969672786 0.7695510786217261 0.0006141668624275548
foundation 0.0023942537909018356 0.7695510786217261 0.0018425005872826643
read 0.0007980845969672786 0.0655015487564323 5.227577714000982e-05
bella 0.0007980845969672786 0.0655015487564323 5.227577714000982e-05
hadid 0.0007980845969672786 0.0655015487564323 5.227577714000982e-05
sadie 0.0007980845969672786 0.06048074738138145 4.82687528981496e-05
alexander 0.0007980845969672786 0.05551732784983141 4.430752422173297e-05
adrienne 0.0007980845969672786 0.0655015487564323 5.227577714000982e-05
kennedy 0.0007980845969672786 0.06048074738138145 4.82687528981496e-05
photo 0.0007980845969672786 0.12493873660829993 9.971168125163603e-05
noel 0.0007980845969672786 2.0 0.0015961691939345571
vasquez 0.0007980845969672786 2.0 0.0015961691939345571
getty 0.0007980845969672786 0.2291479883578558 0.00018287947993444198
image 0.0007980845969672786 0.2218487496163564 0.0001770540699252645
motherhood 0.0007980845969672786 2.0 0.0015961691939345571
pregnant 0.0007980845969672786 1.3979400086720377 0.0011156743884054572
event 0.0015961691939345571 0.721246399047171 0.001151231283395325
ceiling 0.0007980845969672786 2.0 0.0015961691939345571
participation 0.0007980845969672786 1.1549019599857433 0.000921709465271942
x 0.004788507581803671 0.4559319556497244 0.0021832336264152805
c 0.0023942537909018356 0.35654732351381263 0.0008536647809588491
hope 0.0007980845969672786 0.9208187539523752 0.000734891264127993
good 0.0007980845969672786 0.585026652029182 0.00046690075979982605
mom 0.0031923383878691143 1.3979400086720377 0.004462697553621829
hopefully 0.0007980845969672786 2.0 0.0015961691939345571
said 0.0015961691939345571 0.2518119729937996 0.00040193451395658357
added 0.0007980845969672786 0.853871964321762 0.0006814620625073919
really 0.0007980845969672786 0.721246399047171 0.0005756156416976625
excited 0.0007980845969672786 1.5228787452803376 0.0012153860696570932
grandchild 0.0007980845969672786 1.6989700043360187 0.001355921791170007
baby 0.0007980845969672786 0.8860566476931633 0.0007071481625643761
charlotte 0.0007980845969672786 2.0 0.0015961691939345571
september 0.0007980845969672786 0.5086383061657272 0.0004059363975783937
welcomed 0.0007980845969672786 0.8860566476931633 0.0007071481625643761
aidan 0.0007980845969672786 2.0 0.0015961691939345571
june 0.0007980845969672786 0.28399665636520083 0.00022665335703527602
jasper 0.0007980845969672786 2.0 0.0015961691939345571
vice 0.0007980845969672786 0.5376020021010439 0.0004290518771756137
chairperson 0.0007980845969672786 1.5228787452803376 0.0012153860696570932
board 0.0007980845969672786 0.8239087409443188 0.0006575488754543646
american 0.004788507581803671 0.6552148773673394 0.0031375014079840675
previously 0.0007980845969672786 0.7695510786217261 0.0006141668624275548
served 0.0007980845969672786 0.2676062401770315 0.00021357241833761494
second 0.0023942537909018356 0.19382002601611284 0.0004640543320417706
run 0.0007980845969672786 0.4559319556497244 0.0003638722710692134
presidency 0.0023942537909018356 0.4685210829577449 0.0011217583789890143
eventually 0.0007980845969672786 0.3979400086720376 0.00031758979143817846
running 0.0007980845969672786 0.721246399047171 0.0005756156416976625
primary 0.0007980845969672786 1.3010299956639813 0.0010383319997318288
bernie 0.0007980845969672786 1.1549019599857433 0.000921709465271942
sander 0.0007980845969672786 1.0969100130080565 0.000875426985640907
appeared 0.0007980845969672786 0.721246399047171 0.0005756156416976625
campaign 0.0015961691939345571 0.3872161432802645 0.0006180624792981078
trail 0.0015961691939345571 1.3010299956639813 0.0020766639994636575
ensuing 0.0007980845969672786 1.045757490560675 0.0008346029453796289
like 0.0007980845969672786 0.2365720064370627 0.00018880447441106362
hampshire 0.0007980845969672786 1.045757490560675 0.0008346029453796289
nevada 0.0007980845969672786 1.2218487496163564 0.000975138666892543
official 0.0007980845969672786 0.721246399047171 0.0005756156416976625
democratic 0.0015961691939345571 0.3872161432802645 0.0006180624792981078
nominee 0.0015961691939345571 0.7695510786217261 0.0012283337248551096
win 0.0015961691939345571 0.585026652029182 0.0009338015195996521
political 0.0023942537909018356 0.3098039199714864 0.0007417492098279802
party 0.0023942537909018356 0.3979400086720376 0.0009527693743145353
nomination 0.0015961691939345571 0.5086383061657272 0.0008118727951567874
final 0.0007980845969672786 0.6989700043360189 0.0005578371942027286
night 0.0007980845969672786 0.638272163982407 0.0005093951827473321
convention 0.0015961691939345571 0.9208187539523752 0.001469782528255986
introduced 0.0007980845969672786 0.9208187539523752 0.000734891264127993
delegate 0.0007980845969672786 1.1549019599857433 0.000921709465271942
accepted 0.0007980845969672786 0.619788758288394 0.0004946438613634429
keynote 0.0007980845969672786 1.3979400086720377 0.0011156743884054572
speech 0.0015961691939345571 1.7904849854573688 0.0028579169759894154
feeling 0.0007980845969672786 0.8239087409443188 0.0006575488754543646
valued 0.0007980845969672786 1.5228787452803376 0.0012153860696570932
loved 0.0007980845969672786 1.045757490560675 0.0008346029453796289
want 0.0007980845969672786 1.3010299956639813 0.0010383319997318288
calmly 0.0007980845969672786 2.0 0.0015961691939345571
speaking 0.0007980845969672786 0.9208187539523752 0.000734891264127993
driven 0.0007980845969672786 1.3010299956639813 0.0010383319997318288
tenacious 0.0007980845969672786 2.0 0.0015961691939345571
spirit 0.0007980845969672786 1.0969100130080565 0.000875426985640907
recurring 0.0007980845969672786 1.5228787452803376 0.0012153860696570932
theme 0.0007980845969672786 1.5228787452803376 0.0012153860696570932
learning 0.0007980845969672786 0.958607314841775 0.000765049732515383
open 0.0007980845969672786 0.7447274948966939 0.0005943555426150789
discussion 0.0007980845969672786 1.5228787452803376 0.0012153860696570932
continued 0.0007980845969672786 0.3372421683184259 0.00026914777998278205
champion 0.0007980845969672786 1.0969100130080565 0.000875426985640907
tweeted 0.0015961691939345571 1.2218487496163564 0.001950277333785086
emotional 0.0007980845969672786 0.9208187539523752 0.000734891264127993
tweet 0.0007980845969672786 1.2218487496163564 0.000975138666892543
election 0.0023942537909018356 0.44369749923271273 0.0010623244195515867
day 0.0007980845969672786 0.2924298239020636 0.0002333837381500907
however 0.0007980845969672786 0.32790214206428253 0.00026169364889408025
rocked 0.0007980845969672786 1.6989700043360187 0.001355921791170007
stunning 0.0015961691939345571 1.3979400086720377 0.0022313487768109144
defeat 0.0007980845969672786 1.0 0.0007980845969672786
donald 0.0007980845969672786 0.494850021680094 0.0003949321801118069
trump 0.0031923383878691143 0.5086383061657272 0.0016237455903135747
one 0.0023942537909018356 0.08092190762392613 0.0001937475840955933
contentious 0.0007980845969672786 1.3010299956639813 0.0010383319997318288
race 0.0007980845969672786 1.6989700043360187 0.001355921791170007
victory 0.0007980845969672786 0.5686362358410126 0.00045381982110216494
defied 0.0007980845969672786 1.5228787452803376 0.0012153860696570932
poll 0.0007980845969672786 1.045757490560675 0.0008346029453796289
considered 0.0007980845969672786 0.721246399047171 0.0005756156416976625
resounding 0.0007980845969672786 1.3010299956639813 0.0010383319997318288
rejection 0.0007980845969672786 1.3979400086720377 0.0011156743884054572
establishment 0.0007980845969672786 1.1549019599857433 0.000921709465271942
politics 0.0007980845969672786 0.4685210829577449 0.0003739194596630047
blue 0.0007980845969672786 0.8239087409443188 0.0006575488754543646
collar 0.0007980845969672786 1.3979400086720377 0.0011156743884054572
working 0.0007980845969672786 0.35654732351381263 0.00028455492698628305
loss 0.0007980845969672786 0.7447274948966939 0.0005943555426150789
habit 0.0007980845969672786 1.5228787452803376 0.0012153860696570932
resurfacing 0.0007980845969672786 2.0 0.0015961691939345571
offspring 0.0007980845969672786 1.6989700043360187 0.001355921791170007
current 0.0007980845969672786 1.045757490560675 0.0008346029453796289
responding 0.0007980845969672786 2.0 0.0015961691939345571
reporter 0.0007980845969672786 1.6989700043360187 0.001355921791170007
criticism 0.0007980845969672786 0.9208187539523752 0.000734891264127993
old 0.0007980845969672786 0.28399665636520083 0.00022665335703527602
barron 0.0015961691939345571 1.6989700043360187 0.002711843582340014
clothing 0.0007980845969672786 1.5228787452803376 0.0012153860696570932
took 0.0007980845969672786 0.28399665636520083 0.00022665335703527602
twitter 0.0007980845969672786 1.0969100130080565 0.000875426985640907
declare 0.0007980845969672786 1.6989700043360187 0.001355921791170007
high 0.0007980845969672786 0.27572413039921095 0.00022005118148380763
everyone 0.0007980845969672786 1.0 0.0007980845969672786
leave 0.0015961691939345571 0.6575773191777938 0.0010496046595016662
alone 0.0015961691939345571 1.1549019599857433 0.001843418930543884
let 0.0007980845969672786 0.6777807052660807 0.0005409263409944778
private 0.0007980845969672786 0.6020599913279624 0.0004804948055291001
childhood 0.0007980845969672786 0.6020599913279624 0.0004804948055291001
deserves 0.0007980845969672786 1.6989700043360187 0.001355921791170007
back 0.0007980845969672786 0.4202164033831899 0.00033536823893311245
defend 0.0007980845969672786 0.853871964321762 0.0006814620625073919
barack 0.0023942537909018356 0.3872161432802645 0.0009270937189471616
obama 0.0023942537909018356 0.37675070960209955 0.0009020368146897835
older 0.0007980845969672786 0.721246399047171 0.0005756156416976625
malia 0.0023942537909018356 1.2218487496163564 0.002925416000677629
case 0.0007980845969672786 0.5228787452803376 0.00041730147268981456
conservative 0.0007980845969672786 0.8239087409443188 0.0006575488754543646
site 0.0007980845969672786 0.853871964321762 0.0006814620625073919
claimed 0.0007980845969672786 0.7447274948966939 0.0005943555426150789
disgraced 0.0007980845969672786 2.0 0.0015961691939345571
hollywood 0.0007980845969672786 0.7958800173440752 0.0006351795828763569
executive 0.0007980845969672786 0.5528419686577808 0.00044121465974284184
harvey 0.0007980845969672786 1.3979400086720377 0.0011156743884054572
weinstein 0.0007980845969672786 1.6989700043360187 0.001355921791170007
questioned 0.0007980845969672786 1.3979400086720377 0.0011156743884054572
fbi 0.0007980845969672786 1.0 0.0007980845969672786
probe 0.0007980845969672786 1.5228787452803376 0.0012153860696570932
loathsome 0.0015961691939345571 2.0 0.0031923383878691143
please 0.0007980845969672786 1.2218487496163564 0.000975138666892543
lead 0.0007980845969672786 0.5228787452803376 0.00041730147268981456
keep 0.0007980845969672786 0.6575773191777938 0.0005248023297508331
shameful 0.0007980845969672786 1.5228787452803376 0.0012153860696570932
agenda 0.0007980845969672786 1.2218487496163564 0.000975138666892543
check 0.0007980845969672786 0.07058107428570728 5.632966822482625e-05
strive 0.0007980845969672786 0.07058107428570728 5.632966822482625e-05
accuracy 0.0007980845969672786 0.07058107428570728 5.632966822482625e-05
fairness 0.0007980845969672786 0.07058107428570728 5.632966822482625e-05
see 0.0015961691939345571 0.04575749056067514 7.303669682470095e-05
something 0.0007980845969672786 0.07058107428570728 5.632966822482625e-05
look 0.0007980845969672786 0.07058107428570728 5.632966822482625e-05
citation 0.0007980845969672786 0.07058107428570728 5.632966822482625e-05
information 0.0007980845969672786 0.07058107428570728 5.632966822482625e-05
title 0.0007980845969672786 0.07058107428570728 5.632966822482625e-05
author 0.0007980845969672786 0.06048074738138145 4.82687528981496e-05
com 0.0015961691939345571 0.06048074738138145 9.65375057962992e-05
editor 0.0007980845969672786 0.1023729087095586 8.170224158783608e-05
website 0.0015961691939345571 0.0655015487564323 0.00010455155428001964
url 0.0007980845969672786 0.07058107428570728 5.632966822482625e-05
access 0.0007980845969672786 0.07058107428570728 5.632966822482625e-05
publisher 0.0007980845969672786 0.07058107428570728 5.632966822482625e-05
e 0.0015961691939345571 0.04575749056067514 7.303669682470095e-05
television 0.0015961691939345571 0.04575749056067514 7.303669682470095e-05
last 0.0007980845969672786 0.0655015487564323 5.227577714000982e-05
updated 0.0007980845969672786 0.07058107428570728 5.632966822482625e-05
original 0.0007980845969672786 0.0655015487564323 5.227577714000982e-05
published 0.0007980845969672786 0.07058107428570728 5.632966822482625e-05
receive 0.0007980845969672786 0.05551732784983141 4.430752422173297e-05
shaped 0.0015961691939345571 0.05551732784983141 8.861504844346595e-05
world 0.0007980845969672786 0.04575749056067514 3.6518348412350476e-05
impeached 0.0007980845969672786 1.3979400086720377 0.0011156743884054572
oversaw 0.0007980845969672786 1.1549019599857433 0.000921709465271942
country 0.0007980845969672786 0.27572413039921095 0.00022005118148380763
longest 0.0007980845969672786 0.958607314841775 0.000765049732515383
peacetime 0.0007980845969672786 2.0 0.0015961691939345571
economic 0.0007980845969672786 0.585026652029182 0.00046690075979982605
expansion 0.0007980845969672786 1.3010299956639813 0.0010383319997318288
senate 0.0007980845969672786 0.5686362358410126 0.00045381982110216494
lady 0.0007980845969672786 0.6575773191777938 0.0005248023297508331
seat 0.0007980845969672786 0.619788758288394 0.0004946438613634429
become 0.0007980845969672786 0.3372421683184259 0.00026914777998278205
manning 0.0015961691939345571 1.3979400086720377 0.0022313487768109144
army 0.0007980845969672786 0.7695510786217261 0.0006141668624275548
analyst 0.0007980845969672786 1.3979400086720377 0.0011156743884054572
delivered 0.0007980845969672786 0.8239087409443188 0.0006575488754543646
hundred 0.0007980845969672786 1.045757490560675 0.0008346029453796289
thousand 0.0007980845969672786 0.9208187539523752 0.000734891264127993
classified 0.0007980845969672786 1.3979400086720377 0.0011156743884054572
document 0.0007980845969672786 1.0969100130080565 0.000875426985640907
found 0.0007980845969672786 0.3372421683184259 0.00026914777998278205
troubling 0.0007980845969672786 1.3010299956639813 0.0010383319997318288
wikileaks 0.0007980845969672786 1.3010299956639813 0.0010383319997318288
sentenced 0.0007980845969672786 0.958607314841775 0.000765049732515383
prison 0.0007980845969672786 0.6020599913279624 0.0004804948055291001
espionage 0.0007980845969672786 1.5228787452803376 0.0012153860696570932
theft 0.0007980845969672786 1.5228787452803376 0.0012153860696570932
madeleine 0.0015961691939345571 1.5228787452803376 0.0024307721393141864
albright 0.0015961691939345571 1.5228787452803376 0.0024307721393141864
represent 0.0007980845969672786 1.045757490560675 0.0008346029453796289
foreign 0.0007980845969672786 0.7447274948966939 0.0005943555426150789
best 0.0015961691939345571 0.13667713987954408 0.0002181598401908126
known 0.0015961691939345571 0.06048074738138145 9.65375057962992e-05
th 0.0007980845969672786 0.2076083105017461 0.00016568899481384368
african 0.0007980845969672786 0.28399665636520083 0.00022665335703527602
serve 0.0007980845969672786 0.5086383061657272 0.0004059363975783937
linda 0.0015961691939345571 1.3979400086720377 0.0022313487768109144
tripp 0.0015961691939345571 2.0 0.0031923383878691143
civil 0.0007980845969672786 0.3467874862246563 0.0002767657511769005
servant 0.0007980845969672786 2.0 0.0015961691939345571
worked 0.0007980845969672786 0.3098039199714864 0.0002472497366093267
pentagon 0.0007980845969672786 1.6989700043360187 0.001355921791170007
sex 0.0007980845969672786 0.7958800173440752 0.0006351795828763569
recording 0.0007980845969672786 1.3010299956639813 0.0010383319997318288
conversation 0.0007980845969672786 1.3010299956639813 0.0010383319997318288
led 0.0007980845969672786 0.37675070960209955 0.00030067893822992786
impeachment 0.0007980845969672786 1.3010299956639813 0.0010383319997318288
george 0.0015961691939345571 0.4685210829577449 0.0007478389193260094
stephanopoulos 0.0015961691939345571 2.0 0.0031923383878691143
trusted 0.0007980845969672786 1.6989700043360187 0.001355921791170007
aide 0.0007980845969672786 1.3010299956639813 0.0010383319997318288
later 0.0007980845969672786 0.09151498112135023 7.303669682470091e-05
achieved 0.0007980845969672786 0.8239087409443188 0.0006575488754543646
success 0.0007980845969672786 0.431798275933005 0.00034461155301915807
tv 0.0007980845969672786 0.5228787452803376 0.00041730147268981456
anchor 0.0007980845969672786 1.0969100130080565 0.000875426985640907
host 0.0007980845969672786 0.853871964321762 0.0006814620625073919
joanne 0.0015961691939345571 2.0 0.0031923383878691143
woodward 0.0023942537909018356 2.0 0.004788507581803671
award 0.0007980845969672786 0.494850021680094 0.0003949321801118069
winning 0.0007980845969672786 0.4202164033831899 0.00033536823893311245
actress 0.0007980845969672786 0.6020599913279624 0.0004804948055291001
face 0.0007980845969672786 2.0 0.0015961691939345571
eve 0.0007980845969672786 1.6989700043360187 0.001355921791170007
rachel 0.0015961691939345571 1.5228787452803376 0.0024307721393141864
summer 0.0007980845969672786 0.6989700043360189 0.0005578371942027286
wish 0.0007980845969672786 1.5228787452803376 0.0012153860696570932
winter 0.0007980845969672786 1.2218487496163564 0.000975138666892543
dream 0.0007980845969672786 1.045757490560675 0.0008346029453796289
widow 0.0007980845969672786 1.1549019599857433 0.000921709465271942
actor 0.0007980845969672786 0.4685210829577449 0.0003739194596630047
paul 0.0007980845969672786 0.721246399047171 0.0005756156416976625
newman 0.0007980845969672786 2.0 0.0015961691939345571
loading 0.0007980845969672786 0.04575749056067514 3.6518348412350476e-05
logo 0.0007980845969672786 0.04575749056067514 3.6518348412350476e-05
registered 0.0007980845969672786 0.04575749056067514 3.6518348412350476e-05
trademark 0.0007980845969672786 0.04575749056067514 3.6518348412350476e-05
llc 0.0007980845969672786 0.04575749056067514 3.6518348412350476e-05
close 0.0031923383878691143 0.04575749056067514 0.0001460733936494019
