jesse 0.014938488576449912 1.2218487496163564 0.018252573588293547
jackson 0.04657293497363796 0.5228787452803376 0.02435199780303857
age 0.0017574692442882249 0.11350927482751813 0.00019948905945082272
civil 0.011423550087873463 0.3467874862246563 0.00396154421873509
right 0.014938488576449912 0.39848321634998984 0.005952736975351342
presidential 0.005272407732864675 0.3665315444204135 0.0019325037491410204
campaign 0.004393673110720563 0.3872161432802645 0.0017013011567674188
biography 0.009666080843585237 0.04575749056067514 0.0004422956029590743
skip 0.0008787346221441124 0.04575749056067514 4.0208691178097665e-05
main 0.0008787346221441124 0.04575749056067514 4.0208691178097665e-05
content 0.0008787346221441124 0.04575749056067514 4.0208691178097665e-05
people 0.009666080843585237 0.04575749056067514 0.0004422956029590743
nostalgia 0.0026362038664323375 0.04575749056067514 0.000120626073534293
celebrity 0.0026362038664323375 0.04575749056067514 0.000120626073534293
history 0.004393673110720563 0.04575749056067514 0.00020104345589048834
culture 0.0026362038664323375 0.04575749056067514 0.000120626073534293
crime 0.0026362038664323375 0.04575749056067514 0.000120626073534293
scandal 0.0026362038664323375 0.04575749056067514 0.000120626073534293
video 0.0035149384885764497 0.8696662315049939 0.00305682330933214
contact 0.0026362038664323375 0.04575749056067514 0.000120626073534293
u 0.009666080843585237 0.20065945054641832 0.0019395904710110732
advertise 0.0017574692442882249 0.04575749056067514 8.041738235619533e-05
privacy 0.0026362038664323375 0.04575749056067514 0.000120626073534293
notice 0.0026362038664323375 0.04575749056067514 0.000120626073534293
term 0.0026362038664323375 0.04575749056067514 0.000120626073534293
use 0.0017574692442882249 0.04575749056067514 8.041738235619533e-05
copyright 0.0017574692442882249 0.04575749056067514 8.041738235619533e-05
policy 0.0026362038664323375 0.7670038896078462 0.0020219786193528457
ad 0.0017574692442882249 0.04575749056067514 8.041738235619533e-05
choice 0.0017574692442882249 0.04575749056067514 8.041738235619533e-05
accessibility 0.0017574692442882249 0.04575749056067514 8.041738235619533e-05
support 0.0035149384885764497 0.04575749056067514 0.00016083476471239066
setting 0.0008787346221441124 0.04575749056067514 4.0208691178097665e-05
february 0.0008787346221441124 0.04575749056067514 4.0208691178097665e-05
subscribe 0.0017574692442882249 0.04575749056067514 8.041738235619533e-05
newsletter 0.0026362038664323375 0.04575749056067514 0.000120626073534293
quick 0.0008787346221441124 0.07058107428570728 6.202203364297652e-05
fact 0.0017574692442882249 0.14116214857141457 0.00024808813457190607
name 0.0017574692442882249 0.05551732784983141 9.756999622114483e-05
birth 0.0035149384885764497 0.07058107428570728 0.00024808813457190607
date 0.0035149384885764497 0.07058107428570728 0.00024808813457190607
october 0.0017574692442882249 0.37675070960209955 0.0006621277848894544
education 0.0017574692442882249 0.19382002601611284 0.00034063273465046194
chicago 0.005272407732864675 0.638272163982407 0.0033652310930531127
theological 0.0026362038664323375 1.3979400086720377 0.0036852548559016813
seminary 0.0026362038664323375 1.3979400086720377 0.0036852548559016813
agricultural 0.0035149384885764497 1.5228787452803376 0.0053528251152208705
technical 0.0035149384885764497 1.2218487496163564 0.0042947231972455405
college 0.0026362038664323375 0.40893539297350084 0.0010780370640777702
north 0.0035149384885764497 0.6777807052660807 0.002382357487754238
carolina 0.005272407732864675 0.7958800173440752 0.004196203957877374
state 0.004393673110720562 0.4930892744484819 0.0021664730863290064
university 0.0035149384885764497 0.2596373105057561 0.0009126091757671568
illinois 0.0017574692442882249 1.045757490560675 0.00183788662664442
place 0.0008787346221441124 0.07572071393811834 6.653841295089485e-05
greenville 0.0026362038664323375 1.5228787452803376 0.004014618836415653
south 0.0026362038664323375 0.40893539297350084 0.0010780370640777702
zodiac 0.0008787346221441124 0.3010299956639812 0.0002645254794938323
sign 0.0017574692442882249 0.05551732784983141 9.756999622114483e-05
libra 0.0008787346221441124 1.3979400086720377 0.0012284182853005603
rainbow 0.0035149384885764497 2.0 0.007029876977152899
push 0.0035149384885764497 1.1549019599857433 0.004059409349686268
coalition 0.0035149384885764497 1.0969100130080565 0.0038555712232269117
cite 0.0008787346221441124 0.07058107428570728 6.202203364297652e-05
page 0.0008787346221441124 0.07058107428570728 6.202203364297652e-05
quote 0.0008787346221441124 0.3872161432802645 0.00034026023135348373
deliberation 0.0008787346221441124 1.6989700043360187 0.0014929437647943926
debate 0.0008787346221441124 0.853871964321762 0.0007503268579277347
way 0.0017574692442882249 0.431798275933005 0.0007588721896889367
stir 0.0008787346221441124 1.3979400086720377 0.0012284182853005603
soul 0.0008787346221441124 0.853871964321762 0.0007503268579277347
democracy 0.0008787346221441124 1.0 0.0008787346221441124
must 0.0017574692442882249 0.8239087409443188 0.0014479942723098747
measure 0.0008787346221441124 1.1549019599857433 0.001014852337421567
greatness 0.0008787346221441124 2.0 0.0017574692442882249
mansion 0.0008787346221441124 1.045757490560675 0.00091894331332221
manger 0.0008787346221441124 2.0 0.0017574692442882249
publish 0.0008787346221441124 0.07058107428570728 6.202203364297652e-05
nov 0.0008787346221441124 1.045757490560675 0.00091894331332221
comment 0.0017574692442882249 0.07058107428570728 0.00012404406728595303
american 0.005272407732864675 0.6552148773673394 0.00345455998611954
leader 0.006151142355008788 0.8582367697242121 0.005279136544876525
baptist 0.0017574692442882249 0.8860566476931633 0.0015572173070178615
minister 0.0035149384885764497 0.5376020021010439 0.0018896379687207167
politician 0.0008787346221441124 0.6575773191777938 0.0005778359570982371
twice 0.0008787346221441124 0.958607314841775 0.0008423614365920694
ran 0.0008787346221441124 0.48148606012211254 0.000423098471109062
president 0.004393673110720563 0.16749108729376372 0.0007359010865279602
undergraduate 0.0008787346221441124 1.3010299956639813 0.0011432601016379447
became 0.0035149384885764497 0.07572071393811834 0.0002661536518035794
involved 0.0017574692442882249 0.4559319556497244 0.0008012863895425736
movement 0.004393673110720563 0.48148606012211254 0.0021154923555453103
went 0.0017574692442882249 0.32790214206428253 0.0005762779298142047
selma 0.0017574692442882249 1.2218487496163564 0.0021473615986227703
alabama 0.0026362038664323375 0.7447274948966939 0.0019632535014851332
march 0.0017574692442882249 0.27572413039921095 0.0004845766790847292
dr 0.0026362038664323375 0.7958800173440752 0.002098101978938687
martin 0.007029876977152899 0.5686362358410126 0.003997442782713621
luther 0.007908611599297012 0.638272163982407 0.0050478466395796695
king 0.015817223198594025 0.4685210829577449 0.007410702542389638
jr 0.008787346221441126 0.32790214206428253 0.002881389649071024
leading 0.0017574692442882249 0.5228787452803376 0.0009189433133222102
national 0.0035149384885764497 0.3010299956639812 0.0010581019179753293
spokesman 0.0008787346221441124 1.3979400086720377 0.0012284182853005603
african 0.0035149384885764497 0.28399665636520083 0.0009982307780850644
later 0.008787346221441126 0.09151498112135023 0.0008041738235619529
appointed 0.0017574692442882249 0.6777807052660807 0.001191178743877119
special 0.0026362038664323375 0.638272163982407 0.0016826155465265564
envoy 0.0008787346221441124 1.6989700043360187 0.0014929437647943926
africa 0.0017574692442882249 0.7447274948966939 0.0013088356676567553
awarded 0.0017574692442882249 0.8239087409443188 0.0014479942723098747
medal 0.0026362038664323375 0.6575773191777938 0.0017335078712947113
freedom 0.0026362038664323375 0.619788758288394 0.0016338895209711617
late 0.0017574692442882249 0.3665315444204135 0.0006441679163803401
announced 0.0008787346221441124 0.40893539297350084 0.0003593456880259234
diagnosed 0.0017574692442882249 1.0 0.0017574692442882249
parkinson 0.0035149384885764497 1.6989700043360187 0.00597177505917757
disease 0.005272407732864675 0.8860566476931633 0.004671651921053585
early 0.0017574692442882249 0.07572071393811834 0.0001330768259017897
year 0.008787346221441124 0.24995468798823245 0.0021964383830248894
pioneering 0.0008787346221441124 1.6989700043360187 0.0014929437647943926
controversial 0.0008787346221441124 0.721246399047171 0.0006337841819395176
born 0.0008787346221441124 0.09151498112135023 8.041738235619528e-05
louis 0.0008787346221441124 1.0969100130080565 0.0009638928058067279
burn 0.0017574692442882249 2.0 0.0035149384885764497
parent 0.0008787346221441124 0.4559319556497244 0.0004006431947712868
helen 0.0008787346221441124 1.6989700043360187 0.0014929437647943926
high 0.0008787346221441124 0.27572413039921095 0.0002422883395423646
school 0.006151142355008787 0.14874165128092467 0.0009149310711480428
student 0.0017574692442882249 0.6020599913279624 0.0010581019179753293
time 0.0035149384885764497 0.4791236183116582 0.0016840900467896595
son 0.0008787346221441124 0.28399665636520083 0.0002495576945212661
noah 0.0008787346221441124 2.0 0.0017574692442882249
robinson 0.0017574692442882249 0.958607314841775 0.0016847228731841388
old 0.0008787346221441124 0.28399665636520083 0.0002495576945212661
married 0.0035149384885764497 0.24412514432750856 0.0008580848658260406
man 0.0008787346221441124 0.37675070960209955 0.0003310638924447272
neighbor 0.0008787346221441124 1.5228787452803376 0.0013382062788052176
never 0.0017574692442882249 0.431798275933005 0.0007588721896889367
mother 0.0017574692442882249 0.21467016498923297 0.0003772762126348558
charles 0.0008787346221441124 0.8860566476931633 0.0007786086535089308
henry 0.0008787346221441124 1.0969100130080565 0.0009638928058067279
post 0.0026362038664323375 2.2218487496163566 0.005857246264366494
office 0.0008787346221441124 0.31875876262441283 0.00028010436082988825
maintenance 0.0008787346221441124 0.958607314841775 0.0008423614365920694
worker 0.0017574692442882249 1.2218487496163564 0.0021473615986227703
adopted 0.0008787346221441124 1.045757490560675 0.00091894331332221
small 0.0017574692442882249 0.721246399047171 0.0012675683638790351
black 0.0035149384885764497 0.3872161432802645 0.001361040925413935
white 0.0026362038664323375 0.3872161432802645 0.0010207806940604513
divided 0.0008787346221441124 1.5228787452803376 0.0013382062788052176
town 0.0017574692442882249 0.9208187539523752 0.0016183106396351057
young 0.005272407732864675 0.3010299956639812 0.001587152876962994
learned 0.0008787346221441124 0.6989700043360189 0.0006142091426502802
segregation 0.0008787346221441124 0.9208187539523752 0.0008091553198175529
looked 0.0008787346221441124 1.2218487496163564 0.0010736807993113851
like 0.0008787346221441124 0.2365720064370627 0.00020788401268634682
sit 0.0008787346221441124 0.958607314841775 0.0008423614365920694
back 0.0008787346221441124 0.4202164033831899 0.0003692587024456853
bus 0.0008787346221441124 1.1549019599857433 0.001014852337421567
elementary 0.0017574692442882249 0.8860566476931633 0.0015572173070178615
lacked 0.0008787346221441124 1.3979400086720377 0.0012284182853005603
amenity 0.0008787346221441124 2.0 0.0017574692442882249
grass 0.0008787346221441124 1.5228787452803376 0.0013382062788052176
yard 0.0017574692442882249 2.0 0.0035149384885764497
recalled 0.0008787346221441124 1.3010299956639813 0.0011432601016379447
play 0.0008787346221441124 0.7958800173440752 0.0006993673263128955
roll 0.0008787346221441124 1.0 0.0008787346221441124
full 0.0008787346221441124 0.3010299956639812 0.0002645254794938323
sand 0.0008787346221441124 1.6989700043360187 0.0014929437647943926
rained 0.0008787346221441124 2.0 0.0017574692442882249
turned 0.0008787346221441124 0.638272163982407 0.0005608718488421855
red 0.0008787346221441124 0.8239087409443188 0.0007239971361549374
dirt 0.0008787346221441124 1.5228787452803376 0.0013382062788052176
though 0.0008787346221441124 0.3665315444204135 0.00032208395819017003
showed 0.0008787346221441124 0.8239087409443188 0.0007239971361549374
promise 0.0008787346221441124 0.9208187539523752 0.0008091553198175529
potential 0.0008787346221441124 0.958607314841775 0.0008423614365920694
biological 0.0008787346221441124 1.045757490560675 0.00091894331332221
father 0.0017574692442882249 0.14874165128092467 0.0002614088774708694
would 0.0026362038664323375 0.2291479883578558 0.0006040808128941717
recall 0.0008787346221441124 2.0 0.0017574692442882249
always 0.0008787346221441124 0.638272163982407 0.0005608718488421855
seemed 0.0008787346221441124 0.9208187539523752 0.0008091553198175529
kind 0.0017574692442882249 0.7958800173440752 0.001398734652625791
unusual 0.0008787346221441124 1.3979400086720377 0.0012284182853005603
fella 0.0008787346221441124 2.0 0.0017574692442882249
even 0.0008787346221441124 0.3665315444204135 0.00032208395819017003
learning 0.0008787346221441124 0.958607314841775 0.0008423614365920694
talk 0.0017574692442882249 0.6989700043360189 0.0012284182853005603
told 0.0017574692442882249 0.44369749923271273 0.0007797847086690909
new 0.0017574692442882249 0.14266750356873154 0.00025073374968142626
york 0.0017574692442882249 0.3467874862246563 0.0006094683413438599
say 0.0017574692442882249 0.721246399047171 0.0012675683638790351
going 0.0017574692442882249 0.6020599913279624 0.0010581019179753293
preacher 0.0008787346221441124 1.6989700043360187 0.0014929437647943926
lead 0.0008787346221441124 0.5228787452803376 0.0004594716566611051
river 0.0008787346221441124 1.5228787452803376 0.0013382062788052176
water 0.0008787346221441124 1.045757490560675 0.00091894331332221
good 0.0008787346221441124 0.585026652029182 0.0005140831740150984
exceptional 0.0008787346221441124 1.6989700043360187 0.0014929437647943926
athlete 0.0008787346221441124 1.3010299956639813 0.0011432601016379447
elected 0.0008787346221441124 0.3665315444204135 0.00032208395819017003
class 0.0008787346221441124 0.44369749923271273 0.00038989235433454546
fall 0.0008787346221441124 0.7695510786217261 0.0006762311762932567
attended 0.0008787346221441124 0.5376020021010439 0.0004724094921801792
football 0.0008787346221441124 1.2218487496163564 0.0010736807993113851
scholarship 0.0008787346221441124 1.2218487496163564 0.0010736807993113851
spent 0.0008787346221441124 0.48148606012211254 0.000423098471109062
largely 0.0008787346221441124 0.853871964321762 0.0007503268579277347
transferring 0.0008787346221441124 1.6989700043360187 0.0014929437647943926
called 0.0008787346221441124 0.3010299956639812 0.0002645254794938323
greensboro 0.0008787346221441124 1.6989700043360187 0.0014929437647943926
got 0.0017574692442882249 0.5376020021010439 0.0009448189843603584
local 0.0008787346221441124 0.6989700043360189 0.0006142091426502802
demonstration 0.0017574692442882249 2.045757490560675 0.0035953558709326443
xa 0.004393673110720563 0.17392519729917358 0.0007641704626501476
family 0.0026362038664323375 0.11918640771920867 0.0003141996688555589
also 0.0035149384885764497 0.0861861476162833 0.0003029390074386056
met 0.0008787346221441124 0.44369749923271273 0.00038989235433454546
jacqueline 0.0017574692442882249 1.6989700043360187 0.002985887529588785
lavinia 0.0017574692442882249 2.0 0.0035149384885764497
brown 0.0008787346221441124 0.8239087409443188 0.0007239971361549374
couple 0.0008787346221441124 0.40893539297350084 0.0003593456880259234
five 0.0017574692442882249 0.48148606012211254 0.000846196942218124
child 0.0026362038664323375 0.5000381344038097 0.0013182024632789361
together 0.0008787346221441124 0.431798275933005 0.00037943609484446836
santita 0.0008787346221441124 2.0 0.0017574692442882249
b 0.004393673110720563 0.37675070960209955 0.0016553194622236363
jonathan 0.0008787346221441124 1.2218487496163564 0.0010736807993113851
yusef 0.0008787346221441124 2.0 0.0017574692442882249
dubois 0.0008787346221441124 2.0 0.0017574692442882249
marching 0.0008787346221441124 1.5228787452803376 0.0013382062788052176
graduated 0.0008787346221441124 0.6575773191777938 0.0005778359570982371
degree 0.0017574692442882249 0.5228787452803376 0.0009189433133222102
sociology 0.0008787346221441124 1.3979400086720377 0.0012284182853005603
next 0.0017574692442882249 0.07058107428570728 0.00012404406728595303
eventually 0.0026362038664323375 0.3979400086720376 0.0010490509894693434
becoming 0.0008787346221441124 0.3372421683184259 0.00029634636934835313
southern 0.0008787346221441124 0.6575773191777938 0.0005778359570982371
christian 0.0008787346221441124 0.9208187539523752 0.0008091553198175529
leadership 0.0008787346221441124 0.638272163982407 0.0005608718488421855
conference 0.0008787346221441124 0.7958800173440752 0.0006993673263128955
sclc 0.005272407732864675 1.0969100130080565 0.005783356834840368
moved 0.0008787346221441124 0.3872161432802645 0.00034026023135348373
graduate 0.0008787346221441124 1.045757490560675 0.00091894331332221
work 0.0017574692442882249 0.2218487496163564 0.0003898923543345455
finished 0.0008787346221441124 1.045757490560675 0.00091894331332221
study 0.0008787346221441124 0.9208187539523752 0.0008091553198175529
ordained 0.0008787346221441124 1.5228787452803376 0.0013382062788052176
church 0.0008787346221441124 0.619788758288394 0.0005446298403237205
made 0.0017574692442882249 0.1804560644581313 0.00031714598323045925
decision 0.0008787346221441124 0.585026652029182 0.0005140831740150984
leave 0.0008787346221441124 0.6575773191777938 0.0005778359570982371
order 0.0026362038664323375 0.494850021680094 0.0013045255404571898
impressed 0.0008787346221441124 1.2218487496163564 0.0010736807993113851
drive 0.0008787346221441124 1.1549019599857433 0.001014852337421567
passion 0.0008787346221441124 1.2218487496163564 0.0010736807993113851
director 0.0008787346221441124 0.5686362358410126 0.0004996803478392026
operation 0.0017574692442882249 0.958607314841775 0.0016847228731841388
breadbasket 0.0008787346221441124 2.0 0.0017574692442882249
economic 0.0008787346221441124 0.585026652029182 0.0005140831740150984
arm 0.0017574692442882249 2.744727494896694 0.0048237741562332055
tenure 0.0008787346221441124 0.9208187539523752 0.0008091553198175529
entirely 0.0008787346221441124 1.3010299956639813 0.0011432601016379447
smooth 0.0008787346221441124 1.5228787452803376 0.0013382062788052176
first 0.0017574692442882249 0.0655015487564323 0.00011511695739267539
enamored 0.0008787346221441124 2.0 0.0017574692442882249
brashness 0.0008787346221441124 2.0 0.0017574692442882249
everyone 0.0008787346221441124 1.0 0.0008787346221441124
organization 0.0035149384885764497 1.473660722610156 0.00517982679300582
felt 0.0017574692442882249 0.6020599913279624 0.0010581019179753293
many 0.0008787346221441124 0.28399665636520083 0.0002495576945212661
acted 0.0008787346221441124 1.0969100130080565 0.0009638928058067279
independently 0.0008787346221441124 2.0 0.0017574692442882249
came 0.0008787346221441124 0.3010299956639812 0.0002645254794938323
tire 0.0008787346221441124 2.0 0.0017574692442882249
well 0.0008787346221441124 0.20065945054641826 0.00017632640645555206
day 0.0017574692442882249 0.7013652168755644 0.001232627797672345
assassination 0.0017574692442882249 0.7447274948966939 0.0013088356676567553
stormed 0.0008787346221441124 1.3979400086720377 0.0012284182853005603
meeting 0.0008787346221441124 0.8860566476931633 0.0007786086535089308
repeatedly 0.0008787346221441124 1.2218487496163564 0.0010736807993113851
interrupted 0.0008787346221441124 1.3979400086720377 0.0012284182853005603
still 0.0017574692442882249 0.431798275933005 0.0007588721896889367
traveled 0.0017574692442882249 0.8860566476931633 0.0015572173070178615
memphis 0.0008787346221441124 1.3010299956639813 0.0011432601016379447
assassinated 0.0008787346221441124 1.0969100130080565 0.0009638928058067279
april 0.0017574692442882249 0.1549019599857432 0.0002722354305549089
standing 0.0008787346221441124 1.0 0.0008787346221441124
balcony 0.0008787346221441124 1.3979400086720377 0.0012284182853005603
hotel 0.0008787346221441124 1.045757490560675 0.00091894331332221
room 0.0017574692442882249 0.8860566476931633 0.0015572173070178615
one 0.007029876977152899 0.08092190762392613 0.000568871055352732
floor 0.0008787346221441124 1.3979400086720377 0.0012284182853005603
reporter 0.0017574692442882249 3.0969100130080562 0.005442724100189905
last 0.0017574692442882249 0.0655015487564323 0.00011511695739267539
passed 0.0008787346221441124 0.6777807052660807 0.0005955893719385595
away 0.0008787346221441124 0.5376020021010439 0.0004724094921801792
claimed 0.0017574692442882249 0.7447274948966939 0.0013088356676567553
event 0.0008787346221441124 0.853871964321762 0.0007503268579277347
described 0.0008787346221441124 0.6989700043360189 0.0006142091426502802
immediately 0.0008787346221441124 0.853871964321762 0.0007503268579277347
set 0.0008787346221441124 0.494850021680094 0.00043484184681906327
wave 0.0008787346221441124 1.5228787452803376 0.0013382062788052176
anger 0.0008787346221441124 1.5228787452803376 0.0013382062788052176
among 0.0008787346221441124 0.35654732351381263 0.0003133104776044048
others 0.0008787346221441124 0.494850021680094 0.00043484184681906327
scene 0.0008787346221441124 1.2218487496163564 0.0010736807993113851
overstated 0.0008787346221441124 2.0 0.0017574692442882249
presence 0.0008787346221441124 0.958607314841775 0.0008423614365920694
shooting 0.0008787346221441124 0.958607314841775 0.0008423614365920694
gain 0.0008787346221441124 0.958607314841775 0.0008423614365920694
read 0.0008787346221441124 0.0655015487564323 5.7558478696337696e-05
bella 0.0008787346221441124 0.0655015487564323 5.7558478696337696e-05
hadid 0.0008787346221441124 0.0655015487564323 5.7558478696337696e-05
sadie 0.0008787346221441124 0.06048074738138145 5.3146526697171746e-05
alexander 0.0008787346221441124 0.05551732784983141 4.8784998110572415e-05
adrienne 0.0008787346221441124 0.0655015487564323 5.7558478696337696e-05
kennedy 0.0008787346221441124 0.06048074738138145 5.3146526697171746e-05
suspended 0.0008787346221441124 1.045757490560675 0.00091894331332221
formally 0.0008787346221441124 1.0969100130080565 0.0009638928058067279
resigned 0.0008787346221441124 0.9208187539523752 0.0008091553198175529
left 0.0008787346221441124 0.2924298239020636 0.0002569682108102492
founded 0.0008787346221441124 0.619788758288394 0.0005446298403237205
united 0.0026362038664323375 0.18708664335714445 0.000493198532575952
save 0.0008787346221441124 1.1549019599857433 0.001014852337421567
humanity 0.0008787346221441124 1.2218487496163564 0.0010736807993113851
created 0.0017574692442882249 0.721246399047171 0.0012675683638790351
based 0.0008787346221441124 0.619788758288394 0.0005446298403237205
advocate 0.0008787346221441124 0.9208187539523752 0.0008091553198175529
self 0.0008787346221441124 0.6989700043360189 0.0006142091426502802
help 0.0008787346221441124 0.4559319556497244 0.0004006431947712868
sense 0.0008787346221441124 1.045757490560675 0.00091894331332221
let 0.0008787346221441124 0.6777807052660807 0.0005955893719385595
serve 0.0008787346221441124 0.5086383061657272 0.0004469580897765617
political 0.0026362038664323375 0.3098039199714864 0.0008167062916647268
pulpit 0.0008787346221441124 1.6989700043360187 0.0014929437647943926
established 0.0008787346221441124 0.7447274948966939 0.0006544178338283777
whose 0.0008787346221441124 0.7695510786217261 0.0006762311762932567
mission 0.0008787346221441124 1.0 0.0008787346221441124
establish 0.0008787346221441124 1.0969100130080565 0.0009638928058067279
equal 0.0008787346221441124 1.0969100130080565 0.0009638928058067279
woman 0.0008787346221441124 0.3979400086720376 0.00034968366315644777
homosexual 0.0008787346221441124 2.0 0.0017574692442882249
two 0.0017574692442882249 0.11918640771920867 0.00020946644590370592
merged 0.0008787346221441124 2.0 0.0017574692442882249
form 0.0008787346221441124 0.7447274948966939 0.0006544178338283777
running 0.0008787346221441124 0.721246399047171 0.0006337841819395176
profile 0.0008787346221441124 0.853871964321762 0.0007503268579277347
increased 0.0008787346221441124 0.9208187539523752 0.0008091553198175529
involvement 0.0008787346221441124 0.958607314841775 0.0008423614365920694
beginning 0.0008787346221441124 0.9208187539523752 0.0008091553198175529
began 0.0017574692442882249 0.20065945054641826 0.0003526528129111041
traveling 0.0008787346221441124 1.2218487496163564 0.0010736807993113851
around 0.0008787346221441124 0.4559319556497244 0.0004006431947712868
world 0.0017574692442882249 0.04575749056067514 8.041738235619533e-05
mediate 0.0008787346221441124 2.0 0.0017574692442882249
spotlight 0.0008787346221441124 0.7958800173440752 0.0006993673263128955
problem 0.0008787346221441124 0.7958800173440752 0.0006993673263128955
dispute 0.0008787346221441124 2.0 0.0017574692442882249
visited 0.0008787346221441124 1.0969100130080565 0.0009638928058067279
spoke 0.0008787346221441124 0.7695510786217261 0.0006762311762932567
country 0.0008787346221441124 0.27572413039921095 0.0002422883395423646
apartheid 0.0008787346221441124 1.3010299956639813 0.0011432601016379447
middle 0.0008787346221441124 0.585026652029182 0.0005140831740150984
east 0.0008787346221441124 0.8860566476931633 0.0007786086535089308
throw 0.0008787346221441124 1.6989700043360187 0.0014929437647943926
behind 0.0017574692442882249 0.6777807052660807 0.001191178743877119
creation 0.0008787346221441124 0.853871964321762 0.0007503268579277347
palestinian 0.0008787346221441124 1.3010299956639813 0.0011432601016379447
democratic 0.004393673110720563 0.3872161432802645 0.0017013011567674188
effort 0.0008787346221441124 0.5376020021010439 0.0004724094921801792
island 0.0008787346221441124 0.958607314841775 0.0008423614365920694
nation 0.0017574692442882249 1.0141246426916064 0.0017822928694052837
haiti 0.0008787346221441124 1.6989700043360187 0.0014929437647943926
second 0.0026362038664323375 0.19382002601611284 0.0005109491019756929
shirley 0.0008787346221441124 1.0969100130080565 0.0009638928058067279
chisholm 0.0017574692442882249 1.1549019599857433 0.002029704674843134
preceded 0.0008787346221441124 2.0 0.0017574692442882249
make 0.0017574692442882249 0.3872161432802645 0.0006805204627069675
run 0.0026362038664323375 0.4559319556497244 0.0012019295843138606
presidency 0.0026362038664323375 0.4685210829577449 0.001235117090398273
historic 0.0008787346221441124 0.6989700043360189 0.0006142091426502802
success 0.0017574692442882249 0.431798275933005 0.0007588721896889367
placed 0.0008787346221441124 1.1549019599857433 0.001014852337421567
third 0.0008787346221441124 0.4202164033831899 0.0003692587024456853
primary 0.0017574692442882249 2.070581074285707 0.0036389825558624024
voting 0.0017574692442882249 0.7958800173440752 0.001398734652625791
garnered 0.0008787346221441124 1.5228787452803376 0.0013382062788052176
total 0.0008787346221441124 1.0969100130080565 0.0009638928058067279
million 0.0017574692442882249 0.5228787452803376 0.0009189433133222102
vote 0.0017574692442882249 0.9208187539523752 0.0016183106396351057
surpassing 0.0008787346221441124 1.5228787452803376 0.0013382062788052176
ballot 0.0008787346221441124 1.3979400086720377 0.0012284182853005603
sparked 0.0008787346221441124 1.0 0.0008787346221441124
controversy 0.0017574692442882249 1.9788107009300622 0.003477698947153009
january 0.0008787346221441124 0.2676062401770315 0.00023515486834537036
interview 0.0008787346221441124 0.585026652029182 0.0005140831740150984
washington 0.0017574692442882249 0.3979400086720376 0.0006993673263128955
referred 0.0008787346221441124 1.0 0.0008787346221441124
jew 0.0008787346221441124 1.6989700043360187 0.0014929437647943926
hymie 0.0008787346221441124 2.0 0.0017574692442882249
city 0.0017574692442882249 0.3665315444204135 0.0006441679163803401
hymietown 0.0008787346221441124 2.0 0.0017574692442882249
protest 0.0008787346221441124 0.8239087409443188 0.0007239971361549374
erupted 0.0017574692442882249 1.6989700043360187 0.002985887529588785
apologized 0.0017574692442882249 1.2218487496163564 0.0021473615986227703
remark 0.0017574692442882249 1.1549019599857433 0.002029704674843134
month 0.0008787346221441124 0.585026652029182 0.0005140831740150984
finishing 0.0008787346221441124 1.5228787452803376 0.0013382062788052176
massachusetts 0.0008787346221441124 0.7695510786217261 0.0006762311762932567
governor 0.0008787346221441124 0.6575773191777938 0.0005778359570982371
michael 0.0026362038664323375 0.494850021680094 0.0013045255404571898
dukakis 0.0008787346221441124 1.6989700043360187 0.0014929437647943926
winning 0.0008787346221441124 0.4202164033831899 0.0003692587024456853
obama 0.0026362038664323375 0.37675070960209955 0.0009931916773341816
secret 0.0008787346221441124 0.8860566476931633 0.0007786086535089308
love 0.0008787346221441124 0.5086383061657272 0.0004469580897765617
declined 0.0008787346221441124 1.2218487496163564 0.0010736807993113851
continued 0.0017574692442882249 0.3372421683184259 0.0005926927386967063
force 0.0017574692442882249 1.543633966870957 0.0027128892212143355
stage 0.0008787346221441124 0.721246399047171 0.0006337841819395176
pushing 0.0008787346221441124 1.3979400086720377 0.0012284182853005603
serving 0.0008787346221441124 0.48148606012211254 0.000423098471109062
featured 0.0008787346221441124 0.7695510786217261 0.0006762311762932567
speaker 0.0008787346221441124 0.7447274948966939 0.0006544178338283777
convention 0.0008787346221441124 1.5228787452803376 0.0013382062788052176
election 0.0008787346221441124 0.44369749923271273 0.00038989235433454546
captured 0.0008787346221441124 1.3010299956639813 0.0011432601016379447
unpaid 0.0008787346221441124 1.5228787452803376 0.0013382062788052176
statehood 0.0017574692442882249 2.0 0.0035149384885764497
senator 0.0017574692442882249 0.5228787452803376 0.0009189433133222102
council 0.0008787346221441124 0.7695510786217261 0.0006762311762932567
lobby 0.0008787346221441124 1.5228787452803376 0.0013382062788052176
congress 0.0026362038664323375 0.4202164033831899 0.001107776107337056
district 0.0008787346221441124 0.721246399047171 0.0006337841819395176
columbia 0.0008787346221441124 0.8239087409443188 0.0007239971361549374
occasionally 0.0008787346221441124 1.2218487496163564 0.0010736807993113851
surfaced 0.0008787346221441124 1.045757490560675 0.00091894331332221
revealed 0.0017574692442882249 0.5086383061657272 0.0008939161795531234
fathered 0.0008787346221441124 1.5228787452803376 0.0013382062788052176
wedlock 0.0008787346221441124 2.0 0.0017574692442882249
seven 0.0008787346221441124 0.619788758288394 0.0005446298403237205
barack 0.0008787346221441124 0.3872161432802645 0.00034026023135348373
firestorm 0.0008787346221441124 2.0 0.0017574692442882249
accused 0.0008787346221441124 0.8239087409443188 0.0007239971361549374
talking 0.0008787346221441124 1.0969100130080565 0.0009638928058067279
denying 0.0008787346221441124 1.6989700043360187 0.0014929437647943926
impact 0.0008787346221441124 1.0 0.0008787346221441124
politics 0.0008787346221441124 0.4685210829577449 0.0004117056967994243
bill 0.0008787346221441124 0.4202164033831899 0.0003692587024456853
clinton 0.0008787346221441124 0.5228787452803376 0.0004594716566611051
received 0.0008787346221441124 0.28399665636520083 0.0002495576945212661
master 0.0008787346221441124 0.853871964321762 0.0007503268579277347
divinity 0.0008787346221441124 1.5228787452803376 0.0013382062788052176
noted 0.0008787346221441124 1.0 0.0008787346221441124
author 0.0017574692442882249 0.06048074738138145 0.00010629305339434349
book 0.0008787346221441124 0.721246399047171 0.0006337841819395176
include 0.0008787346221441124 0.619788758288394 0.0005446298403237205
straight 0.0008787346221441124 1.2218487496163564 0.0010736807993113851
heart 0.0008787346221441124 0.5228787452803376 0.0004594716566611051
legal 0.0008787346221441124 0.5086383061657272 0.0004469580897765617
lynching 0.0008787346221441124 2.0 0.0017574692442882249
racism 0.0008787346221441124 0.853871964321762 0.0007503268579277347
injustice 0.0008787346221441124 1.1549019599857433 0.001014852337421567
death 0.0017574692442882249 0.2365720064370627 0.00041576802537269365
penalty 0.0008787346221441124 1.3010299956639813 0.0011432601016379447
diagnosis 0.0017574692442882249 1.3010299956639813 0.0022865202032758894
november 0.0008787346221441124 0.24412514432750856 0.00021452121645651015
change 0.0017574692442882249 0.8860566476931633 0.0015572173070178615
three 0.0008787346221441124 0.2076083105017461 0.00018243261028272944
ago 0.0008787346221441124 1.045757490560675 0.00091894331332221
wrote 0.0008787346221441124 0.5528419686577808 0.0004858013784339022
statement 0.0008787346221441124 0.638272163982407 0.0005608718488421855
battery 0.0008787346221441124 1.5228787452803376 0.0013382062788052176
test 0.0008787346221441124 1.3979400086720377 0.0012284182853005603
physician 0.0008787346221441124 1.6989700043360187 0.0014929437647943926
identified 0.0008787346221441124 1.5228787452803376 0.0013382062788052176
issue 0.0008787346221441124 0.6989700043360189 0.0006142091426502802
bested 0.0008787346221441124 2.0 0.0017574692442882249
added 0.0008787346221441124 0.853871964321762 0.0007503268579277347
viewed 0.0008787346221441124 1.3010299956639813 0.0011432601016379447
signal 0.0008787346221441124 2.0 0.0017574692442882249
lifestyle 0.0008787346221441124 1.3010299956639813 0.0011432601016379447
dedicate 0.0008787346221441124 1.5228787452803376 0.0013382062788052176
physical 0.0008787346221441124 1.1549019599857433 0.001014852337421567
therapy 0.0008787346221441124 1.5228787452803376 0.0013382062788052176
hope 0.0008787346221441124 1.0969100130080565 0.0009638928058067279
slowing 0.0008787346221441124 2.0 0.0017574692442882249
progression 0.0008787346221441124 1.5228787452803376 0.0013382062788052176
tv 0.0008787346221441124 0.5228787452803376 0.0004594716566611051
pg 0.0008787346221441124 1.5228787452803376 0.0013382062788052176
mini 0.0008787346221441124 1.2218487496163564 0.0010736807993113851
check 0.0008787346221441124 0.07058107428570728 6.202203364297652e-05
strive 0.0008787346221441124 0.07058107428570728 6.202203364297652e-05
accuracy 0.0008787346221441124 0.07058107428570728 6.202203364297652e-05
fairness 0.0008787346221441124 0.07058107428570728 6.202203364297652e-05
see 0.0017574692442882249 0.04575749056067514 8.041738235619533e-05
something 0.0008787346221441124 0.07058107428570728 6.202203364297652e-05
look 0.0008787346221441124 0.07058107428570728 6.202203364297652e-05
citation 0.0008787346221441124 0.07058107428570728 6.202203364297652e-05
information 0.0008787346221441124 0.07058107428570728 6.202203364297652e-05
article 0.0008787346221441124 0.07058107428570728 6.202203364297652e-05
title 0.0008787346221441124 0.07058107428570728 6.202203364297652e-05
com 0.0017574692442882249 0.06048074738138145 0.00010629305339434349
editor 0.0008787346221441124 0.1023729087095586 8.99586192526877e-05
website 0.0017574692442882249 0.0655015487564323 0.00011511695739267539
url 0.0008787346221441124 0.07058107428570728 6.202203364297652e-05
access 0.0008787346221441124 0.07058107428570728 6.202203364297652e-05
publisher 0.0008787346221441124 0.07058107428570728 6.202203364297652e-05
e 0.0017574692442882249 0.04575749056067514 8.041738235619533e-05
television 0.0017574692442882249 0.04575749056067514 8.041738235619533e-05
network 0.0017574692442882249 0.04575749056067514 8.041738235619533e-05
updated 0.0008787346221441124 0.07058107428570728 6.202203364297652e-05
july 0.0008787346221441124 0.37675070960209955 0.0003310638924447272
original 0.0008787346221441124 0.0655015487564323 5.7558478696337696e-05
published 0.0008787346221441124 0.07058107428570728 6.202203364297652e-05
receive 0.0008787346221441124 0.05551732784983141 4.8784998110572415e-05
story 0.0026362038664323375 0.05551732784983141 0.00014635499433171727
shaped 0.0017574692442882249 0.05551732784983141 9.756999622114483e-05
life 0.0008787346221441124 0.05060999335508724 4.447275338759863e-05
person 0.007908611599297012 0.05060999335508724 0.0004002547804883877
jimmie 0.0017574692442882249 1.3979400086720377 0.0024568365706011206
lee 0.0017574692442882249 0.7695510786217261 0.0013524623525865134
shot 0.0008787346221441124 0.958607314841775 0.0008423614365920694
killed 0.0008787346221441124 0.6989700043360189 0.0006142091426502802
trooper 0.0008787346221441124 1.3979400086720377 0.0012284182853005603
inspired 0.0008787346221441124 0.6989700043360189 0.0006142091426502802
led 0.0017574692442882249 0.37675070960209955 0.0006621277848894544
act 0.0008787346221441124 0.4685210829577449 0.0004117056967994243
mahalia 0.0017574692442882249 1.5228787452803376 0.0026764125576104352
th 0.0008787346221441124 0.2076083105017461 0.00018243261028272944
century 0.0008787346221441124 0.494850021680094 0.00043484184681906327
recording 0.0008787346221441124 0.8239087409443188 0.0007239971361549374
artist 0.0017574692442882249 0.619788758288394 0.001089259680647441
known 0.0017574692442882249 0.06048074738138145 0.00010629305339434349
queen 0.0008787346221441124 0.9208187539523752 0.0008091553198175529
gospel 0.0008787346221441124 0.958607314841775 0.0008423614365920694
revered 0.0008787346221441124 1.3010299956639813 0.0011432601016379447
greatest 0.0008787346221441124 0.6777807052660807 0.0005955893719385595
musical 0.0017574692442882249 0.48148606012211254 0.000846196942218124
figure 0.0008787346221441124 0.8239087409443188 0.0007239971361549374
andrew 0.0035149384885764497 0.7447274948966939 0.0026176713353135107
seventh 0.0008787346221441124 1.0 0.0008787346221441124
founding 0.0008787346221441124 0.6777807052660807 0.0005955893719385595
party 0.0008787346221441124 0.3979400086720376 0.00034968366315644777
individual 0.0008787346221441124 0.8239087409443188 0.0007239971361549374
liberty 0.0008787346221441124 0.958607314841775 0.0008423614365920694
scholar 0.0008787346221441124 1.0 0.0008787346221441124
memorialized 0.0008787346221441124 1.0969100130080565 0.0009638928058067279
multi 0.0008787346221441124 0.6020599913279624 0.0005290509589876647
talented 0.0008787346221441124 0.7447274948966939 0.0006544178338283777
entertainer 0.0008787346221441124 0.8239087409443188 0.0007239971361549374
enjoyed 0.0008787346221441124 0.6575773191777938 0.0005778359570982371
chart 0.0008787346221441124 0.6777807052660807 0.0005955893719385595
topping 0.0008787346221441124 0.7958800173440752 0.0006993673263128955
career 0.0008787346221441124 0.17392519729917358 0.0001528340925300295
solo 0.0008787346221441124 0.6575773191777938 0.0005778359570982371
released 0.0008787346221441124 0.3010299956639812 0.0002645254794938323
best 0.0008787346221441124 0.13667713987954408 0.00012010293486778916
selling 0.0008787346221441124 0.6575773191777938 0.0005778359570982371
album 0.0008787346221441124 0.5686362358410126 0.0004996803478392026
thriller 0.0008787346221441124 0.7958800173440752 0.0006993673263128955
number 0.0008787346221441124 0.4685210829577449 0.0004117056967994243
hit 0.0008787346221441124 0.5086383061657272 0.0004469580897765617
bad 0.0008787346221441124 0.6020599913279624 0.0005290509589876647
wall 0.0008787346221441124 0.5528419686577808 0.0004858013784339022
john 0.0017574692442882249 0.37675070960209955 0.0006621277848894544
lewis 0.0017574692442882249 0.8860566476931633 0.0015572173070178615
big 0.0008787346221441124 0.5228787452803376 0.0004594716566611051
six 0.0008787346221441124 0.5686362358410126 0.0004996803478392026
fight 0.0008787346221441124 0.5376020021010439 0.0004724094921801792
since 0.0008787346221441124 0.3372421683184259 0.00029634636934835313
joining 0.0008787346221441124 0.7695510786217261 0.0006762311762932567
activist 0.0008787346221441124 0.494850021680094 0.00043484184681906327
alongside 0.0008787346221441124 0.7695510786217261 0.0006762311762932567
member 0.0008787346221441124 0.3010299956639812 0.0002645254794938323
mayor 0.0008787346221441124 0.6777807052660807 0.0005955893719385595
atlanta 0.0008787346221441124 0.8239087409443188 0.0007239971361549374
ambassador 0.0008787346221441124 0.8239087409443188 0.0007239971361549374
stonewall 0.0017574692442882249 1.6989700043360187 0.002985887529588785
confederate 0.0008787346221441124 1.5228787452803376 0.0013382062788052176
general 0.0008787346221441124 0.4559319556497244 0.0004006431947712868
war 0.0008787346221441124 0.35654732351381263 0.0003133104776044048
commanding 0.0008787346221441124 1.6989700043360187 0.0014929437647943926
manassas 0.0008787346221441124 2.0 0.0017574692442882249
antietam 0.0008787346221441124 2.0 0.0017574692442882249
fredericksburg 0.0008787346221441124 1.6989700043360187 0.0014929437647943926
chancellorsville 0.0008787346221441124 2.0 0.0017574692442882249
fred 0.0017574692442882249 1.0 0.0017574692442882249
shuttlesworth 0.0017574692442882249 1.1549019599857433 0.002029704674843134
top 0.0008787346221441124 0.48148606012211254 0.000423098471109062
working 0.0008787346221441124 0.35654732351381263 0.0003133104776044048
loading 0.0008787346221441124 0.04575749056067514 4.0208691178097665e-05
logo 0.0008787346221441124 0.04575749056067514 4.0208691178097665e-05
registered 0.0008787346221441124 0.04575749056067514 4.0208691178097665e-05
trademark 0.0008787346221441124 0.04575749056067514 4.0208691178097665e-05
llc 0.0008787346221441124 0.04575749056067514 4.0208691178097665e-05
close 0.0035149384885764497 0.04575749056067514 0.00016083476471239066
