elizabeth 0.024518388791593695 0.7695510786217261 0.01886815254063777
taylor 0.04553415061295972 3.0 0.13660245183887915
marriage 0.006129597197898424 2.537602002101044 0.01555447812145999
movie 0.0035026269702276708 1.899629454882437 0.006653693362110112
child 0.0043782837127845885 0.5000381344038097 0.002189308819631391
biography 0.008756567425569177 0.04575749056067514 0.00040067855131939705
skip 0.0008756567425569177 0.04575749056067514 4.0067855131939706e-05
main 0.0008756567425569177 0.04575749056067514 4.0067855131939706e-05
content 0.0008756567425569177 0.04575749056067514 4.0067855131939706e-05
people 0.006129597197898424 0.04575749056067514 0.0002804749859235779
nostalgia 0.002626970227670753 0.04575749056067514 0.00012020356539581911
celebrity 0.0035026269702276708 0.04575749056067514 0.00016027142052775883
history 0.0035026269702276708 0.04575749056067514 0.00016027142052775883
culture 0.002626970227670753 0.04575749056067514 0.00012020356539581911
crime 0.0035026269702276708 1.2006594505464185 0.004205462173542622
scandal 0.0043782837127845885 1.744727494896694 0.007638911974153652
video 0.002626970227670753 0.04575749056067514 0.00012020356539581911
contact 0.002626970227670753 0.04575749056067514 0.00012020356539581911
u 0.002626970227670753 0.04575749056067514 0.00012020356539581911
advertise 0.0017513134851138354 0.04575749056067514 8.013571026387941e-05
privacy 0.002626970227670753 0.04575749056067514 0.00012020356539581911
notice 0.0017513134851138354 0.04575749056067514 8.013571026387941e-05
term 0.0017513134851138354 0.04575749056067514 8.013571026387941e-05
use 0.0017513134851138354 0.04575749056067514 8.013571026387941e-05
copyright 0.0017513134851138354 0.04575749056067514 8.013571026387941e-05
policy 0.0017513134851138354 0.04575749056067514 8.013571026387941e-05
ad 0.0017513134851138354 0.04575749056067514 8.013571026387941e-05
choice 0.0017513134851138354 0.04575749056067514 8.013571026387941e-05
accessibility 0.0017513134851138354 0.04575749056067514 8.013571026387941e-05
support 0.0035026269702276708 0.04575749056067514 0.00016027142052775883
setting 0.0008756567425569177 0.04575749056067514 4.0067855131939706e-05
february 0.005253940455341506 0.04575749056067514 0.00024040713079163823
subscribe 0.0017513134851138354 0.04575749056067514 8.013571026387941e-05
newsletter 0.002626970227670753 0.04575749056067514 0.00012020356539581911
photo 0.002626970227670753 0.12493873660829993 0.00032821034135280193
silver 0.0017513134851138354 1.3010299956639813 0.0022785113759439253
screen 0.0043782837127845885 1.0969100130080565 0.004802583244343505
collection 0.002626970227670753 0.853871964321762 0.0022430962285160125
getty 0.002626970227670753 0.2291479883578558 0.0006019649431467315
image 0.002626970227670753 0.2218487496163564 0.0005827900602881517
quick 0.0008756567425569177 0.07058107428570728 6.180479359519026e-05
fact 0.002626970227670753 0.14116214857141457 0.0003708287615711416
name 0.002626970227670753 0.05551732784983141 0.00014584236738134348
birth 0.0017513134851138354 0.07058107428570728 0.00012360958719038052
date 0.0043782837127845885 0.07058107428570728 0.00030902396797595136
death 0.006129597197898424 0.2365720064370627 0.0014500911077578273
march 0.0017513134851138354 0.27572413039921095 0.00048287938773942376
place 0.002626970227670753 0.07572071393811834 0.00019891606113341072
london 0.002626970227670753 1.0 0.002626970227670753
england 0.0017513134851138354 0.8860566476931633 0.0015517629556797956
los 0.0017513134851138354 0.6020599913279624 0.0010543957816601794
angeles 0.0017513134851138354 0.6020599913279624 0.0010543957816601794
california 0.0017513134851138354 0.5528419686577808 0.0009681995948472519
originally 0.0008756567425569177 0.8860566476931633 0.0007758814778398978
rosemond 0.002626970227670753 2.0 0.005253940455341506
full 0.0008756567425569177 0.3010299956639812 0.00026359894541504484
dame 0.0017513134851138354 2.0 0.0035026269702276708
early 0.002626970227670753 0.07572071393811834 0.00019891606113341072
life 0.01138353765323993 0.13679614097137055 0.0015572240215655142
star 0.0043782837127845885 1.4828041020500258 0.0064921370492558046
mainstream 0.0017513134851138354 2.0 0.0035026269702276708
success 0.0035026269702276708 0.431798275933005 0.001512428286980753
personal 0.002626970227670753 0.3372421683184259 0.0008859251356876337
spotlight 0.002626970227670753 0.7958800173440752 0.002090753110360968
later 0.0043782837127845885 0.09151498112135023 0.00040067855131939683
year 0.00788091068301226 0.24995468798823245 0.0019698705708354573
cite 0.0008756567425569177 0.07058107428570728 6.180479359519026e-05
page 0.0008756567425569177 0.07058107428570728 6.180479359519026e-05
quote 0.0008756567425569177 0.3872161432802645 0.0003390684266902491
think 0.0008756567425569177 0.585026652029182 0.0005122825324248529
finally 0.0008756567425569177 0.7447274948966939 0.0006521256522738125
growing 0.0008756567425569177 0.585026652029182 0.0005122825324248529
time 0.0043782837127845885 0.4791236183116582 0.002097739134464353
mother 0.0035026269702276708 0.21467016498923297 0.0007519095095945113
say 0.0008756567425569177 1.045757490560675 0.0009157245976888573
open 0.0008756567425569177 0.7447274948966939 0.0006521256522738125
eye 0.002626970227670753 1.0969100130080565 0.0028815499466061027
eight 0.0017513134851138354 0.6989700043360189 0.001224115594283746
day 0.0008756567425569177 0.40893539297350084 0.0003580870341274088
born 0.0043782837127845885 0.09151498112135023 0.00040067855131939683
first 0.0043782837127845885 0.0655015487564323 0.00028678436408245315
thing 0.0017513134851138354 1.4436974992327127 0.0025283668988313707
saw 0.002626970227670753 0.6989700043360189 0.0018361733914256187
engagement 0.0008756567425569177 1.0969100130080565 0.000960516648868701
ring 0.0017513134851138354 1.5228787452803376 0.0026670380828026927
hooked 0.0008756567425569177 2.0 0.0017513134851138354
pretend 0.0008756567425569177 2.0 0.0017513134851138354
ordinary 0.0008756567425569177 1.3979400086720377 0.001224115594283746
housewife 0.0008756567425569177 1.6989700043360187 0.0014877145396987904
best 0.0035026269702276708 0.13667713987954408 0.000478729036355671
leading 0.0017513134851138354 0.5228787452803376 0.0009157245976888575
men 0.0035026269702276708 0.6777807052660807 0.0023740129781649063
dog 0.0008756567425569177 1.3010299956639813 0.0011392556879719626
horse 0.0008756567425569177 1.3979400086720377 0.001224115594283746
one 0.0070052539404553416 0.08092190762392613 0.0005668785122516717
problem 0.002626970227670753 1.75448733218585 0.004608985986477715
vice 0.0008756567425569177 2.0 0.0017513134851138354
pretty 0.0008756567425569177 1.0969100130080565 0.000960516648868701
sure 0.0008756567425569177 0.8860566476931633 0.0007758814778398978
annoying 0.0008756567425569177 2.0 0.0017513134851138354
virtue 0.0008756567425569177 2.0 0.0017513134851138354
great 0.0035026269702276708 0.5228787452803376 0.001831449195377715
deodorant 0.0008756567425569177 2.0 0.0017513134851138354
take 0.0035026269702276708 1.8794260687941502 0.006582928437107356
away 0.002626970227670753 0.5376020021010439 0.001412264453855632
past 0.0008756567425569177 0.6989700043360189 0.000612057797141873
smell 0.0008756567425569177 2.0 0.0017513134851138354
find 0.0017513134851138354 0.7958800173440752 0.001393835406907312
real 0.0008756567425569177 0.6989700043360189 0.000612057797141873
friend 0.0035026269702276708 1.2069083998234196 0.00422734991181583
involved 0.0008756567425569177 0.4559319556497244 0.0003992398911118427
someone 0.0008756567425569177 1.0 0.0008756567425569177
dumb 0.0017513134851138354 1.3979400086720377 0.002448231188567492
enough 0.0017513134851138354 0.6575773191777938 0.001151624026581075
offer 0.0017513134851138354 1.2218487496163564 0.0021398401919726032
million 0.002626970227670753 0.5228787452803376 0.0013735868965332862
dollar 0.0008756567425569177 1.2218487496163564 0.0010699200959863016
make 0.0043782837127845885 1.3080348972326397 0.0057269478863075296
picture 0.0008756567425569177 0.9208187539523752 0.0008063211505712568
certainly 0.0008756567425569177 1.6989700043360187 0.0014877145396987904
turn 0.0008756567425569177 0.7958800173440752 0.000696917703453656
along 0.0008756567425569177 0.4202164033831899 0.0003679653269555078
critic 0.0017513134851138354 0.853871964321762 0.0014953974856773415
never 0.0017513134851138354 0.431798275933005 0.0007562141434903765
taken 0.0008756567425569177 0.6989700043360189 0.000612057797141873
seriously 0.0008756567425569177 1.3979400086720377 0.001224115594283746
taking 0.0008756567425569177 0.6020599913279624 0.0005271978908300897
anything 0.0008756567425569177 0.9208187539523752 0.0008063211505712568
debbie 0.0017513134851138354 1.1549019599857433 0.0020225953765074314
reynolds 0.0017513134851138354 1.6989700043360187 0.002975429079397581
really 0.0008756567425569177 0.721246399047171 0.0006315642723705526
michael 0.002626970227670753 0.494850021680094 0.0012999562741158337
jackson 0.0008756567425569177 0.5228787452803376 0.00045786229884442876
normal 0.0008756567425569177 1.3010299956639813 0.0011392556879719626
know 0.0008756567425569177 0.4559319556497244 0.0003992398911118427
man 0.0017513134851138354 0.37675070960209955 0.0006598085982523635
woman 0.0070052539404553416 0.7958800173440752 0.005575341627629248
kind 0.0008756567425569177 0.7958800173440752 0.000696917703453656
twinkle 0.0008756567425569177 2.0 0.0017513134851138354
come 0.0017513134851138354 1.5528419686577808 0.002719513079961087
sashay 0.0008756567425569177 2.0 0.0017513134851138354
walk 0.0017513134851138354 0.8860566476931633 0.0015517629556797956
want 0.0008756567425569177 0.585026652029182 0.0005122825324248529
sex 0.0008756567425569177 0.7958800173440752 0.000696917703453656
symbol 0.0017513134851138354 1.1549019599857433 0.0020225953765074314
would 0.0017513134851138354 0.2291479883578558 0.00040130996209782104
rather 0.0008756567425569177 1.2218487496163564 0.0010699200959863016
mistake 0.0008756567425569177 1.5228787452803376 0.0013335190414013464
perhaps 0.0008756567425569177 1.1549019599857433 0.0010112976882537157
love 0.0070052539404553416 2.207608310501746 0.015464856816124316
glamorous 0.0008756567425569177 1.5228787452803376 0.0013335190414013464
reincarnated 0.0008756567425569177 2.0 0.0017513134851138354
big 0.0017513134851138354 0.5228787452803376 0.0009157245976888575
liz 0.0008756567425569177 2.0 0.0017513134851138354
finger 0.0008756567425569177 1.6989700043360187 0.0014877145396987904
publish 0.0008756567425569177 0.07058107428570728 6.180479359519026e-05
apr 0.0008756567425569177 0.5528419686577808 0.0004840997974236259
comment 0.0017513134851138354 0.07058107428570728 0.00012360958719038052
actress 0.00788091068301226 0.6020599913279624 0.004744781017470807
starred 0.002626970227670753 0.7695510786217261 0.0020215877722111896
film 0.01138353765323993 1.3233063903751334 0.01506390812160835
like 0.0008756567425569177 0.2365720064370627 0.0002071558725368325
cat 0.0017513134851138354 1.1549019599857433 0.0020225953765074314
hot 0.0017513134851138354 0.958607314841775 0.0016788219174111647
tin 0.0017513134851138354 1.3010299956639813 0.0022785113759439253
roof 0.0017513134851138354 1.5228787452803376 0.0026670380828026927
butterfield 0.002626970227670753 1.5228787452803376 0.0040005571242040395
famous 0.0017513134851138354 0.494850021680094 0.0008666375160772225
violet 0.0017513134851138354 1.5228787452803376 0.0026670380828026927
scandalous 0.0008756567425569177 1.5228787452803376 0.0013335190414013464
made 0.006129597197898424 0.1804560644581313 0.001106122987046339
debut 0.0017513134851138354 0.8239087409443188 0.001442922488518947
every 0.0017513134851138354 0.6575773191777938 0.001151624026581075
minute 0.0017513134851138354 1.0 0.0017513134851138354
achieved 0.0008756567425569177 0.8239087409443188 0.0007214612442594735
stardom 0.0008756567425569177 1.5228787452803376 0.0013335190414013464
national 0.0017513134851138354 0.3010299956639812 0.0005271978908300897
velvet 0.0017513134851138354 0.9208187539523752 0.0016126423011425136
although 0.0008756567425569177 0.431798275933005 0.00037810707174518827
academy 0.0008756567425569177 0.6020599913279624 0.0005271978908300897
award 0.0043782837127845885 1.216096420727265 0.005324415152045819
work 0.0043782837127845885 0.2218487496163564 0.0009713167671469194
afraid 0.0017513134851138354 1.0 0.0017513134851138354
virginia 0.0017513134851138354 0.8239087409443188 0.001442922488518947
woolf 0.0017513134851138354 2.0 0.0035026269702276708
many 0.0017513134851138354 0.28399665636520083 0.0004973671740196162
extensive 0.0008756567425569177 1.2218487496163564 0.0010699200959863016
jewelry 0.0008756567425569177 1.6989700043360187 0.0014877145396987904
stunning 0.0017513134851138354 1.3979400086720377 0.002448231188567492
celebrated 0.0017513134851138354 1.0969100130080565 0.001921033297737402
fashioned 0.0008756567425569177 2.0 0.0017513134851138354
career 0.0017513134851138354 0.17392519729917358 0.0003045975434311271
covered 0.0008756567425569177 1.0969100130080565 0.000960516648868701
six 0.0008756567425569177 0.5686362358410126 0.0004979301539763684
decade 0.0008756567425569177 0.638272163982407 0.0005589073239775893
accepting 0.0008756567425569177 1.2218487496163564 0.0010699200959863016
role 0.00788091068301226 0.9863203027088074 0.007773102210489726
showcased 0.0008756567425569177 1.3979400086720377 0.001224115594283746
beauty 0.0017513134851138354 1.3010299956639813 0.0022785113759439253
ability 0.0008756567425569177 0.7958800173440752 0.000696917703453656
emotionally 0.0008756567425569177 1.6989700043360187 0.0014877145396987904
charged 0.0008756567425569177 0.7695510786217261 0.0006738625907370631
character 0.0008756567425569177 1.3979400086720377 0.001224115594283746
american 0.0043782837127845885 0.1023729087095586 0.000448217638833444
parent 0.0008756567425569177 0.4559319556497244 0.0003992398911118427
art 0.0008756567425569177 1.0969100130080565 0.000960516648868701
dealer 0.0008756567425569177 2.0 0.0017513134851138354
residing 0.0008756567425569177 1.5228787452803376 0.0013335190414013464
soon 0.0017513134851138354 0.40893539297350084 0.0007161740682548176
outbreak 0.0008756567425569177 1.2218487496163564 0.0010699200959863016
world 0.0043782837127845885 0.04575749056067514 0.00020033927565969853
war 0.0008756567425569177 0.35654732351381263 0.00031221306787549265
ii 0.002626970227670753 0.48148606012211254 0.0012648495449792798
returned 0.0008756567425569177 0.5086383061657272 0.0004453925623167489
united 0.0017513134851138354 0.18708664335714445 0.00032764736139604983
state 0.0017513134851138354 0.20065945054641826 0.00035141760165747506
settled 0.0008756567425569177 1.1549019599857433 0.0010112976882537157
new 0.0017513134851138354 0.14266750356873154 0.0002498555228874458
performing 0.0008756567425569177 0.8239087409443188 0.0007214612442594735
blood 0.0008756567425569177 1.045757490560675 0.0009157245976888573
worked 0.0008756567425569177 0.3098039199714864 0.00027128189139359577
married 0.0035026269702276708 0.24412514432750856 0.0008550793146322542
age 0.002626970227670753 0.11350927482751813 0.0002981854855363874
young 0.0035026269702276708 0.3010299956639812 0.0010543957816601794
started 0.0017513134851138354 0.6020599913279624 0.0010543957816601794
dancing 0.0008756567425569177 1.5228787452803376 0.0013335190414013464
eventually 0.0008756567425569177 0.3979400086720376 0.000348458851726828
gave 0.0008756567425569177 0.6020599913279624 0.0005271978908300897
recital 0.0008756567425569177 2.0 0.0017513134851138354
princess 0.0008756567425569177 2.0 0.0017513134851138354
margaret 0.0008756567425569177 1.3979400086720377 0.001224115594283746
long 0.0017513134851138354 0.4559319556497244 0.0007984797822236854
relocating 0.0008756567425569177 2.0 0.0017513134851138354
family 0.0008756567425569177 0.11918640771920867 0.00010436638154046293
suggested 0.0008756567425569177 0.8239087409443188 0.0007214612442594735
daughter 0.0008756567425569177 0.31875876262441283 0.0002791232597411671
test 0.0008756567425569177 1.0 0.0008756567425569177
signed 0.0008756567425569177 0.494850021680094 0.00043331875803861124
contract 0.0008756567425569177 0.9208187539523752 0.0008063211505712568
universal 0.0008756567425569177 1.045757490560675 0.0009157245976888573
studio 0.0008756567425569177 1.5228787452803376 0.0013335190414013464
followed 0.0008756567425569177 0.5528419686577808 0.0004840997974236259
bigger 0.0008756567425569177 1.3010299956639813 0.0011392556879719626
lassie 0.0008756567425569177 2.0 0.0017513134851138354
home 0.0008756567425569177 0.31875876262441283 0.0002791232597411671
white 0.0017513134851138354 0.3872161432802645 0.0006781368533804982
cliff 0.0008756567425569177 2.0 0.0017513134851138354
dover 0.0008756567425569177 2.0 0.0017513134851138354
breakout 0.0008756567425569177 1.5228787452803376 0.0013335190414013464
however 0.0008756567425569177 0.32790214206428253 0.0002871297215974453
came 0.0008756567425569177 0.3010299956639812 0.00026359894541504484
spent 0.0008756567425569177 0.48148606012211254 0.0004216165149930933
four 0.0017513134851138354 0.28399665636520083 0.0004973671740196162
month 0.0008756567425569177 0.431798275933005 0.00037810707174518827
working 0.0008756567425569177 0.35654732351381263 0.00031221306787549265
get 0.0008756567425569177 0.44369749923271273 0.00038852670685876774
subsequently 0.0008756567425569177 0.7695510786217261 0.0006738625907370631
turned 0.0017513134851138354 0.638272163982407 0.0011178146479551786
huge 0.0017513134851138354 1.2218487496163564 0.0021398401919726032
hit 0.0017513134851138354 0.3665315444204135 0.0006419116364630709
pulled 0.0008756567425569177 0.958607314841775 0.0008394109587055823
old 0.0008756567425569177 0.28399665636520083 0.0002486835870098081
glare 0.0008756567425569177 2.0 0.0017513134851138354
hollywood 0.0017513134851138354 0.7958800173440752 0.001393835406907312
showed 0.0017513134851138354 0.8239087409443188 0.001442922488518947
adept 0.0008756567425569177 1.6989700043360187 0.0014877145396987904
handling 0.0008756567425569177 0.958607314841775 0.0008394109587055823
tricky 0.0008756567425569177 1.6989700043360187 0.0014877145396987904
terrain 0.0008756567425569177 2.0 0.0017513134851138354
even 0.002626970227670753 0.3665315444204135 0.0009628674546946065
impressive 0.0008756567425569177 1.3010299956639813 0.0011392556879719626
unlike 0.0008756567425569177 1.1549019599857433 0.0010112976882537157
proved 0.002626970227670753 0.8860566476931633 0.0023276444335196935
could 0.0008756567425569177 0.4202164033831899 0.0003679653269555078
seamless 0.0008756567425569177 1.6989700043360187 0.0014877145396987904
transition 0.0008756567425569177 1.0969100130080565 0.000960516648868701
adult 0.0008756567425569177 0.8860566476931633 0.0007758814778398978
look 0.0017513134851138354 1.2924298239020637 0.002263449779162984
helped 0.0008756567425569177 0.3372421683184259 0.0002953083785625446
played 0.0017513134851138354 0.6575773191777938 0.001151624026581075
opposite 0.0008756567425569177 1.6989700043360187 0.0014877145396987904
spencer 0.0008756567425569177 2.0 0.0017513134851138354
tracy 0.0008756567425569177 1.5228787452803376 0.0013335190414013464
father 0.0008756567425569177 0.14874165128092467 0.00013024662984319148
bride 0.0008756567425569177 1.5228787452803376 0.0013335190414013464
also 0.0043782837127845885 0.0861861476162833 0.0003773474063760215
acting 0.0017513134851138354 0.6777807052660807 0.0011870064890824531
talent 0.0008756567425569177 1.0 0.0008756567425569177
three 0.0008756567425569177 0.2076083105017461 0.00018179361690170412
last 0.0035026269702276708 0.0655015487564323 0.00022942749126596252
paris 0.0008756567425569177 0.6020599913279624 0.0005271978908300897
rhapsody 0.0008756567425569177 1.6989700043360187 0.0014877145396987904
xa 0.002626970227670753 0.17392519729917358 0.0004568963151466907
elephant 0.0008756567425569177 2.0 0.0017513134851138354
latter 0.0008756567425569177 1.045757490560675 0.0009157245976888573
plantation 0.0008756567425569177 1.6989700043360187 0.0014877145396987904
owner 0.0008756567425569177 1.3010299956639813 0.0011392556879719626
wife 0.0017513134851138354 0.3098039199714864 0.0005425637827871915
farm 0.0008756567425569177 1.0969100130080565 0.000960516648868701
manager 0.0008756567425569177 0.9208187539523752 0.0008063211505712568
boosted 0.0008756567425569177 2.0 0.0017513134851138354
dated 0.0008756567425569177 1.3979400086720377 0.001224115594283746
millionaire 0.0008756567425569177 1.5228787452803376 0.0013335190414013464
howard 0.0008756567425569177 0.958607314841775 0.0008394109587055823
hughes 0.0008756567425569177 1.6989700043360187 0.0014877145396987904
entrance 0.0008756567425569177 1.6989700043360187 0.0014877145396987904
wed 0.0008756567425569177 1.045757490560675 0.0009157245976888573
hotel 0.0008756567425569177 1.045757490560675 0.0009157245976888573
heir 0.0008756567425569177 1.0969100130080565 0.000960516648868701
nicky 0.0008756567425569177 2.0 0.0017513134851138354
hilton 0.0008756567425569177 1.5228787452803376 0.0013335190414013464
richard 0.0017513134851138354 0.6777807052660807 0.0011870064890824531
burton 0.005253940455341506 2.0 0.010507880910683012
api 0.0008756567425569177 2.0 0.0017513134851138354
gamma 0.0017513134851138354 2.0 0.0035026269702276708
rapho 0.0008756567425569177 2.0 0.0017513134851138354
via 0.0008756567425569177 0.5086383061657272 0.0004453925623167489
read 0.0008756567425569177 0.0655015487564323 5.735687281649063e-05
next 0.0008756567425569177 0.07058107428570728 6.180479359519026e-05
bella 0.0008756567425569177 0.0655015487564323 5.735687281649063e-05
hadid 0.0008756567425569177 0.0655015487564323 5.735687281649063e-05
sadie 0.0008756567425569177 0.06048074738138145 5.296037423938831e-05
alexander 0.0008756567425569177 0.05551732784983141 4.861412246044782e-05
adrienne 0.0008756567425569177 0.0655015487564323 5.735687281649063e-05
kennedy 0.0008756567425569177 0.06048074738138145 5.296037423938831e-05
union 0.0017513134851138354 0.7447274948966939 0.001304251304547625
walking 0.0008756567425569177 1.2218487496163564 0.0010699200959863016
aisle 0.0008756567425569177 1.2218487496163564 0.0010699200959863016
marry 0.0008756567425569177 1.3010299956639813 0.0011392556879719626
actor 0.0035026269702276708 0.4685210829577449 0.0016410545812880733
wilding 0.0017513134851138354 2.0 0.0035026269702276708
twice 0.0008756567425569177 0.958607314841775 0.0008394109587055823
continued 0.002626970227670753 0.3372421683184259 0.0008859251356876337
international 0.0008756567425569177 0.40893539297350084 0.0003580870341274088
headline 0.0008756567425569177 0.8239087409443188 0.0007214612442594735
shine 0.0008756567425569177 1.6989700043360187 0.0014877145396987904
delivered 0.0008756567425569177 0.8239087409443188 0.0007214612442594735
riveting 0.0008756567425569177 2.0 0.0017513134851138354
performance 0.0008756567425569177 0.8860566476931633 0.0007758814778398978
drama 0.0008756567425569177 1.0 0.0008756567425569177
sun 0.0008756567425569177 1.3010299956639813 0.0011392556879719626
adaptation 0.0017513134851138354 1.5228787452803376 0.0026670380828026927
edna 0.0008756567425569177 1.6989700043360187 0.0014877145396987904
ferber 0.0008756567425569177 2.0 0.0017513134851138354
novel 0.0008756567425569177 1.0969100130080565 0.000960516648868701
giant 0.0008756567425569177 1.3979400086720377 0.001224115594283746
co 0.0008756567425569177 0.4202164033831899 0.0003679653269555078
james 0.0008756567425569177 0.6020599913279624 0.0005271978908300897
dean 0.0008756567425569177 0.958607314841775 0.0008394109587055823
two 0.002626970227670753 0.11918640771920867 0.0003130991446213888
sizzled 0.0008756567425569177 2.0 0.0017513134851138354
tennessee 0.0008756567425569177 1.0 0.0008756567425569177
williams 0.0017513134851138354 0.8860566476931633 0.0015517629556797956
following 0.0017513134851138354 0.2518119729937996 0.00044100170401716217
another 0.0008756567425569177 0.40893539297350084 0.0003580870341274088
classic 0.0008756567425569177 1.3010299956639813 0.0011392556879719626
suddenly 0.0008756567425569177 1.3979400086720377 0.001224115594283746
summer 0.0008756567425569177 0.6989700043360189 0.000612057797141873
earned 0.0017513134851138354 0.40893539297350084 0.0007161740682548176
oscar 0.0017513134851138354 0.9208187539523752 0.0016126423011425136
capturing 0.0008756567425569177 1.5228787452803376 0.0013335190414013464
coveted 0.0008756567425569177 1.6989700043360187 0.0014877145396987904
call 0.0008756567425569177 0.6989700043360189 0.000612057797141873
girl 0.0008756567425569177 0.6989700043360189 0.000612057797141873
fame 0.0017513134851138354 0.48148606012211254 0.0008432330299861866
touched 0.0008756567425569177 1.6989700043360187 0.0014877145396987904
tragedy 0.0008756567425569177 0.853871964321762 0.0007476987428386708
loss 0.0008756567425569177 0.7447274948966939 0.0006521256522738125
became 0.002626970227670753 0.07572071393811834 0.00019891606113341072
widow 0.0008756567425569177 1.1549019599857433 0.0010112976882537157
husband 0.0008756567425569177 0.7447274948966939 0.0006521256522738125
pioneering 0.0008756567425569177 1.6989700043360187 0.0014877145396987904
producer 0.0008756567425569177 0.8239087409443188 0.0007214612442594735
mike 0.0008756567425569177 0.8860566476931633 0.0007758814778398978
todd 0.0017513134851138354 1.5228787452803376 0.0026670380828026927
killed 0.0008756567425569177 0.6989700043360189 0.000612057797141873
plane 0.0008756567425569177 1.2218487496163564 0.0010699200959863016
crash 0.0008756567425569177 1.2218487496163564 0.0010699200959863016
embroiled 0.0008756567425569177 1.3979400086720377 0.001224115594283746
greatest 0.0008756567425569177 0.6777807052660807 0.0005935032445412266
era 0.0008756567425569177 0.8239087409443188 0.0007214612442594735
began 0.0017513134851138354 0.20065945054641826 0.00035141760165747506
affair 0.0017513134851138354 0.9208187539523752 0.0016126423011425136
close 0.005253940455341506 0.04575749056067514 0.00024040713079163823
eddie 0.0008756567425569177 1.3979400086720377 0.001224115594283746
fisher 0.002626970227670753 2.0 0.005253940455341506
divorced 0.0008756567425569177 0.853871964321762 0.0007476987428386708
couple 0.0008756567425569177 0.40893539297350084 0.0003580870341274088
stayed 0.0008756567425569177 0.8239087409443188 0.0007214612442594735
five 0.0008756567425569177 0.48148606012211254 0.0004216165149930933
left 0.0008756567425569177 0.2924298239020636 0.0002560681470245741
public 0.002626970227670753 0.2596373105057561 0.0006820594846911281
obsession 0.0008756567425569177 2.0 0.0017513134851138354
height 0.0008756567425569177 1.5228787452803376 0.0013335190414013464
met 0.0008756567425569177 0.44369749923271273 0.00038852670685876774
fallen 0.0008756567425569177 1.3979400086720377 0.001224115594283746
cleopatra 0.0008756567425569177 2.0 0.0017513134851138354
heightened 0.0008756567425569177 1.5228787452803376 0.0013335190414013464
clout 0.0008756567425569177 1.3979400086720377 0.001224115594283746
staggering 0.0008756567425569177 2.0 0.0017513134851138354
investment 0.0008756567425569177 0.853871964321762 0.0007476987428386708
clocking 0.0008756567425569177 2.0 0.0017513134851138354
unprecedented 0.0008756567425569177 1.3010299956639813 0.0011392556879719626
fiery 0.0008756567425569177 2.0 0.0017513134851138354
passionate 0.0008756567425569177 1.5228787452803376 0.0013335190414013464
appeared 0.0008756567425569177 0.721246399047171 0.0006315642723705526
onscreen 0.0008756567425569177 2.0 0.0017513134851138354
together 0.0008756567425569177 0.431798275933005 0.00037810707174518827
much 0.0008756567425569177 0.37675070960209955 0.00032990429912618173
panned 0.0008756567425569177 1.6989700043360187 0.0014877145396987904
v 0.0008756567425569177 0.8860566476931633 0.0007758814778398978
p 0.0008756567425569177 0.9208187539523752 0.0008063211505712568
heralded 0.0008756567425569177 1.3979400086720377 0.001224115594283746
second 0.0008756567425569177 0.19382002601611284 0.0001697198126235664
overweight 0.0008756567425569177 2.0 0.0017513134851138354
angry 0.0008756567425569177 1.2218487496163564 0.0010699200959863016
alcoholic 0.0008756567425569177 1.6989700043360187 0.0014877145396987904
professor 0.0008756567425569177 0.8860566476931633 0.0007758814778398978
subsequent 0.0008756567425569177 0.9208187539523752 0.0008063211505712568
divorce 0.0008756567425569177 2.0 0.0017513134851138354
health 0.002626970227670753 0.5528419686577808 0.0014522993922708777
obstacle 0.0008756567425569177 1.3010299956639813 0.0011392556879719626
struggling 0.0008756567425569177 1.3010299956639813 0.0011392556879719626
gained 0.0008756567425569177 0.853871964321762 0.0007476987428386708
little 0.0008756567425569177 0.6989700043360189 0.000612057797141873
traction 0.0008756567425569177 1.3010299956639813 0.0011392556879719626
going 0.0008756567425569177 0.6020599913279624 0.0005271978908300897
still 0.0008756567425569177 0.431798275933005 0.00037810707174518827
act 0.0017513134851138354 1.322393047279507 0.0023159247763213783
found 0.0008756567425569177 0.3372421683184259 0.0002953083785625446
television 0.002626970227670753 0.04575749056067514 0.00012020356539581911
making 0.0008756567425569177 0.3979400086720376 0.000348458851726828
guest 0.0008756567425569177 1.045757490560675 0.0009157245976888573
appearance 0.0008756567425569177 0.8860566476931633 0.0007758814778398978
general 0.0008756567425569177 0.4559319556497244 0.0003992398911118427
hospital 0.0017513134851138354 0.8239087409443188 0.001442922488518947
stage 0.0008756567425569177 0.721246399047171 0.0006315642723705526
focusing 0.0008756567425569177 1.2218487496163564 0.0010699200959863016
attention 0.0008756567425569177 0.6777807052660807 0.0005935032445412266
philanthropy 0.0008756567425569177 1.3010299956639813 0.0011392556879719626
rock 0.0008756567425569177 0.721246399047171 0.0006315642723705526
hudson 0.0008756567425569177 1.5228787452803376 0.0013335190414013464
died 0.0008756567425569177 0.31875876262441283 0.0002791232597411671
battle 0.0008756567425569177 0.721246399047171 0.0006315642723705526
hiv 0.0017513134851138354 2.0 0.0035026269702276708
aid 0.0017513134851138354 1.2218487496163564 0.0021398401919726032
cure 0.0008756567425569177 1.5228787452803376 0.0013335190414013464
disease 0.0008756567425569177 0.8860566476931633 0.0007758814778398978
launched 0.0008756567425569177 0.6777807052660807 0.0005935032445412266
foundation 0.0008756567425569177 0.7695510786217261 0.0006738625907370631
order 0.0017513134851138354 0.494850021680094 0.0008666375160772225
greater 0.0008756567425569177 1.0969100130080565 0.000960516648868701
sick 0.0008756567425569177 1.3979400086720377 0.001224115594283746
well 0.0008756567425569177 0.20065945054641826 0.00017570880082873753
fund 0.0008756567425569177 1.0969100130080565 0.000960516648868701
research 0.0008756567425569177 1.0 0.0008756567425569177
advanced 0.0008756567425569177 1.2218487496163564 0.0010699200959863016
treatment 0.0008756567425569177 1.6989700043360187 0.0014877145396987904
largely 0.0008756567425569177 0.853871964321762 0.0007476987428386708
retired 0.0008756567425569177 1.2218487496163564 0.0010699200959863016
received 0.0017513134851138354 0.28399665636520083 0.0004973671740196162
numerous 0.0008756567425569177 0.721246399047171 0.0006315642723705526
body 0.0008756567425569177 0.5686362358410126 0.0004979301539763684
institute 0.0008756567425569177 0.853871964321762 0.0007476987428386708
achievement 0.0008756567425569177 0.8860566476931633 0.0007758814778398978
commander 0.0008756567425569177 0.958607314841775 0.0008394109587055823
british 0.002626970227670753 0.6989700043360189 0.0018361733914256187
empire 0.0008756567425569177 1.045757490560675 0.0009157245976888573
dbe 0.0008756567425569177 2.0 0.0017513134851138354
overcame 0.0008756567425569177 1.3010299956639813 0.0011392556879719626
litany 0.0008756567425569177 2.0 0.0017513134851138354
throughout 0.0008756567425569177 0.6020599913279624 0.0005271978908300897
diabetes 0.0008756567425569177 1.3979400086720377 0.001224115594283746
congestive 0.0017513134851138354 1.6989700043360187 0.002975429079397581
heart 0.0035026269702276708 0.5228787452803376 0.001831449195377715
failure 0.0017513134851138354 0.9208187539523752 0.0016126423011425136
hip 0.0008756567425569177 1.6989700043360187 0.0014877145396987904
replaced 0.0008756567425569177 1.2218487496163564 0.0010699200959863016
brain 0.0008756567425569177 1.0 0.0008756567425569177
tumor 0.0008756567425569177 2.0 0.0017513134851138354
removed 0.0008756567425569177 1.0 0.0008756567425569177
october 0.0008756567425569177 0.37675070960209955 0.00032990429912618173
underwent 0.0008756567425569177 1.0969100130080565 0.000960516648868701
successful 0.0008756567425569177 0.4559319556497244 0.0003992398911118427
surgery 0.0008756567425569177 0.8239087409443188 0.0007214612442594735
experienced 0.0008756567425569177 1.3010299956639813 0.0011392556879719626
admitted 0.0008756567425569177 0.7958800173440752 0.000696917703453656
cedar 0.0008756567425569177 2.0 0.0017513134851138354
sinai 0.0008756567425569177 1.6989700043360187 0.0014877145396987904
passed 0.0008756567425569177 0.6777807052660807 0.0005935032445412266
condition 0.0008756567425569177 1.3979400086720377 0.001224115594283746
shortly 0.0008756567425569177 0.585026652029182 0.0005122825324248529
son 0.0008756567425569177 0.28399665636520083 0.0002486835870098081
released 0.0008756567425569177 0.3010299956639812 0.00026359894541504484
statement 0.0008756567425569177 0.638272163982407 0.0005589073239775893
saying 0.0008756567425569177 0.7958800173440752 0.000696917703453656
extraordinary 0.0008756567425569177 1.5228787452803376 0.0013335190414013464
lived 0.0008756567425569177 0.6020599913279624 0.0005271978908300897
fullest 0.0008756567425569177 2.0 0.0017513134851138354
passion 0.0008756567425569177 1.2218487496163564 0.0010699200959863016
humor 0.0008756567425569177 1.6989700043360187 0.0014877145396987904
always 0.0008756567425569177 0.638272163982407 0.0005589073239775893
inspired 0.0008756567425569177 0.6989700043360189 0.000612057797141873
enduring 0.0008756567425569177 1.1549019599857433 0.0010112976882537157
contribution 0.0008756567425569177 1.3979400086720377 0.001224115594283746
check 0.0008756567425569177 0.07058107428570728 6.180479359519026e-05
strive 0.0008756567425569177 0.07058107428570728 6.180479359519026e-05
accuracy 0.0008756567425569177 0.07058107428570728 6.180479359519026e-05
fairness 0.0008756567425569177 0.07058107428570728 6.180479359519026e-05
see 0.0017513134851138354 0.04575749056067514 8.013571026387941e-05
something 0.0008756567425569177 0.07058107428570728 6.180479359519026e-05
right 0.0008756567425569177 0.07058107428570728 6.180479359519026e-05
citation 0.0008756567425569177 0.07058107428570728 6.180479359519026e-05
information 0.0008756567425569177 0.07058107428570728 6.180479359519026e-05
article 0.0008756567425569177 0.07058107428570728 6.180479359519026e-05
title 0.0008756567425569177 0.07058107428570728 6.180479359519026e-05
author 0.0008756567425569177 0.06048074738138145 5.296037423938831e-05
com 0.0017513134851138354 0.06048074738138145 0.00010592074847877661
editor 0.0008756567425569177 0.1023729087095586 8.96435277666888e-05
website 0.0017513134851138354 0.0655015487564323 0.00011471374563298126
url 0.0008756567425569177 0.07058107428570728 6.180479359519026e-05
access 0.0008756567425569177 0.07058107428570728 6.180479359519026e-05
publisher 0.0008756567425569177 0.07058107428570728 6.180479359519026e-05
e 0.0017513134851138354 0.04575749056067514 8.013571026387941e-05
network 0.0017513134851138354 0.04575749056067514 8.013571026387941e-05
updated 0.0008756567425569177 0.07058107428570728 6.180479359519026e-05
original 0.0008756567425569177 0.0655015487564323 5.735687281649063e-05
published 0.0008756567425569177 0.07058107428570728 6.180479359519026e-05
april 0.0008756567425569177 0.1549019599857432 0.00013564094569679789
receive 0.0008756567425569177 0.05551732784983141 4.861412246044782e-05
story 0.002626970227670753 0.05551732784983141 0.00014584236738134348
shaped 0.0017513134851138354 0.05551732784983141 9.722824492089564e-05
sign 0.0008756567425569177 0.05551732784983141 4.861412246044782e-05
person 0.00788091068301226 0.05060999335508724 0.0003988528372992865
blackwell 0.0017513134851138354 2.0 0.0035026269702276708
graduate 0.0008756567425569177 1.045757490560675 0.0009157245976888573
medical 0.0008756567425569177 0.7447274948966939 0.0006521256522738125
school 0.0008756567425569177 0.14874165128092467 0.00013024662984319148
activist 0.0008756567425569177 0.494850021680094 0.00043331875803861124
lifetime 0.0008756567425569177 0.7958800173440752 0.000696917703453656
queen 0.0043782837127845885 0.9208187539523752 0.004031605752856284
consort 0.0008756567425569177 1.6989700043360187 0.0014877145396987904
king 0.0008756567425569177 0.4685210829577449 0.00041026364532201833
george 0.0008756567425569177 0.4685210829577449 0.00041026364532201833
vi 0.0008756567425569177 1.6989700043360187 0.0014877145396987904
known 0.002626970227670753 0.06048074738138145 0.00015888112271816493
moral 0.0008756567425569177 1.3979400086720377 0.001224115594283746
wwii 0.0008756567425569177 1.6989700043360187 0.0014877145396987904
longevity 0.0008756567425569177 2.0 0.0017513134851138354
lautner 0.0017513134851138354 1.6989700043360187 0.002975429079397581
portraying 0.0008756567425569177 1.3010299956639813 0.0011392556879719626
jacob 0.0008756567425569177 1.3979400086720377 0.001224115594283746
black 0.0008756567425569177 0.3872161432802645 0.0003390684266902491
twilight 0.0008756567425569177 1.6989700043360187 0.0014877145396987904
series 0.0008756567425569177 0.37675070960209955 0.00032990429912618173
based 0.0008756567425569177 0.619788758288394 0.0005427222051562119
book 0.0008756567425569177 0.721246399047171 0.0006315642723705526
stephenie 0.0008756567425569177 1.6989700043360187 0.0014877145396987904
meyer 0.0008756567425569177 1.6989700043360187 0.0014877145396987904
montgomery 0.0017513134851138354 1.045757490560675 0.0018314491953777146
magic 0.0008756567425569177 1.6989700043360187 0.0014877145396987904
tv 0.0008756567425569177 0.5228787452803376 0.00045786229884442876
top 0.0017513134851138354 0.48148606012211254 0.0008432330299861866
rated 0.0008756567425569177 1.6989700043360187 0.0014877145396987904
sitcom 0.0008756567425569177 1.3979400086720377 0.001224115594283746
bewitched 0.0008756567425569177 2.0 0.0017513134851138354
arden 0.0017513134851138354 2.0 0.0035026269702276708
pioneer 0.0008756567425569177 0.958607314841775 0.0008394109587055823
opened 0.0008756567425569177 1.0969100130080565 0.000960516648868701
door 0.0008756567425569177 0.9208187539523752 0.0008063211505712568
salon 0.0008756567425569177 2.0 0.0017513134851138354
company 0.0008756567425569177 0.494850021680094 0.00043331875803861124
expanded 0.0008756567425569177 0.9208187539523752 0.0008063211505712568
internationally 0.0008756567425569177 1.5228787452803376 0.0013335190414013464
changed 0.0008756567425569177 0.6989700043360189 0.000612057797141873
face 0.0008756567425569177 0.7958800173440752 0.000696917703453656
cosmetic 0.0008756567425569177 1.6989700043360187 0.0014877145396987904
swift 0.0017513134851138354 1.3979400086720377 0.002448231188567492
grammy 0.0008756567425569177 0.6575773191777938 0.0005758120132905375
winning 0.0008756567425569177 0.4202164033831899 0.0003679653269555078
singer 0.0008756567425569177 0.4202164033831899 0.0003679653269555078
songwriter 0.0008756567425569177 0.8860566476931633 0.0007758814778398978
splash 0.0008756567425569177 1.5228787452803376 0.0013335190414013464
country 0.0008756567425569177 0.27572413039921095 0.00024143969386971188
music 0.0017513134851138354 0.4559319556497244 0.0007984797822236854
gone 0.0008756567425569177 1.0969100130080565 0.000960516648868701
become 0.0008756567425569177 0.3372421683184259 0.0002953083785625446
popular 0.0008756567425569177 0.4685210829577449 0.00041026364532201833
olsen 0.002626970227670753 2.0 0.005253940455341506
younger 0.0008756567425569177 0.585026652029182 0.0005122825324248529
sister 0.0008756567425569177 0.721246399047171 0.0006315642723705526
mary 0.0008756567425569177 1.0 0.0008756567425569177
kate 0.0008756567425569177 1.2218487496163564 0.0010699200959863016
ashley 0.0008756567425569177 1.2218487496163564 0.0010699200959863016
critically 0.0008756567425569177 1.6989700043360187 0.0014877145396987904
acclaimed 0.0008756567425569177 0.7958800173440752 0.000696917703453656
martha 0.0008756567425569177 1.3010299956639813 0.0011392556879719626
marcy 0.0008756567425569177 2.0 0.0017513134851138354
may 0.0008756567425569177 0.3098039199714864 0.00027128189139359577
marlene 0.0008756567425569177 2.0 0.0017513134851138354
playing 0.0008756567425569177 0.8860566476931633 0.0007758814778398978
scarlet 0.0008756567425569177 2.0 0.0017513134851138354
witch 0.0008756567425569177 1.3979400086720377 0.001224115594283746
avenger 0.0008756567425569177 2.0 0.0017513134851138354
franchise 0.0008756567425569177 1.3979400086720377 0.001224115594283746
recy 0.0017513134851138354 1.6989700043360187 0.002975429079397581
african 0.0008756567425569177 0.28399665636520083 0.0002486835870098081
gang 0.0008756567425569177 1.3979400086720377 0.001224115594283746
raped 0.0008756567425569177 1.5228787452803376 0.0013335190414013464
group 0.0008756567425569177 0.37675070960209955 0.00032990429912618173
alabama 0.0008756567425569177 0.7447274948966939 0.0006521256522738125
despite 0.0008756567425569177 0.4202164033831899 0.0003679653269555078
hearing 0.0008756567425569177 1.0969100130080565 0.000960516648868701
confession 0.0008756567425569177 1.3010299956639813 0.0011392556879719626
jury 0.0008756567425569177 1.6989700043360187 0.0014877145396987904
refused 0.0008756567425569177 0.7447274948966939 0.0006521256522738125
indict 0.0008756567425569177 1.6989700043360187 0.0014877145396987904
britain 0.0008756567425569177 1.3010299956639813 0.0011392556879719626
longest 0.0008756567425569177 0.958607314841775 0.0008394109587055823
reigning 0.0008756567425569177 1.5228787452803376 0.0013335190414013464
monarch 0.0008756567425569177 2.0 0.0017513134851138354
throne 0.0008756567425569177 1.3979400086720377 0.001224115594283746
sapphire 0.0008756567425569177 2.0 0.0017513134851138354
jubilee 0.0008756567425569177 2.0 0.0017513134851138354
loading 0.0008756567425569177 0.04575749056067514 4.0067855131939706e-05
logo 0.0008756567425569177 0.04575749056067514 4.0067855131939706e-05
registered 0.0008756567425569177 0.04575749056067514 4.0067855131939706e-05
trademark 0.0008756567425569177 0.04575749056067514 4.0067855131939706e-05
llc 0.0008756567425569177 0.04575749056067514 4.0067855131939706e-05
