rebbie 0.033950617283950615 1.3979400086720377 0.047460926220346956
jackson 0.09876543209876543 1.4814860601221125 0.14631961087625803
biography 0.016975308641975308 0.04575749056067514 0.0007767475249497323
skip 0.0015432098765432098 0.04575749056067514 7.061341135906657e-05
main 0.0015432098765432098 0.04575749056067514 7.061341135906657e-05
content 0.0015432098765432098 0.04575749056067514 7.061341135906657e-05
people 0.006172839506172839 0.04575749056067514 0.0002824536454362663
nostalgia 0.004629629629629629 0.04575749056067514 0.0002118402340771997
celebrity 0.004629629629629629 0.04575749056067514 0.0002118402340771997
history 0.009259259259259259 0.04575749056067514 0.0004236804681543994
culture 0.004629629629629629 0.04575749056067514 0.0002118402340771997
crime 0.004629629629629629 0.04575749056067514 0.0002118402340771997
scandal 0.004629629629629629 0.04575749056067514 0.0002118402340771997
video 0.004629629629629629 0.04575749056067514 0.0002118402340771997
contact 0.004629629629629629 0.04575749056067514 0.0002118402340771997
u 0.006172839506172839 0.20065945054641832 0.001238638583619866
advertise 0.0030864197530864196 0.04575749056067514 0.00014122682271813314
privacy 0.004629629629629629 0.04575749056067514 0.0002118402340771997
notice 0.0030864197530864196 0.04575749056067514 0.00014122682271813314
term 0.0030864197530864196 0.04575749056067514 0.00014122682271813314
use 0.0030864197530864196 0.04575749056067514 0.00014122682271813314
copyright 0.0030864197530864196 0.04575749056067514 0.00014122682271813314
policy 0.0030864197530864196 0.04575749056067514 0.00014122682271813314
ad 0.0030864197530864196 0.04575749056067514 0.00014122682271813314
choice 0.0030864197530864196 0.04575749056067514 0.00014122682271813314
accessibility 0.0030864197530864196 0.04575749056067514 0.00014122682271813314
support 0.0030864197530864196 0.04575749056067514 0.00014122682271813314
setting 0.0015432098765432098 0.04575749056067514 7.061341135906657e-05
february 0.0015432098765432098 0.04575749056067514 7.061341135906657e-05
subscribe 0.0030864197530864196 0.04575749056067514 0.00014122682271813314
newsletter 0.004629629629629629 0.04575749056067514 0.0002118402340771997
quick 0.0015432098765432098 0.07058107428570728 0.00010892141093473346
fact 0.0030864197530864196 0.14116214857141457 0.00043568564373893385
name 0.0030864197530864196 0.05551732784983141 0.00017134977731429448
occupation 0.0015432098765432098 1.3979400086720377 0.002157314828197589
singer 0.010802469135802469 1.8181564120552276 0.01964057852528795
birth 0.004629629629629629 0.07058107428570728 0.0003267642328042004
date 0.006172839506172839 0.07058107428570728 0.00043568564373893385
may 0.0030864197530864196 0.3098039199714864 0.0009561849381835998
age 0.0015432098765432098 0.11350927482751813 0.00017516863399308352
place 0.0015432098765432098 0.07572071393811834 0.00011685295360820732
gary 0.0030864197530864196 1.2218487496163564 0.0037711381160998652
indiana 0.0030864197530864196 0.7958800173440752 0.002456419806617516
originally 0.0030864197530864196 0.8860566476931633 0.0027347427397937138
maureen 0.0030864197530864196 1.5228787452803376 0.004700243040988696
reillette 0.0030864197530864196 2.0 0.006172839506172839
zodiac 0.0015432098765432098 0.3010299956639812 0.0004645524624444154
sign 0.0030864197530864196 0.05551732784983141 0.00017134977731429448
gemini 0.0015432098765432098 1.3010299956639813 0.0020077623389876255
song 0.006172839506172839 1.337242168318426 0.00825458128591621
cite 0.0015432098765432098 0.07058107428570728 0.00010892141093473346
page 0.0015432098765432098 0.07058107428570728 0.00010892141093473346
publish 0.0015432098765432098 0.07058107428570728 0.00010892141093473346
apr 0.0015432098765432098 0.5528419686577808 0.000853151186200279
comment 0.0030864197530864196 0.07058107428570728 0.00021784282186946692
eldest 0.004629629629629629 1.0969100130080565 0.005078287097259521
child 0.012345679012345678 0.5000381344038097 0.006173310301281602
famous 0.007716049382716049 0.494850021680094 0.003818287204321713
musical 0.009259259259259259 0.48148606012211254 0.0044582042603899304
family 0.012345679012345678 0.11918640771920867 0.0014714371323359095
long 0.0015432098765432098 0.4559319556497244 0.0007035986969903153
career 0.004629629629629629 0.17392519729917358 0.0008052092467554332
r 0.009259259259259259 0.5086383061657272 0.004709613945978955
b 0.009259259259259259 0.37675070960209955 0.0034884324963157364
solo 0.007716049382716049 0.6575773191777938 0.00507389906772989
artist 0.007716049382716049 1.341035157335565 0.010347493497959605
collaborated 0.0030864197530864196 1.6989700043360187 0.005243734581284008
michael 0.016975308641975308 0.494850021680094 0.008400231849507769
produce 0.0030864197530864196 1.6989700043360187 0.005243734581284008
number 0.004629629629629629 0.4685210829577449 0.0021690790877673376
one 0.007716049382716049 0.08092190762392613 0.0006243974353698004
hit 0.006172839506172839 0.8751698505861407 0.00540228302830951
centipede 0.007716049382716049 2.0 0.015432098765432098
went 0.0030864197530864196 0.32790214206428253 0.001012043648346551
release 0.0015432098765432098 0.5686362358410126 0.0008775250553102046
successful 0.0015432098765432098 0.4559319556497244 0.0007035986969903153
album 0.016975308641975308 1.1214782044987934 0.019037438656615318
including 0.0030864197530864196 0.2365720064370627 0.0007301605136946379
reaction 0.007716049382716049 1.3979400086720377 0.010786574140987945
ru 0.0030864197530864196 2.0 0.006172839506172839
tuff 0.0030864197530864196 2.0 0.006172839506172839
enuff 0.0030864197530864196 2.0 0.006172839506172839
faithfully 0.0030864197530864196 2.0 0.006172839506172839
featured 0.0015432098765432098 0.7695510786217261 0.001187578825033528
contribution 0.0015432098765432098 1.0969100130080565 0.0016927623657531734
married 0.0030864197530864196 0.24412514432750856 0.0007534726676774956
childhood 0.0030864197530864196 0.6020599913279624 0.0018582098497776616
sweetheart 0.0030864197530864196 1.6989700043360187 0.005243734581284008
nathaniel 0.006172839506172839 2.0 0.012345679012345678
brown 0.006172839506172839 0.8239087409443188 0.005085856425582214
husband 0.0015432098765432098 0.7447274948966939 0.001149270825457861
kid 0.0015432098765432098 0.9208187539523752 0.0014210165956055172
couple 0.0015432098765432098 0.40893539297350084 0.0006310731373047852
three 0.0030864197530864196 0.2076083105017461 0.000640766390437488
two 0.0030864197530864196 0.11918640771920867 0.0003678592830839774
daughter 0.006172839506172839 1.1426675035687315 0.007053503108448959
stacee 0.0030864197530864196 2.0 0.006172839506172839
yashi 0.0015432098765432098 2.0 0.0030864197530864196
son 0.0030864197530864196 0.28399665636520083 0.0008765328900160519
austin 0.0015432098765432098 1.3010299956639813 0.0020077623389876255
performer 0.0015432098765432098 1.1549019599857433 0.00178225611108911
formed 0.0015432098765432098 0.721246399047171 0.0011130345664308195
group 0.007716049382716049 0.37675070960209955 0.002907027080263114
called 0.0015432098765432098 0.3010299956639812 0.0004645524624444154
x 0.0015432098765432098 0.4559319556497244 0.0007035986969903153
girl 0.0015432098765432098 0.7958800173440752 0.001228209903308758
known 0.007716049382716049 0.06048074738138145 0.00046667243349831364
geneva 0.0015432098765432098 1.6989700043360187 0.002621867290642004
also 0.0030864197530864196 0.0861861476162833 0.00026600662844531884
auggie 0.0015432098765432098 2.0 0.0030864197530864196
gave 0.0015432098765432098 0.6020599913279624 0.0009291049248888308
first 0.0015432098765432098 0.0655015487564323 0.00010108263696980292
grandchild 0.0015432098765432098 1.6989700043360187 0.002621867290642004
london 0.0015432098765432098 1.0 0.0015432098765432098
blue 0.0015432098765432098 0.8239087409443188 0.0012714641063955535
died 0.0015432098765432098 0.31875876262441283 0.0004919116707166864
january 0.0015432098765432098 0.2676062401770315 0.00041297259286578934
battle 0.0015432098765432098 0.721246399047171 0.0011130345664308195
cancer 0.0015432098765432098 0.8239087409443188 0.0012714641063955535
collaboration 0.0015432098765432098 1.3010299956639813 0.0020077623389876255
brother 0.006172839506172839 0.494850021680094 0.0030546297634573704
co 0.0015432098765432098 0.4202164033831899 0.0006484821039864042
write 0.0015432098765432098 1.045757490560675 0.0016138232879022761
debut 0.0015432098765432098 0.8239087409443188 0.0012714641063955535
columbia 0.0015432098765432098 0.8239087409443188 0.0012714641063955535
label 0.0030864197530864196 0.958607314841775 0.0029586645519807868
reached 0.004629629629629629 0.721246399047171 0.003339103699292458
billboard 0.006172839506172839 1.0 0.006172839506172839
hot 0.006172839506172839 0.958607314841775 0.0059173291039615735
hip 0.004629629629629629 1.1549019599857433 0.0053467683332673295
hop 0.004629629629629629 1.3010299956639813 0.006023287016962876
single 0.009259259259259259 1.585026652029182 0.014676172703973906
track 0.004629629629629629 1.2218487496163564 0.005656707174149797
gold 0.0015432098765432098 0.853871964321762 0.0013177036486446945
based 0.0015432098765432098 0.619788758288394 0.0009564641331611018
mostly 0.0015432098765432098 0.8239087409443188 0.0012714641063955535
success 0.0015432098765432098 0.431798275933005 0.0006663553640941435
released 0.009259259259259259 0.3010299956639812 0.0027873147746664923
second 0.0030864197530864196 0.19382002601611284 0.0005982099568398544
read 0.0015432098765432098 0.0655015487564323 0.00010108263696980292
next 0.0015432098765432098 0.07058107428570728 0.00010892141093473346
bella 0.0015432098765432098 0.0655015487564323 0.00010108263696980292
hadid 0.0015432098765432098 0.0655015487564323 0.00010108263696980292
sadie 0.0015432098765432098 0.06048074738138145 9.333448669966272e-05
alexander 0.0015432098765432098 0.05551732784983141 8.567488865714724e-05
adrienne 0.0015432098765432098 0.0655015487564323 0.00010108263696980292
kennedy 0.0015432098765432098 0.06048074738138145 9.333448669966272e-05
produced 0.0015432098765432098 0.7958800173440752 0.001228209903308758
member 0.006172839506172839 0.8386319977650252 0.005176740726944599
surface 0.0015432098765432098 2.0 0.0030864197530864196
tito 0.0015432098765432098 1.2218487496163564 0.0018855690580499326
popular 0.0030864197530864196 0.4685210829577449 0.001446052725178225
duet 0.0015432098765432098 1.6989700043360187 0.002621867290642004
cheap 0.0015432098765432098 1.6989700043360187 0.002621867290642004
trick 0.0015432098765432098 1.5228787452803376 0.002350121520494348
lead 0.0015432098765432098 0.5228787452803376 0.0008069116439511383
robin 0.0015432098765432098 2.0 0.0030864197530864196
zander 0.0015432098765432098 2.0 0.0030864197530864196
star 0.0015432098765432098 0.32790214206428253 0.0005060218241732755
isaac 0.0015432098765432098 2.0 0.0030864197530864196
hayes 0.0015432098765432098 1.6989700043360187 0.002621867290642004
plaything 0.0030864197530864196 2.0 0.006172839506172839
third 0.0015432098765432098 0.4202164033831899 0.0006484821039864042
top 0.0015432098765432098 0.48148606012211254 0.0007430340433983218
due 0.0015432098765432098 0.6777807052660807 0.001045957878497038
popularity 0.0015432098765432098 1.3010299956639813 0.0020077623389876255
england 0.0015432098765432098 0.8860566476931633 0.0013673713698968569
compilation 0.0015432098765432098 1.6989700043360187 0.002621867290642004
entitled 0.0015432098765432098 1.045757490560675 0.0016138232879022761
collection 0.0015432098765432098 0.853871964321762 0.0013177036486446945
expansion 0.0015432098765432098 1.3010299956639813 0.0020077623389876255
last 0.0030864197530864196 0.0655015487564323 0.00020216527393960584
mjj 0.0015432098765432098 2.0 0.0030864197530864196
early 0.0015432098765432098 0.07572071393811834 0.00011685295360820732
life 0.0030864197530864196 0.13679614097137055 0.00042221031164003253
born 0.0015432098765432098 0.09151498112135023 0.00014122682271813306
joseph 0.004629629629629629 0.585026652029182 0.002708456722357324
katherine 0.006172839506172839 0.9208187539523752 0.005684066382422069
mother 0.0030864197530864196 0.21467016498923297 0.0006625622376210894
became 0.0015432098765432098 0.07572071393811834 0.00011685295360820732
jehovah 0.0015432098765432098 1.5228787452803376 0.002350121520494348
witness 0.0015432098765432098 1.3979400086720377 0.002157314828197589
followed 0.0015432098765432098 0.5528419686577808 0.000853151186200279
suit 0.0015432098765432098 1.0969100130080565 0.0016927623657531734
become 0.0015432098765432098 0.3372421683184259 0.0005204354449358424
devoted 0.0015432098765432098 1.0 0.0015432098765432098
religion 0.0015432098765432098 1.045757490560675 0.0016138232879022761
began 0.0030864197530864196 0.20065945054641826 0.0006193192918099329
performing 0.0030864197530864196 0.8239087409443188 0.002542928212791107
la 0.0015432098765432098 1.3010299956639813 0.0020077623389876255
vega 0.0015432098765432098 1.3010299956639813 0.0020077623389876255
show 0.0030864197530864196 1.1726307269461747 0.003619230638722761
television 0.004629629629629629 0.04575749056067514 0.0002118402340771997
variety 0.0015432098765432098 1.045757490560675 0.0016138232879022761
started 0.0015432098765432098 0.6020599913279624 0.0009291049248888308
outside 0.0015432098765432098 0.6989700043360189 0.0010786574140987945
background 0.0015432098765432098 0.7958800173440752 0.001228209903308758
act 0.0015432098765432098 0.853871964321762 0.0013177036486446945
like 0.0015432098765432098 0.2365720064370627 0.00036508025684731896
lou 0.0015432098765432098 2.0 0.0030864197530864196
rawls 0.0015432098765432098 2.0 0.0030864197530864196
chaka 0.0015432098765432098 2.0 0.0030864197530864196
khan 0.0015432098765432098 2.0 0.0030864197530864196
check 0.0015432098765432098 0.07058107428570728 0.00010892141093473346
strive 0.0015432098765432098 0.07058107428570728 0.00010892141093473346
accuracy 0.0015432098765432098 0.07058107428570728 0.00010892141093473346
fairness 0.0015432098765432098 0.07058107428570728 0.00010892141093473346
see 0.0030864197530864196 0.04575749056067514 0.00014122682271813314
something 0.0015432098765432098 0.07058107428570728 0.00010892141093473346
look 0.0015432098765432098 0.07058107428570728 0.00010892141093473346
right 0.0015432098765432098 0.07058107428570728 0.00010892141093473346
citation 0.0015432098765432098 0.07058107428570728 0.00010892141093473346
information 0.0015432098765432098 0.07058107428570728 0.00010892141093473346
article 0.0015432098765432098 0.07058107428570728 0.00010892141093473346
title 0.0015432098765432098 0.07058107428570728 0.00010892141093473346
author 0.0015432098765432098 0.06048074738138145 9.333448669966272e-05
com 0.0030864197530864196 0.06048074738138145 0.00018666897339932544
editor 0.0015432098765432098 0.1023729087095586 0.00015798288381104722
website 0.0030864197530864196 0.0655015487564323 0.00020216527393960584
url 0.0015432098765432098 0.07058107428570728 0.00010892141093473346
access 0.0015432098765432098 0.07058107428570728 0.00010892141093473346
publisher 0.0015432098765432098 0.07058107428570728 0.00010892141093473346
e 0.0030864197530864196 0.04575749056067514 0.00014122682271813314
network 0.0030864197530864196 0.04575749056067514 0.00014122682271813314
updated 0.0015432098765432098 0.07058107428570728 0.00010892141093473346
august 0.0015432098765432098 0.494850021680094 0.0007636574408643426
original 0.0015432098765432098 0.0655015487564323 0.00010108263696980292
published 0.0015432098765432098 0.07058107428570728 0.00010892141093473346
april 0.0015432098765432098 0.1549019599857432 0.00023904623454589996
receive 0.0015432098765432098 0.05551732784983141 8.567488865714724e-05
story 0.004629629629629629 0.05551732784983141 0.0002570246659714417
shaped 0.0030864197530864196 0.05551732784983141 0.00017134977731429448
world 0.0015432098765432098 0.04575749056067514 7.061341135906657e-05
person 0.013888888888888888 0.05060999335508724 0.0007029165743762117
janet 0.0030864197530864196 0.8860566476931633 0.0027347427397937138
youngest 0.0015432098765432098 0.5228787452803376 0.0008069116439511383
sibling 0.0015432098765432098 0.9208187539523752 0.0014210165956055172
best 0.006172839506172839 0.13667713987954408 0.0008436860486391609
selling 0.0030864197530864196 0.6575773191777938 0.0020295596270919563
contemporary 0.0015432098765432098 0.7958800173440752 0.001228209903308758
roster 0.0015432098765432098 0.958607314841775 0.0014793322759903934
includes 0.0015432098765432098 0.8860566476931633 0.0013673713698968569
control 0.0015432098765432098 0.5528419686577808 0.000853151186200279
rhythm 0.0015432098765432098 1.0 0.0015432098765432098
nation 0.0015432098765432098 0.35654732351381263 0.0005502273511015627
velvet 0.0015432098765432098 0.9208187539523752 0.0014210165956055172
rope 0.0015432098765432098 0.958607314841775 0.0014793322759903934
unbreakable 0.0015432098765432098 0.8860566476931633 0.0013673713698968569
randy 0.0030864197530864196 0.9208187539523752 0.0028420331912110343
musician 0.0015432098765432098 0.6575773191777938 0.0010147798135459781
came 0.0015432098765432098 0.3010299956639812 0.0004645524624444154
fame 0.0015432098765432098 0.48148606012211254 0.0007430340433983218
pop 0.006172839506172839 0.5686362358410126 0.0035101002212408186
multi 0.0015432098765432098 0.6020599913279624 0.0009291049248888308
talented 0.0015432098765432098 0.7447274948966939 0.001149270825457861
entertainer 0.0015432098765432098 0.8239087409443188 0.0012714641063955535
enjoyed 0.0015432098765432098 0.6575773191777938 0.0010147798135459781
chart 0.0015432098765432098 0.6777807052660807 0.001045957878497038
topping 0.0015432098765432098 0.7958800173440752 0.001228209903308758
thriller 0.0015432098765432098 0.7958800173440752 0.001228209903308758
bad 0.0015432098765432098 0.6020599913279624 0.0009291049248888308
wall 0.0015432098765432098 0.5528419686577808 0.000853151186200279
jermaine 0.0030864197530864196 0.958607314841775 0.0029586645519807868
music 0.0015432098765432098 0.4559319556497244 0.0007035986969903153
international 0.0030864197530864196 0.40893539297350084 0.0012621462746095703
superstar 0.0030864197530864196 0.853871964321762 0.002635407297289389
rest 0.0030864197530864196 0.6020599913279624 0.0018582098497776616
paris 0.004629629629629629 0.6020599913279624 0.0027873147746664923
legend 0.0015432098765432098 0.5686362358410126 0.0008775250553102046
father 0.0015432098765432098 0.14874165128092467 0.00022953958531006893
tj 0.0030864197530864196 1.045757490560675 0.0032276465758045523
temporary 0.0015432098765432098 0.853871964321762 0.0013177036486446945
guardianship 0.0015432098765432098 1.0 0.0015432098765432098
cousin 0.0015432098765432098 1.0969100130080565 0.0016927623657531734
prince 0.0015432098765432098 0.6989700043360189 0.0010786574140987945
blanket 0.0015432098765432098 0.9208187539523752 0.0014210165956055172
late 0.0015432098765432098 0.3665315444204135 0.0005656350994142184
mahalia 0.0030864197530864196 1.5228787452803376 0.004700243040988696
th 0.0015432098765432098 0.2076083105017461 0.000320383195218744
century 0.0015432098765432098 0.494850021680094 0.0007636574408643426
recording 0.0015432098765432098 0.8239087409443188 0.0012714641063955535
queen 0.0015432098765432098 0.9208187539523752 0.0014210165956055172
gospel 0.0015432098765432098 0.958607314841775 0.0014793322759903934
revered 0.0015432098765432098 1.3010299956639813 0.0020077623389876255
greatest 0.0015432098765432098 0.6777807052660807 0.001045957878497038
figure 0.0015432098765432098 0.8239087409443188 0.0012714641063955535
loading 0.0015432098765432098 0.04575749056067514 7.061341135906657e-05
logo 0.0015432098765432098 0.04575749056067514 7.061341135906657e-05
registered 0.0015432098765432098 0.04575749056067514 7.061341135906657e-05
trademark 0.0015432098765432098 0.04575749056067514 7.061341135906657e-05
llc 0.0015432098765432098 0.04575749056067514 7.061341135906657e-05
close 0.006172839506172839 0.04575749056067514 0.0002824536454362663
