oprah 0.015349887133182845 1.1549019599857433 0.01772761473567281
winfrey 0.04604966139954853 1.1549019599857433 0.05318284420701842
quote 0.0009029345372460496 0.3872161432802645 0.0003496308291469657
fact 0.0018058690744920992 0.14116214857141457 0.0002549203585939766
network 0.006320541760722348 1.2676062401770316 0.008011958177191171
biography 0.004966139954853273 0.04575749056067514 0.00022723810210719035
skip 0.0004514672686230248 0.04575749056067514 2.0658009282471846e-05
main 0.0004514672686230248 0.04575749056067514 2.0658009282471846e-05
content 0.0009029345372460496 0.04575749056067514 4.131601856494369e-05
people 0.006320541760722348 0.04575749056067514 0.0002892121299546059
nostalgia 0.0013544018058690745 0.04575749056067514 6.197402784741555e-05
celebrity 0.0018058690744920992 0.04575749056067514 8.263203712988739e-05
history 0.002708803611738149 0.04575749056067514 0.0001239480556948311
culture 0.0018058690744920992 0.04575749056067514 8.263203712988739e-05
crime 0.0013544018058690745 0.04575749056067514 6.197402784741555e-05
scandal 0.0013544018058690745 0.04575749056067514 6.197402784741555e-05
video 0.0013544018058690745 0.04575749056067514 6.197402784741555e-05
contact 0.0013544018058690745 0.04575749056067514 6.197402784741555e-05
u 0.0036117381489841984 0.20065945054641832 0.0007247293924927072
advertise 0.0009029345372460496 0.04575749056067514 4.131601856494369e-05
privacy 0.0013544018058690745 0.04575749056067514 6.197402784741555e-05
notice 0.0013544018058690745 0.04575749056067514 6.197402784741555e-05
term 0.0013544018058690745 0.04575749056067514 6.197402784741555e-05
use 0.0009029345372460496 0.04575749056067514 4.131601856494369e-05
copyright 0.0009029345372460496 0.04575749056067514 4.131601856494369e-05
policy 0.0009029345372460496 0.04575749056067514 4.131601856494369e-05
ad 0.0013544018058690745 2.0457574905606752 0.0027707776395855645
choice 0.0009029345372460496 0.04575749056067514 4.131601856494369e-05
accessibility 0.0009029345372460496 0.04575749056067514 4.131601856494369e-05
support 0.0013544018058690745 0.04575749056067514 6.197402784741555e-05
setting 0.0004514672686230248 0.04575749056067514 2.0658009282471846e-05
february 0.0013544018058690745 0.04575749056067514 6.197402784741555e-05
subscribe 0.0009029345372460496 0.04575749056067514 4.131601856494369e-05
newsletter 0.0013544018058690745 0.04575749056067514 6.197402784741555e-05
photo 0.0009029345372460496 0.12493873660829993 0.00011281150032352138
vera 0.0004514672686230248 2.0 0.0009029345372460496
anderson 0.0004514672686230248 1.5228787452803376 0.0006875299075757732
wireimage 0.0004514672686230248 1.2218487496163564 0.0005516247176597546
quick 0.0004514672686230248 0.07058107428570728 3.186504482424708e-05
name 0.0013544018058690745 0.05551732784983141 7.519276909683713e-05
birth 0.0018058690744920992 0.07058107428570728 0.0001274601792969883
date 0.0018058690744920992 0.07058107428570728 0.0001274601792969883
january 0.002257336343115124 0.2676062401770315 0.0006040772915960078
age 0.0009029345372460496 0.11350927482751813 0.00010249144453951976
know 0.003611738148984199 1.853871964321762 0.006695700096873182
became 0.004063205417607223 0.07572071393811834 0.0003076688150984492
first 0.006772009029345372 0.0655015487564323 0.0004435770796146657
black 0.002708803611738149 0.3872161432802645 0.001048892487440897
female 0.002257336343115124 0.6020599913279624 0.001359051899160186
host 0.003160270880361174 0.853871964321762 0.00269846670440286
nationally 0.0009029345372460496 1.3979400086720377 0.0012622483148280249
syndicated 0.002708803611738149 1.6989700043360187 0.004602176083980186
daily 0.0009029345372460496 1.0969100130080565 0.0009904379349959878
talk 0.008577878103837472 0.6989700043360189 0.005995679495433119
show 0.016252821670428894 1.1726307269461747 0.019058558090321573
premiere 0.0009029345372460496 1.5228787452803376 0.0013750598151515464
named 0.0018058690744920992 0.494850021680094 0.0008936343506638266
recipient 0.0009029345372460496 2.0 0.0018058690744920992
academy 0.0013544018058690745 0.6020599913279624 0.0008154311394961116
television 0.005417607223476298 0.04575749056067514 0.0002478961113896622
art 0.0009029345372460496 1.045757490560675 0.0009442505558109931
science 0.0009029345372460496 1.3010299956639813 0.0011747449170780868
bob 0.0013544018058690745 1.045757490560675 0.0014163758337164898
hope 0.0009029345372460496 0.9208187539523752 0.0008314390554874719
humanitarian 0.0009029345372460496 1.3979400086720377 0.0012622483148280249
award 0.004514672686230248 1.216096420727265 0.005490277294479751
billionaire 0.002708803611738149 1.3979400086720377 0.003786744944484075
united 0.0004514672686230248 0.18708664335714445 8.446349587229998e-05
state 0.002708803611738149 0.4930892744484819 0.001335682007535391
education 0.0018058690744920992 0.19382002601611284 0.00035001359099975227
tennessee 0.0013544018058690745 1.0 0.0013544018058690745
university 0.0018058690744920992 0.2596373105057561 0.0004688709896266476
place 0.0018058690744920992 0.07572071393811834 0.00013674169559931077
kosciusko 0.0013544018058690745 2.0 0.002708803611738149
mississippi 0.0013544018058690745 1.1549019599857433 0.0015642013002064243
zodiac 0.0004514672686230248 0.3010299956639812 0.0001359051899160186
sign 0.0009029345372460496 0.05551732784983141 5.0128512731224745e-05
aquarius 0.0004514672686230248 1.5228787452803376 0.0006875299075757732
early 0.002708803611738149 0.07572071393811834 0.00020511254339896615
life 0.007674943566591421 0.13679614097137055 0.0010499026620827535
cite 0.0004514672686230248 0.07058107428570728 3.186504482424708e-05
page 0.0004514672686230248 0.07058107428570728 3.186504482424708e-05
whole 0.0004514672686230248 0.958607314841775 0.00043277982611366814
point 0.0009029345372460496 0.7447274948966939 0.0006724401759789561
alive 0.0009029345372460496 1.0 0.0009029345372460496
evolve 0.0004514672686230248 2.0 0.0009029345372460496
complete 0.0004514672686230248 0.9208187539523752 0.00041571952774373597
person 0.004514672686230248 0.05060999335508724 0.0002284875546505067
intended 0.0004514672686230248 1.0 0.0004514672686230248
excellence 0.0004514672686230248 1.6989700043360187 0.000767029347330031
best 0.006772009029345372 0.13667713987954408 0.000925578825369373
deterrent 0.0004514672686230248 2.0 0.0009029345372460496
racism 0.0004514672686230248 0.853871964321762 0.0003854952434861228
sexism 0.0004514672686230248 1.6989700043360187 0.000767029347330031
cheer 0.0004514672686230248 2.0 0.0009029345372460496
new 0.004063205417607223 0.14266750356873154 0.0005796873734169679
year 0.006320541760722347 0.24995468798823245 0.0015798490437179476
another 0.0009029345372460496 0.40893539297350084 0.00036924188981805943
chance 0.0004514672686230248 0.853871964321762 0.0003854952434861228
get 0.0018058690744920992 1.5406075122407692 0.002782135462285813
right 0.004063205417607223 0.39848321634998984 0.00161911916349883
learned 0.0018058690744920992 0.6989700043360189 0.0012622483148280249
responsible 0.0009029345372460496 0.7695510786217261 0.0006948542470625066
spiritually 0.0004514672686230248 2.0 0.0009029345372460496
conscious 0.0004514672686230248 1.3979400086720377 0.0006311241574140124
create 0.0009029345372460496 0.8239087409443188 0.0007439356577375339
reality 0.0009029345372460496 1.0 0.0009029345372460496
way 0.0018058690744920992 1.3526170298853804 0.0024426492639013637
think 0.0009029345372460496 0.585026652029182 0.0005282407693265751
therefore 0.0004514672686230248 1.045757490560675 0.00047212527790549657
act 0.0004514672686230248 0.4685210829577449 0.0002115219336152347
cannot 0.0004514672686230248 1.045757490560675 0.00047212527790549657
blame 0.0004514672686230248 1.3010299956639813 0.0005873724585390434
apartheid 0.0004514672686230248 1.3010299956639813 0.0005873724585390434
parent 0.0004514672686230248 0.4559319556497244 0.00020583835469513515
circumstance 0.0009029345372460496 1.3010299956639813 0.0011747449170780868
possibility 0.0004514672686230248 1.6989700043360187 0.000767029347330031
anything 0.0004514672686230248 0.9208187539523752 0.00041571952774373597
label 0.0004514672686230248 0.958607314841775 0.00043277982611366814
might 0.0009029345372460496 0.853871964321762 0.0007709904869722456
try 0.0009029345372460496 1.0 0.0009029345372460496
call 0.0009029345372460496 1.9208187539523753 0.0017343735927335215
failure 0.0013544018058690745 0.9208187539523752 0.0012471585832312079
god 0.0004514672686230248 0.9208187539523752 0.00041571952774373597
pointing 0.0004514672686230248 1.1549019599857433 0.0005214004334021414
direction 0.0004514672686230248 1.1549019599857433 0.0005214004334021414
sure 0.0009029345372460496 0.8860566476931633 0.0008000511491586124
order 0.0009029345372460496 0.494850021680094 0.0004468171753319133
truly 0.0009029345372460496 0.958607314841775 0.0008655596522273363
happy 0.0004514672686230248 1.045757490560675 0.00047212527790549657
must 0.0004514672686230248 0.8239087409443188 0.00037196782886876693
live 0.0018058690744920992 0.431798275933005 0.0007797711529264199
along 0.0004514672686230248 0.4202164033831899 0.00018971395186599994
stand 0.0004514672686230248 0.9208187539523752 0.00041571952774373597
something 0.0013544018058690745 0.07058107428570728 9.559513447274125e-05
larger 0.0004514672686230248 1.3010299956639813 0.0005873724585390434
reciprocal 0.0004514672686230248 2.0 0.0009029345372460496
exchange 0.0004514672686230248 1.045757490560675 0.00047212527790549657
move 0.0009029345372460496 0.721246399047171 0.000651238283564037
forward 0.0009029345372460496 0.7695510786217261 0.0006948542470625066
give 0.002257336343115124 0.721246399047171 0.0016280957089100925
back 0.0018058690744920992 0.4202164033831899 0.0007588558074639998
learn 0.0004514672686230248 1.0 0.0004514672686230248
every 0.003160270880361174 0.6575773191777938 0.0020781224533835472
mistake 0.0009029345372460496 3.221848749616356 0.002909118509811608
experience 0.0004514672686230248 0.619788758288394 0.0002798143378277173
encounter 0.0004514672686230248 1.5228787452803376 0.0006875299075757732
particularly 0.0004514672686230248 1.0 0.0004514672686230248
teach 0.0004514672686230248 1.1549019599857433 0.0005214004334021414
force 0.0004514672686230248 0.6575773191777938 0.00029687463619764955
work 0.0004514672686230248 0.2218487496163564 0.00010015744903672974
meant 0.0009029345372460496 0.853871964321762 0.0007709904869722456
feel 0.0004514672686230248 1.5228787452803376 0.0006875299075757732
day 0.0013544018058690745 0.2924298239020636 0.0003960674815829304
bonus 0.0004514672686230248 1.6989700043360187 0.000767029347330031
regardless 0.0004514672686230248 1.2218487496163564 0.0005516247176597546
getting 0.0004514672686230248 0.7695510786217261 0.0003474271235312533
paid 0.0009029345372460496 1.0 0.0009029345372460496
decision 0.002257336343115124 0.585026652029182 0.0013206019233164379
made 0.003160270880361174 0.1804560644581313 0.0005702900456916114
ever 0.002708803611738149 0.6989700043360189 0.0018933724722420375
come 0.002708803611738149 0.5528419686577808 0.001497540321420625
gut 0.0004514672686230248 2.0 0.0009029345372460496
wrong 0.0004514672686230248 1.045757490560675 0.00047212527790549657
result 0.0004514672686230248 0.7695510786217261 0.0003474271235312533
listening 0.0004514672686230248 1.1549019599857433 0.0005214004334021414
greater 0.0009029345372460496 1.0969100130080565 0.0009904379349959878
voice 0.0013544018058690745 0.7447274948966939 0.0010086602639684341
f 0.0004514672686230248 0.721246399047171 0.0003256191417820185
ame 0.0004514672686230248 2.0 0.0009029345372460496
trip 0.0004514672686230248 0.8860566476931633 0.0004000255745793062
follow 0.0009029345372460496 0.7958800173440752 0.0007186275551639505
bathroom 0.0004514672686230248 1.3979400086720377 0.0006311241574140124
listen 0.0004514672686230248 1.0969100130080565 0.0004952189674979939
pee 0.0009029345372460496 2.0 0.0018058690744920992
quietly 0.0004514672686230248 1.3979400086720377 0.0006311241574140124
matter 0.0013544018058690745 0.853871964321762 0.0011564857304583683
say 0.002257336343115124 0.721246399047171 0.0016280957089100925
ohmigod 0.0004514672686230248 2.0 0.0009029345372460496
peed 0.0004514672686230248 2.0 0.0009029345372460496
triumph 0.0004514672686230248 2.0 0.0009029345372460496
defeat 0.0004514672686230248 2.0 0.0009029345372460496
sad 0.0009029345372460496 1.3979400086720377 0.0012622483148280249
time 0.006320541760722347 0.4791236183116582 0.0030283208380872295
painful 0.0004514672686230248 1.6989700043360187 0.000767029347330031
whatever 0.0004514672686230248 1.0969100130080565 0.0004952189674979939
go 0.0004514672686230248 0.494850021680094 0.00022340858766595664
thing 0.0018058690744920992 1.4436974992327127 0.002607128666785937
never 0.0009029345372460496 0.431798275933005 0.00038988557646320993
going 0.0004514672686230248 0.6020599913279624 0.0002718103798320372
run 0.002257336343115124 0.4559319556497244 0.0010291917734756757
looking 0.0004514672686230248 0.853871964321762 0.0003854952434861228
joyful 0.0004514672686230248 2.0 0.0009029345372460496
always 0.0004514672686230248 0.638272163982407 0.0002881589905112447
known 0.004966139954853273 0.06048074738138145 0.0003003558560700659
better 0.0009029345372460496 0.638272163982407 0.0005763179810224894
share 0.0004514672686230248 0.958607314841775 0.00043277982611366814
realize 0.0004514672686230248 1.3979400086720377 0.0006311241574140124
even 0.0018058690744920992 0.3665315444204135 0.000661907980894652
sweeter 0.0004514672686230248 2.0 0.0009029345372460496
expand 0.0004514672686230248 1.3010299956639813 0.0005873724585390434
circle 0.0004514672686230248 1.3979400086720377 0.0006311241574140124
gift 0.0009029345372460496 2.552841968657781 0.0023050491816323077
receive 0.0009029345372460496 0.05551732784983141 5.0128512731224745e-05
honor 0.0009029345372460496 0.7695510786217261 0.0006948542470625066
calling 0.0004514672686230248 0.7958800173440752 0.00035931377758197526
born 0.0013544018058690745 0.09151498112135023 0.00012394805569483102
become 0.0013544018058690745 0.3372421683184259 0.00045676140178567843
well 0.0018058690744920992 0.20065945054641826 0.0003623646962463535
nothing 0.0009029345372460496 0.958607314841775 0.0008655596522273363
lucky 0.0004514672686230248 1.3979400086720377 0.0006311241574140124
lot 0.0018058690744920992 1.0969100130080565 0.0019808758699919756
grace 0.0004514672686230248 1.3010299956639813 0.0005873724585390434
blessing 0.0004514672686230248 2.0 0.0009029345372460496
divine 0.0004514672686230248 1.3979400086720377 0.0006311241574140124
believe 0.0013544018058690745 0.853871964321762 0.0011564857304583683
luck 0.0013544018058690745 1.6989700043360187 0.002301088041990093
moment 0.004514672686230248 2.0 0.009029345372460496
preparation 0.0004514672686230248 1.5228787452803376 0.0006875299075757732
meeting 0.0009029345372460496 0.8860566476931633 0.0008000511491586124
opportunity 0.0009029345372460496 0.8239087409443188 0.0007439356577375339
without 0.0009029345372460496 0.7695510786217261 0.0006948542470625066
prepared 0.0013544018058690745 1.045757490560675 0.0014163758337164898
handle 0.0004514672686230248 1.6989700043360187 0.000767029347330031
single 0.0004514672686230248 0.585026652029182 0.00026412038466328756
happened 0.0004514672686230248 1.3010299956639813 0.0005873724585390434
preparing 0.0004514672686230248 1.6989700043360187 0.000767029347330031
everything 0.0004514672686230248 0.853871964321762 0.0003854952434861228
pass 0.0004514672686230248 2.0 0.0009029345372460496
much 0.0013544018058690745 0.37675070960209955 0.0005102718414475389
money 0.0009029345372460496 0.6575773191777938 0.0005937492723952991
power 0.0009029345372460496 0.5376020021010439 0.0004854194149896559
high 0.0009029345372460496 0.27572413039921095 0.00024896084008958096
sit 0.0004514672686230248 0.958607314841775 0.00043277982611366814
forbes 0.0009029345372460496 1.5228787452803376 0.0013750598151515464
list 0.002708803611738149 2.4814860601221125 0.006721858402136648
many 0.0018058690744920992 0.28399665636520083 0.000512860778989076
make 0.0009029345372460496 0.3872161432802645 0.0003496308291469657
influential 0.0009029345372460496 0.6777807052660807 0.0006119916074637297
change 0.0004514672686230248 0.8860566476931633 0.0004000255745793062
real 0.0009029345372460496 0.6989700043360189 0.0006311241574140124
lasting 0.0004514672686230248 1.2218487496163564 0.0005516247176597546
bring 0.0004514672686230248 0.7447274948966939 0.00033622008798947804
find 0.0004514672686230248 0.7958800173440752 0.00035931377758197526
true 0.0004514672686230248 0.8239087409443188 0.00037196782886876693
success 0.002257336343115124 0.431798275933005 0.0009747139411580248
happiness 0.0004514672686230248 1.3010299956639813 0.0005873724585390434
one 0.002708803611738149 0.08092190762392613 0.00021920155564043197
goal 0.0004514672686230248 0.9208187539523752 0.00041571952774373597
really 0.0009029345372460496 0.721246399047171 0.000651238283564037
fulfill 0.0004514672686230248 1.0969100130080565 0.0004952189674979939
highest 0.0009029345372460496 1.0 0.0009029345372460496
truthful 0.0004514672686230248 1.6989700043360187 0.000767029347330031
expression 0.0004514672686230248 1.5228787452803376 0.0006875299075757732
human 0.0009029345372460496 0.8860566476931633 0.0008000511491586124
coming 0.0004514672686230248 0.8239087409443188 0.00037196782886876693
undone 0.0004514672686230248 2.0 0.0009029345372460496
step 0.0004514672686230248 0.7958800173440752 0.00035931377758197526
center 0.0004514672686230248 0.585026652029182 0.00026412038466328756
connection 0.0004514672686230248 1.5228787452803376 0.0006875299075757732
lose 0.0004514672686230248 1.3979400086720377 0.0006311241574140124
enjoyed 0.0004514672686230248 0.6575773191777938 0.00029687463619764955
process 0.0004514672686230248 0.7958800173440752 0.00035931377758197526
road 0.0004514672686230248 0.853871964321762 0.0003854952434861228
would 0.004063205417607223 0.2291479883578558 0.0009310753477294367
job 0.0004514672686230248 0.5686362358410126 0.00025672064823522016
put 0.0009029345372460496 2.376750709602099 0.0021460503021237913
next 0.0013544018058690745 0.07058107428570728 9.559513447274125e-05
publish 0.0004514672686230248 0.07058107428570728 3.186504482424708e-05
mar 0.0004514672686230248 0.958607314841775 0.00043277982611366814
comment 0.0009029345372460496 0.07058107428570728 6.373008964849416e-05
medium 0.002257336343115124 0.5086383061657272 0.0011481677340084136
executive 0.002257336343115124 0.5528419686577808 0.001247950267850521
philanthropist 0.0013544018058690745 0.958607314841775 0.0012983394783410045
hosting 0.0009029345372460496 1.1549019599857433 0.0010428008668042828
internationally 0.0004514672686230248 1.5228787452803376 0.0006875299075757732
popular 0.0013544018058690745 0.4685210829577449 0.0006345658008457041
launched 0.002257336343115124 0.6777807052660807 0.0015299790186593242
actress 0.0018058690744920992 0.6020599913279624 0.0010872415193281487
wildly 0.0004514672686230248 1.6989700043360187 0.000767029347330031
program 0.003160270880361174 1.5114492834995557 0.004776589157786406
aired 0.0009029345372460496 1.2218487496163564 0.0011032494353195091
season 0.002257336343115124 2.744727494896694 0.0061957731261776386
tv 0.004063205417607223 0.5228787452803376 0.002124563750574735
rural 0.0009029345372460496 1.045757490560675 0.0009442505558109931
town 0.0013544018058690745 0.9208187539523752 0.0012471585832312079
moved 0.0018058690744920992 0.3872161432802645 0.0006992616582939314
baltimore 0.0009029345372460496 1.6989700043360187 0.001534058694660062
hosted 0.0009029345372460496 1.2218487496163564 0.0011032494353195091
talking 0.0009029345372460496 1.0969100130080565 0.0009904379349959878
afterward 0.0004514672686230248 0.853871964321762 0.0003854952434861228
recruited 0.0009029345372460496 1.5228787452803376 0.0013750598151515464
chicago 0.002257336343115124 0.638272163982407 0.0014407949525562234
station 0.0013544018058690745 3.0 0.004063205417607223
morning 0.0013544018058690745 0.958607314841775 0.0012983394783410045
xa 0.002708803611738149 0.17392519729917358 0.00047112920261627156
troubled 0.0004514672686230248 1.1549019599857433 0.0005214004334021414
adolescence 0.0004514672686230248 1.3979400086720377 0.0006311241574140124
small 0.0004514672686230248 0.721246399047171 0.0003256191417820185
farming 0.0004514672686230248 1.5228787452803376 0.0006875299075757732
community 0.0004514672686230248 0.48148606012211254 0.00021737519644339165
sexually 0.0004514672686230248 1.5228787452803376 0.0006875299075757732
abused 0.0004514672686230248 2.0 0.0009029345372460496
number 0.0004514672686230248 0.4685210829577449 0.0002115219336152347
male 0.0004514672686230248 1.2218487496163564 0.0005516247176597546
relative 0.0004514672686230248 1.3010299956639813 0.0005873724585390434
friend 0.0009029345372460496 0.5686362358410126 0.0005134412964704403
mother 0.0013544018058690745 0.21467016498923297 0.0002907496591276293
vernita 0.0009029345372460496 2.0 0.0018058690744920992
nashville 0.0009029345372460496 1.2218487496163564 0.0011032494353195091
father 0.0009029345372460496 0.14874165128092467 0.00013430397406855501
vernon 0.0004514672686230248 1.6989700043360187 0.000767029347330031
barber 0.0004514672686230248 2.0 0.0009029345372460496
businessman 0.0004514672686230248 0.958607314841775 0.00043277982611366814
entered 0.0004514672686230248 0.721246399047171 0.0003256191417820185
began 0.0004514672686230248 0.20065945054641826 9.059117406158837e-05
working 0.0004514672686230248 0.35654732351381263 0.00016096944628163096
radio 0.0009029345372460496 0.8860566476931633 0.0008000511491586124
broadcasting 0.0009029345372460496 1.6989700043360187 0.001534058694660062
career 0.0009029345372460496 0.17392519729917358 0.00015704306753875716
maryland 0.0004514672686230248 1.045757490560675 0.00047212527790549657
chat 0.0004514672686230248 2.0 0.0009029345372460496
hit 0.0004514672686230248 0.3665315444204135 0.000165476995223663
stayed 0.0004514672686230248 0.8239087409443188 0.00037196782886876693
eight 0.0004514672686230248 0.6989700043360189 0.0003155620787070062
major 0.0009029345372460496 0.4202164033831899 0.0003794279037319999
competitor 0.0004514672686230248 2.0 0.0009029345372460496
slot 0.0004514672686230248 2.0 0.0009029345372460496
phil 0.0004514672686230248 2.0 0.0009029345372460496
donahue 0.0009029345372460496 2.0 0.0018058690744920992
within 0.0004514672686230248 0.8239087409443188 0.00037196782886876693
several 0.0009029345372460496 0.32790214206428253 0.00029607416890680137
month 0.0018058690744920992 1.016824927962187 0.0018362526915795701
open 0.0004514672686230248 0.7447274948966939 0.00033622008798947804
warm 0.0004514672686230248 1.5228787452803376 0.0006875299075757732
hearted 0.0004514672686230248 1.5228787452803376 0.0006875299075757732
personal 0.0013544018058690745 0.3372421683184259 0.00045676140178567843
style 0.0004514672686230248 0.8239087409443188 0.00037196782886876693
viewer 0.0009029345372460496 1.3010299956639813 0.0011747449170780868
taken 0.0004514672686230248 0.6989700043360189 0.0003155620787070062
last 0.0009029345372460496 0.0655015487564323 5.914361061528875e-05
rating 0.0013544018058690745 1.2218487496163564 0.0016548741529792638
ran 0.0013544018058690745 0.48148606012211254 0.000652125589330175
placement 0.0004514672686230248 1.6989700043360187 0.000767029347330031
channel 0.0009029345372460496 3.0969100130080562 0.0027963070094880866
audience 0.0004514672686230248 1.2218487496163564 0.0005516247176597546
million 0.002708803611738149 1.4814860601221125 0.004013054790398499
grossed 0.0004514672686230248 1.6989700043360187 0.000767029347330031
end 0.0018058690744920992 0.44369749923271273 0.0008012595922938378
received 0.0009029345372460496 0.28399665636520083 0.000256430389494538
soon 0.0013544018058690745 0.40893539297350084 0.0005538628347270891
gained 0.0009029345372460496 0.853871964321762 0.0007709904869722456
ownership 0.0004514672686230248 1.045757490560675 0.00047212527790549657
abc 0.0009029345372460496 1.6989700043360187 0.001534058694660062
drawing 0.0004514672686230248 1.0969100130080565 0.0004952189674979939
control 0.0013544018058690745 0.5528419686577808 0.0007487701607103125
production 0.0013544018058690745 2.221848749616356 0.003009275958848338
company 0.0036117381489841984 0.494850021680094 0.0017872687013276531
harpo 0.0013544018058690745 2.0 0.002708803611738149
spelled 0.0004514672686230248 1.5228787452803376 0.0006875299075757732
backwards 0.0004514672686230248 1.5228787452803376 0.0006875299075757732
making 0.0004514672686230248 0.3979400086720376 0.00017965688879098763
syndication 0.0004514672686230248 2.0 0.0009029345372460496
becoming 0.0013544018058690745 0.3372421683184259 0.00045676140178567843
increasingly 0.0004514672686230248 1.2218487496163564 0.0005516247176597546
trashy 0.0004514672686230248 2.0 0.0009029345372460496
exploitative 0.0004514672686230248 2.0 0.0009029345372460496
pledged 0.0004514672686230248 1.1549019599857433 0.0005214004334021414
keep 0.0004514672686230248 0.6575773191777938 0.00029687463619764955
free 0.0009029345372460496 0.6989700043360189 0.0006311241574140124
tabloid 0.0004514672686230248 1.6989700043360187 0.000767029347330031
topic 0.0004514672686230248 1.0969100130080565 0.0004952189674979939
although 0.0004514672686230248 0.431798275933005 0.00019494278823160496
initially 0.0004514672686230248 0.7695510786217261 0.0003474271235312533
fell 0.0004514672686230248 0.8860566476931633 0.0004000255745793062
earned 0.0004514672686230248 0.40893539297350084 0.00018462094490902971
respect 0.0004514672686230248 1.5228787452803376 0.0006875299075757732
rewarded 0.0004514672686230248 1.6989700043360187 0.000767029347330031
upsurge 0.0004514672686230248 2.0 0.0009029345372460496
popularity 0.0004514672686230248 1.3010299956639813 0.0005873724585390434
project 0.0018058690744920992 2.09151498112135 0.0037770022232439726
included 0.0004514672686230248 0.48148606012211254 0.00021737519644339165
highly 0.0013544018058690745 0.9208187539523752 0.0012471585832312079
rated 0.0004514672686230248 1.6989700043360187 0.000767029347330031
miniseries 0.0004514672686230248 1.6989700043360187 0.000767029347330031
woman 0.002708803611738149 0.7958800173440752 0.0021558826654918513
brewster 0.0004514672686230248 2.0 0.0009029345372460496
also 0.0036117381489841984 0.0861861476162833 0.000311281797259714
starred 0.0004514672686230248 0.7695510786217261 0.0003474271235312533
signed 0.0018058690744920992 0.494850021680094 0.0008936343506638266
contract 0.0013544018058690745 0.9208187539523752 0.0012471585832312079
continue 0.0004514672686230248 0.6777807052660807 0.00030599580373186485
seen 0.0004514672686230248 0.619788758288394 0.0002798143378277173
nearly 0.0009029345372460496 0.721246399047171 0.000651238283564037
country 0.0013544018058690745 1.321481620959886 0.0017898170938508615
worldwide 0.0004514672686230248 1.045757490560675 0.00047212527790549657
announced 0.002708803611738149 0.40893539297350084 0.0011077256694541782
ending 0.0004514672686230248 1.2218487496163564 0.0005516247176597546
ended 0.0009029345372460496 0.5686362358410126 0.0005134412964704403
read 0.0018058690744920992 0.0655015487564323 0.0001182872212305775
car 0.0004514672686230248 0.8860566476931633 0.0004000255745793062
giveaway 0.0004514672686230248 2.0 0.0009029345372460496
epic 0.0004514672686230248 1.6989700043360187 0.000767029347330031
book 0.002257336343115124 1.306273051076353 0.00294869763222653
club 0.0018058690744920992 0.8239087409443188 0.0014878713154750677
contributed 0.0004514672686230248 1.3010299956639813 0.0005873724585390434
immensely 0.0004514672686230248 1.6989700043360187 0.000767029347330031
publishing 0.0004514672686230248 1.3979400086720377 0.0006311241574140124
world 0.0013544018058690745 0.04575749056067514 6.197402784741555e-05
launching 0.0009029345372460496 1.1549019599857433 0.0010428008668042828
part 0.0018058690744920992 0.3372421683184259 0.0006090152023809045
propelled 0.0004514672686230248 1.6989700043360187 0.000767029347330031
unknown 0.0004514672686230248 1.0 0.0004514672686230248
author 0.0013544018058690745 1.5833594926617192 0.002144504956200974
top 0.0013544018058690745 0.48148606012211254 0.000652125589330175
bestseller 0.0004514672686230248 1.5228787452803376 0.0006875299075757732
gave 0.0013544018058690745 0.6020599913279624 0.0008154311394961116
pleasure 0.0004514672686230248 2.0 0.0009029345372460496
reading 0.0004514672686230248 1.3010299956639813 0.0005873724585390434
kind 0.0004514672686230248 0.7958800173440752 0.00035931377758197526
prominence 0.0004514672686230248 1.3010299956639813 0.0005873724585390434
continued 0.0013544018058690745 0.3372421683184259 0.00045676140178567843
famously 0.0004514672686230248 1.3010299956639813 0.0005873724585390434
interviewed 0.0004514672686230248 1.3979400086720377 0.0006311241574140124
former 0.0009029345372460496 0.27572413039921095 0.00024896084008958096
lady 0.0004514672686230248 0.6575773191777938 0.00029687463619764955
michelle 0.0009029345372460496 1.0 0.0009029345372460496
obama 0.003160270880361174 0.37675070960209955 0.0011906342967109242
release 0.0004514672686230248 0.5686362358410126 0.00025672064823522016
memoir 0.0004514672686230248 1.045757490560675 0.00047212527790549657
favorite 0.0009029345372460496 0.8239087409443188 0.0007439356577375339
introduced 0.0004514672686230248 0.9208187539523752 0.00041571952774373597
annual 0.0009029345372460496 0.958607314841775 0.0008655596522273363
holiday 0.0004514672686230248 1.045757490560675 0.00047212527790549657
curated 0.0004514672686230248 2.0 0.0009029345372460496
mogul 0.0004514672686230248 1.3979400086720377 0.0006311241574140124
moving 0.0004514672686230248 0.8860566476931633 0.0004000255745793062
onto 0.0004514672686230248 1.1549019599857433 0.0005214004334021414
tradition 0.0004514672686230248 1.5228787452803376 0.0006875299075757732
th 0.0009029345372460496 0.2076083105017461 0.0001874567137713283
edition 0.0004514672686230248 2.0 0.0009029345372460496
featured 0.0009029345372460496 0.7695510786217261 0.0006948542470625066
amazon 0.0004514672686230248 1.3010299956639813 0.0005873724585390434
behind 0.0004514672686230248 0.6777807052660807 0.00030599580373186485
alexa 0.0004514672686230248 2.0 0.0009029345372460496
system 0.0004514672686230248 0.7958800173440752 0.00035931377758197526
allowing 0.0004514672686230248 1.1549019599857433 0.0005214004334021414
shopper 0.0004514672686230248 2.0 0.0009029345372460496
hear 0.0004514672686230248 1.5228787452803376 0.0006875299075757732
explain 0.0004514672686230248 2.0 0.0009029345372460496
pick 0.0004514672686230248 2.0 0.0009029345372460496
half 0.0009029345372460496 0.853871964321762 0.0007709904869722456
sister 0.0013544018058690745 0.721246399047171 0.0009768574253460555
final 0.0004514672686230248 0.6989700043360189 0.0003155620787070062
soar 0.0004514672686230248 2.0 0.0009029345372460496
revealed 0.0018058690744920992 0.5086383061657272 0.0009185341872067308
family 0.0013544018058690745 0.11918640771920867 0.00016142628584994403
secret 0.0004514672686230248 0.8860566476931633 0.0004000255745793062
patricia 0.0013544018058690745 1.6989700043360187 0.002301088041990093
lee 0.0013544018058690745 0.7695510786217261 0.00104228137059376
baby 0.0004514672686230248 0.8860566476931633 0.0004000255745793062
girl 0.0013544018058690745 1.4948500216800942 0.0020246275688669446
old 0.0009029345372460496 0.28399665636520083 0.000256430389494538
living 0.0004514672686230248 0.619788758288394 0.0002798143378277173
child 0.0018058690744920992 0.5000381344038097 0.0009030034029865638
adoption 0.0009029345372460496 2.0 0.0018058690744920992
believed 0.0004514672686230248 0.6020599913279624 0.0002718103798320372
able 0.0004514672686230248 0.7447274948966939 0.00033622008798947804
public 0.0013544018058690745 0.2596373105057561 0.0003516532422199857
assistance 0.0004514672686230248 1.3010299956639813 0.0005873724585390434
care 0.0004514672686230248 0.5376020021010439 0.00024270970749482794
lived 0.0004514672686230248 0.6020599913279624 0.0002718103798320372
series 0.0018058690744920992 0.37675070960209955 0.0006803624552633852
foster 0.0004514672686230248 1.3010299956639813 0.0005873724585390434
home 0.0013544018058690745 1.5406075122407692 0.00208660159671436
seven 0.0009029345372460496 0.619788758288394 0.0005596286756554347
tried 0.0004514672686230248 0.8239087409443188 0.00037196782886876693
connect 0.0004514672686230248 1.3979400086720377 0.0006311241574140124
agency 0.0004514672686230248 1.0 0.0004514672686230248
adult 0.0004514672686230248 0.8860566476931633 0.0004000255745793062
want 0.0018058690744920992 0.585026652029182 0.0010564815386531503
meet 0.0004514672686230248 0.9208187539523752 0.00041571952774373597
research 0.0004514672686230248 1.0 0.0004514672686230248
approached 0.0004514672686230248 1.5228787452803376 0.0006875299075757732
niece 0.0004514672686230248 1.6989700043360187 0.000767029347330031
two 0.0018058690744920992 0.11918640771920867 0.00021523504779992535
dna 0.0004514672686230248 2.0 0.0009029345372460496
test 0.0004514672686230248 1.3979400086720377 0.0006311241574140124
done 0.0004514672686230248 0.958607314841775 0.00043277982611366814
proved 0.0004514672686230248 0.8860566476931633 0.0004000255745793062
related 0.0004514672686230248 0.7695510786217261 0.0003474271235312533
existence 0.0004514672686230248 1.3979400086720377 0.0006311241574140124
publicize 0.0004514672686230248 2.0 0.0009029345372460496
knowledge 0.0004514672686230248 1.5228787452803376 0.0006875299075757732
greatest 0.0009029345372460496 0.6777807052660807 0.0006119916074637297
surprise 0.0004514672686230248 2.0 0.0009029345372460496
said 0.0036117381489841984 0.2518119729937996 0.0009094789092326847
download 0.0004514672686230248 1.1549019599857433 0.0005214004334021414
card 0.0004514672686230248 1.0969100130080565 0.0004952189674979939
weight 0.004063205417607223 1.5228787452803376 0.006187769168181959
loss 0.0013544018058690745 0.7447274948966939 0.0010086602639684341
publicly 0.0004514672686230248 0.619788758288394 0.0002798143378277173
struggled 0.0004514672686230248 0.853871964321762 0.0003854952434861228
numerous 0.0004514672686230248 0.721246399047171 0.0003256191417820185
effort 0.0004514672686230248 0.5376020021010439 0.00024270970749482794
documented 0.0004514672686230248 1.6989700043360187 0.000767029347330031
lost 0.0018058690744920992 0.6989700043360189 0.0012622483148280249
pound 0.0018058690744920992 2.0 0.0036117381489841984
liquid 0.0004514672686230248 1.6989700043360187 0.000767029347330031
diet 0.0004514672686230248 1.6989700043360187 0.000767029347330031
exercise 0.0004514672686230248 1.6989700043360187 0.000767029347330031
literally 0.0004514672686230248 1.3010299956639813 0.0005873724585390434
starved 0.0004514672686230248 2.0 0.0009029345372460496
four 0.0004514672686230248 0.28399665636520083 0.000128215194747269
morsel 0.0004514672686230248 2.0 0.0009029345372460496
food 0.0013544018058690745 2.920818753952375 0.003955962194969356
later 0.0009029345372460496 0.09151498112135023 8.263203712988733e-05
estimated 0.0004514672686230248 1.045757490560675 0.00047212527790549657
dropping 0.0004514672686230248 1.5228787452803376 0.0006875299075757732
ideal 0.0004514672686230248 1.6989700043360187 0.000767029347330031
around 0.0009029345372460496 0.4559319556497244 0.0004116767093902703
competed 0.0004514672686230248 1.6989700043360187 0.000767029347330031
marine 0.0004514672686230248 1.3010299956639813 0.0005873724585390434
corp 0.0004514672686230248 1.0969100130080565 0.0004952189674979939
marathon 0.0004514672686230248 1.3979400086720377 0.0006311241574140124
washington 0.0004514672686230248 0.3979400086720376 0.00017965688879098763
c 0.0036117381489841984 0.35654732351381263 0.0012877555702530477
wake 0.0004514672686230248 1.3010299956639813 0.0005873724585390434
publicized 0.0004514672686230248 1.3010299956639813 0.0005873724585390434
chef 0.0004514672686230248 1.3010299956639813 0.0005873724585390434
rosie 0.0004514672686230248 1.5228787452803376 0.0006875299075757732
daley 0.0004514672686230248 2.0 0.0009029345372460496
trainer 0.0004514672686230248 1.6989700043360187 0.000767029347330031
greene 0.0004514672686230248 2.0 0.0009029345372460496
published 0.0013544018058690745 0.07058107428570728 9.559513447274125e-05
selling 0.0004514672686230248 0.6575773191777938 0.00029687463619764955
however 0.0013544018058690745 0.32790214206428253 0.0004441112533602021
fluctuate 0.0004514672686230248 2.0 0.0009029345372460496
watcher 0.0009029345372460496 2.0 0.0018058690744920992
bought 0.0004514672686230248 1.1549019599857433 0.0005214004334021414
percent 0.0013544018058690745 0.8860566476931633 0.0012000767237379186
stake 0.0004514672686230248 1.3010299956639813 0.0005873724585390434
ww 0.0018058690744920992 2.0 0.0036117381489841984
advisor 0.0004514672686230248 1.1549019599857433 0.0005214004334021414
secured 0.0004514672686230248 1.3010299956639813 0.0005873724585390434
seat 0.0009029345372460496 0.619788758288394 0.0005596286756554347
board 0.0004514672686230248 0.8239087409443188 0.00037196782886876693
appeared 0.0004514672686230248 0.721246399047171 0.0003256191417820185
spokesperson 0.0004514672686230248 1.6989700043360187 0.000767029347330031
funk 0.0004514672686230248 1.6989700043360187 0.000767029347330031
involvement 0.0004514672686230248 0.958607314841775 0.00043277982611366814
revived 0.0004514672686230248 1.3979400086720377 0.0006311241574140124
seeing 0.0009029345372460496 1.3010299956639813 0.0011747449170780868
surge 0.0004514672686230248 1.3010299956639813 0.0005873724585390434
membership 0.0004514672686230248 1.5228787452803376 0.0006875299075757732
stock 0.0004514672686230248 1.0969100130080565 0.0004952189674979939
price 0.0009029345372460496 2.6989700043360187 0.0024369932319061116
credited 0.0004514672686230248 1.5228787452803376 0.0006875299075757732
wrote 0.0004514672686230248 0.5528419686577808 0.0002495900535701042
letter 0.0004514672686230248 1.0969100130080565 0.0004952189674979939
member 0.0004514672686230248 0.5376020021010439 0.00024270970749482794
saying 0.0009029345372460496 0.7958800173440752 0.0007186275551639505
diagnosed 0.0004514672686230248 1.0 0.0004514672686230248
pre 0.0004514672686230248 1.1549019599857433 0.0005214004334021414
diabetes 0.0004514672686230248 1.3979400086720377 0.0006311241574140124
recent 0.0004514672686230248 1.045757490560675 0.00047212527790549657
journey 0.0004514672686230248 1.045757490560675 0.00047212527790549657
blood 0.0004514672686230248 1.045757490560675 0.00047212527790549657
pressure 0.0004514672686230248 0.9208187539523752 0.00041571952774373597
sugar 0.0004514672686230248 1.6989700043360187 0.000767029347330031
oxygen 0.0009029345372460496 2.0 0.0018058690744920992
magazine 0.002257336343115124 0.8239087409443188 0.0018598391443438345
debuted 0.0009029345372460496 1.2218487496163564 0.0011032494353195091
co 0.0018058690744920992 0.4202164033831899 0.0007588558074639998
founded 0.0009029345372460496 0.619788758288394 0.0005596286756554347
dedicated 0.0009029345372460496 1.045757490560675 0.0009442505558109931
producing 0.0004514672686230248 1.0969100130080565 0.0004952189674979939
cable 0.0004514672686230248 1.6989700043360187 0.000767029347330031
internet 0.0004514672686230248 1.5228787452803376 0.0006875299075757732
programming 0.0004514672686230248 0.9208187539523752 0.00041571952774373597
ensured 0.0004514672686230248 2.0 0.0009029345372460496
spot 0.0004514672686230248 1.1549019599857433 0.0005214004334021414
forefront 0.0004514672686230248 1.0969100130080565 0.0004952189674979939
industry 0.0004514672686230248 0.7958800173440752 0.00035931377758197526
powerful 0.0013544018058690745 0.721246399047171 0.0009768574253460555
wealthy 0.0004514672686230248 0.958607314841775 0.00043277982611366814
business 0.0013544018058690745 0.6989700043360189 0.0009466862361210188
concluded 0.0004514672686230248 1.0969100130080565 0.0004952189674979939
deal 0.0009029345372460496 0.5528419686577808 0.0004991801071402084
air 0.0009029345372460496 0.8860566476931633 0.0008000511491586124
prime 0.0004514672686230248 0.7958800173440752 0.00035931377758197526
complement 0.0004514672686230248 2.0 0.0009029345372460496
successful 0.0009029345372460496 0.4559319556497244 0.0004116767093902703
monthly 0.0004514672686230248 2.0 0.0009029345372460496
hearst 0.0004514672686230248 1.6989700043360187 0.000767029347330031
joint 0.0004514672686230248 1.0969100130080565 0.0004952189674979939
venture 0.0004514672686230248 1.3979400086720377 0.0006311241574140124
discovery 0.0009029345372460496 1.5228787452803376 0.0013750598151515464
communication 0.0004514672686230248 1.5228787452803376 0.0006875299075757732
despite 0.0004514672686230248 0.4202164033831899 0.00018971395186599994
financially 0.0004514672686230248 1.5228787452803376 0.0006875299075757732
rocky 0.0004514672686230248 2.0 0.0009029345372460496
start 0.0004514672686230248 0.7695510786217261 0.0003474271235312533
headline 0.0004514672686230248 0.8239087409443188 0.00037196782886876693
interview 0.002257336343115124 0.585026652029182 0.0013206019233164379
lance 0.0009029345372460496 2.0 0.0018058690744920992
armstrong 0.0018058690744920992 1.3979400086720377 0.0025244966296560497
american 0.002708803611738149 0.1023729087095586 0.00027730810485659214
cyclist 0.0004514672686230248 1.6989700043360187 0.000767029347330031
tour 0.0009029345372460496 0.7447274948966939 0.0006724401759789561
de 0.0009029345372460496 2.958607314841775 0.0026714287267194355
france 0.0004514672686230248 1.2218487496163564 0.0005516247176597546
winner 0.0004514672686230248 0.853871964321762 0.0003854952434861228
stripped 0.0004514672686230248 1.3979400086720377 0.0006311241574140124
title 0.0009029345372460496 1.468521082957745 0.0013259784044765191
due 0.0004514672686230248 0.6777807052660807 0.00030599580373186485
doping 0.0004514672686230248 2.0 0.0009029345372460496
charge 0.0004514672686230248 0.9208187539523752 0.00041571952774373597
admitted 0.0004514672686230248 0.7958800173440752 0.00035931377758197526
using 0.0004514672686230248 0.7958800173440752 0.00035931377758197526
performance 0.0004514672686230248 0.8860566476931633 0.0004000255745793062
enhancing 0.0004514672686230248 2.0 0.0009029345372460496
substance 0.0004514672686230248 1.5228787452803376 0.0006875299075757732
throughout 0.0004514672686230248 0.6020599913279624 0.0002718103798320372
cycling 0.0004514672686230248 2.0 0.0009029345372460496
including 0.0009029345372460496 0.2365720064370627 0.00021360903515761867
hormone 0.0004514672686230248 2.0 0.0009029345372460496
cortisone 0.0004514672686230248 1.6989700043360187 0.000767029347330031
testosterone 0.0004514672686230248 2.0 0.0009029345372460496
erythropoietin 0.0004514672686230248 2.0 0.0009029345372460496
epo 0.0004514672686230248 2.0 0.0009029345372460496
deeply 0.0004514672686230248 1.0969100130080565 0.0004952189674979939
flawed 0.0004514672686230248 1.6989700043360187 0.000767029347330031
paying 0.0004514672686230248 1.1549019599857433 0.0005214004334021414
okay 0.0004514672686230248 1.3979400086720377 0.0006311241574140124
deserve 0.0004514672686230248 1.6989700043360187 0.000767029347330031
stated 0.0004514672686230248 0.7447274948966939 0.00033622008798947804
reportedly 0.0004514672686230248 0.721246399047171 0.0003256191417820185
brought 0.0004514672686230248 0.619788758288394 0.0002798143378277173
dollar 0.0004514672686230248 1.2218487496163564 0.0005516247176597546
revenue 0.0004514672686230248 1.2218487496163564 0.0005516247176597546
bella 0.0004514672686230248 0.0655015487564323 2.9571805307644376e-05
hadid 0.0004514672686230248 0.0655015487564323 2.9571805307644376e-05
sadie 0.0004514672686230248 0.06048074738138145 2.7305077824551444e-05
alexander 0.0004514672686230248 0.05551732784983141 2.5064256365612373e-05
adrienne 0.0004514672686230248 0.0655015487564323 2.9571805307644376e-05
kennedy 0.0004514672686230248 0.06048074738138145 2.7305077824551444e-05
statement 0.0004514672686230248 0.638272163982407 0.0002881589905112447
clean 0.0004514672686230248 1.1549019599857433 0.0005214004334021414
manner 0.0004514672686230248 1.5228787452803376 0.0006875299075757732
expected 0.0004514672686230248 0.8860566476931633 0.0004000255745793062
surprising 0.0004514672686230248 1.5228787452803376 0.0006875299075757732
team 0.0004514672686230248 0.619788758288394 0.0002798143378277173
room 0.0009029345372460496 0.8860566476931633 0.0008000511491586124
mesmerized 0.0004514672686230248 2.0 0.0009029345372460496
answer 0.0004514672686230248 1.6989700043360187 0.000767029347330031
felt 0.0004514672686230248 0.6020599913279624 0.0002718103798320372
thorough 0.0004514672686230248 1.3979400086720377 0.0006311241574140124
serious 0.0004514672686230248 0.958607314841775 0.00043277982611366814
certainly 0.0004514672686230248 1.6989700043360187 0.000767029347330031
met 0.0004514672686230248 0.44369749923271273 0.00020031489807345945
pretty 0.0009029345372460496 1.0969100130080565 0.0009904379349959878
exhausted 0.0004514672686230248 1.5228787452803376 0.0006875299075757732
march 0.0009029345372460496 0.27572413039921095 0.00024896084008958096
based 0.0013544018058690745 0.619788758288394 0.0008394430134831521
studio 0.0009029345372460496 2.5686362358410126 0.0023193103709625395
close 0.002257336343115124 0.04575749056067514 0.00010329004641235923
consolidate 0.0004514672686230248 1.5228787452803376 0.0006875299075757732
operation 0.0004514672686230248 1.3979400086720377 0.0006311241574140124
los 0.0004514672686230248 0.6020599913279624 0.0002718103798320372
angeles 0.0004514672686230248 0.6020599913279624 0.0002718103798320372
headquarters 0.0004514672686230248 1.2218487496163564 0.0005516247176597546
empire 0.0004514672686230248 1.045757490560675 0.00047212527790549657
finale 0.0004514672686230248 2.0 0.0009029345372460496
downsize 0.0004514672686230248 2.0 0.0009029345372460496
goodbye 0.0004514672686230248 1.5228787452803376 0.0006875299075757732
look 0.0009029345372460496 0.07058107428570728 6.373008964849416e-05
ahead 0.0004514672686230248 0.958607314841775 0.00043277982611366814
knowing 0.0004514672686230248 1.3010299956639813 0.0005873724585390434
future 0.0004514672686230248 0.721246399047171 0.0003256191417820185
hold 0.0004514672686230248 1.0 0.0004514672686230248
see 0.0013544018058690745 0.04575749056067514 6.197402784741555e-05
returned 0.0004514672686230248 0.5086383061657272 0.0002296335468016827
acting 0.0004514672686230248 0.6777807052660807 0.00030599580373186485
greenleaf 0.0004514672686230248 2.0 0.0009029345372460496
marked 0.0004514672686230248 0.8860566476931633 0.0004000255745793062
recurring 0.0004514672686230248 1.5228787452803376 0.0006875299075757732
scripted 0.0004514672686230248 2.0 0.0009029345372460496
role 0.0013544018058690745 0.3665315444204135 0.0004964309856709889
original 0.0013544018058690745 0.0655015487564323 8.871541592293313e-05
drama 0.0004514672686230248 1.0 0.0004514672686230248
revolves 0.0004514672686230248 2.0 0.0009029345372460496
memphis 0.0004514672686230248 1.3010299956639813 0.0005873724585390434
megachurch 0.0004514672686230248 2.0 0.0009029345372460496
premiered 0.0004514672686230248 1.6989700043360187 0.000767029347330031
june 0.0009029345372460496 0.28399665636520083 0.000256430389494538
december 0.0009029345372460496 0.40893539297350084 0.00036924188981805943
majority 0.0004514672686230248 0.7447274948966939 0.00033622008798947804
owner 0.0004514672686230248 1.3010299956639813 0.0005873724585390434
purchase 0.0004514672686230248 1.0 0.0004514672686230248
founder 0.0009029345372460496 0.7958800173440752 0.0007186275551639505
retained 0.0004514672686230248 1.6989700043360187 0.000767029347330031
remained 0.0004514672686230248 0.585026652029182 0.00026412038466328756
chief 0.0004514672686230248 0.5686362358410126 0.00025672064823522016
agreement 0.0004514672686230248 0.958607314841775 0.00043277982611366814
partnership 0.0009029345372460496 1.1549019599857433 0.0010428008668042828
apple 0.0018058690744920992 1.3010299956639813 0.0023494898341561736
agreed 0.0004514672686230248 0.9208187539523752 0.00041571952774373597
multi 0.0009029345372460496 0.6020599913279624 0.0005436207596640744
september 0.0009029345372460496 0.5086383061657272 0.0004592670936033654
bringing 0.0004514672686230248 1.045757490560675 0.00047212527790549657
streaming 0.0004514672686230248 1.5228787452803376 0.0006875299075757732
subscription 0.0004514672686230248 1.6989700043360187 0.000767029347330031
service 0.0004514672686230248 0.5086383061657272 0.0002296335468016827
ta 0.0004514672686230248 2.0 0.0009029345372460496
nehisi 0.0004514672686230248 2.0 0.0009029345372460496
coates 0.0004514672686230248 2.0 0.0009029345372460496
water 0.0004514672686230248 1.045757490560675 0.00047212527790549657
dancer 0.0004514672686230248 1.0969100130080565 0.0004952189674979939
inaugural 0.0004514672686230248 1.1549019599857433 0.0005214004334021414
november 0.0013544018058690745 0.24412514432750856 0.00033064353633522605
episode 0.0004514672686230248 1.3979400086720377 0.0006311241574140124
producer 0.0018058690744920992 2.8239087409443187 0.005099609464459266
record 0.0004514672686230248 0.494850021680094 0.00022340858766595664
documentary 0.0004514672686230248 0.8239087409443188 0.00037196782886876693
accused 0.0004514672686230248 0.8239087409443188 0.00037196782886876693
music 0.0004514672686230248 0.4559319556497244 0.00020583835469513515
russell 0.0004514672686230248 1.3979400086720377 0.0006311241574140124
simmons 0.0004514672686230248 1.6989700043360187 0.000767029347330031
sexual 0.0004514672686230248 0.7958800173440752 0.00035931377758197526
misconduct 0.0004514672686230248 1.5228787452803376 0.0006875299075757732
abruptly 0.0004514672686230248 1.5228787452803376 0.0006875299075757732
pulled 0.0004514672686230248 0.958607314841775 0.00043277982611366814
doc 0.0004514672686230248 2.0 0.0009029345372460496
shortly 0.0004514672686230248 0.585026652029182 0.00026412038466328756
scheduled 0.0009029345372460496 1.0969100130080565 0.0009904379349959878
sundance 0.0004514672686230248 1.3979400086720377 0.0006311241574140124
film 0.0009029345372460496 0.6020599913279624 0.0005436207596640744
festival 0.0004514672686230248 1.045757490560675 0.00047212527790549657
wealth 0.0004514672686230248 1.3010299956639813 0.0005873724585390434
charity 0.0004514672686230248 1.0 0.0004514672686230248
according 0.0004514672686230248 0.638272163982407 0.0002881589905112447
richest 0.0004514672686230248 1.5228787452803376 0.0006875299075757732
african 0.0013544018058690745 0.28399665636520083 0.000384645584241807
century 0.0004514672686230248 0.494850021680094 0.00022340858766595664
three 0.0004514672686230248 0.2076083105017461 9.372835688566415e-05
running 0.0013544018058690745 0.721246399047171 0.0009768574253460555
hailed 0.0004514672686230248 1.5228787452803376 0.0006875299075757732
generation 0.0004514672686230248 1.0 0.0004514672686230248
week 0.0004514672686230248 0.7958800173440752 0.00035931377758197526
angel 0.0004514672686230248 2.0 0.0009029345372460496
raised 0.0004514672686230248 0.585026652029182 0.00026412038466328756
charitable 0.0004514672686230248 1.6989700043360187 0.000767029347330031
south 0.0013544018058690745 0.40893539297350084 0.0005538628347270891
africa 0.0004514672686230248 0.7447274948966939 0.00033622008798947804
relief 0.0004514672686230248 1.045757490560675 0.00047212527790549657
victim 0.0004514672686230248 1.0969100130080565 0.0004952189674979939
hurricane 0.0004514672686230248 1.2218487496163564 0.0005516247176597546
katrina 0.0004514672686230248 1.2218487496163564 0.0005516247176597546
activist 0.0004514672686230248 0.494850021680094 0.00022340858766595664
president 0.0036117381489841984 0.16749108729376372 0.0006049339495937289
bill 0.0009029345372460496 0.4202164033831899 0.0003794279037319999
clinton 0.0004514672686230248 0.5228787452803376 0.00023606263895274834
law 0.0004514672686230248 0.3665315444204135 0.000165476995223663
proposed 0.0004514672686230248 1.0969100130080565 0.0004952189674979939
congress 0.0004514672686230248 0.4202164033831899 0.00018971395186599994
creating 0.0009029345372460496 1.0 0.0009029345372460496
nationwide 0.0009029345372460496 1.3010299956639813 0.0011747449170780868
database 0.0004514672686230248 2.0 0.0009029345372460496
convicted 0.0004514672686230248 1.3010299956639813 0.0005873724585390434
abuser 0.0004514672686230248 2.0 0.0009029345372460496
foundation 0.0004514672686230248 0.7695510786217261 0.0003474271235312533
contributes 0.0004514672686230248 2.0 0.0009029345372460496
alma 0.0004514672686230248 1.3010299956639813 0.0005873724585390434
mater 0.0004514672686230248 1.3979400086720377 0.0006311241574140124
nation 0.0004514672686230248 0.35654732351381263 0.00016096944628163096
civilian 0.0004514672686230248 1.1549019599857433 0.0005214004334021414
presidential 0.0009029345372460496 0.3665315444204135 0.000330953990447326
medal 0.0004514672686230248 0.6575773191777938 0.00029687463619764955
freedom 0.0004514672686230248 0.619788758288394 0.0002798143378277173
barack 0.0018058690744920992 0.3872161432802645 0.0006992616582939314
contribution 0.0004514672686230248 1.0969100130080565 0.0004952189674979939
shooting 0.0004514672686230248 0.958607314841775 0.00043277982611366814
florida 0.0004514672686230248 0.7447274948966939 0.00033622008798947804
marjory 0.0004514672686230248 1.5228787452803376 0.0006875299075757732
stoneman 0.0004514672686230248 1.5228787452803376 0.0006875299075757732
douglas 0.0004514672686230248 1.3010299956639813 0.0005873724585390434
school 0.0004514672686230248 0.14874165128092467 6.715198703427751e-05
left 0.0009029345372460496 0.2924298239020636 0.0002640449877219536
dead 0.0004514672686230248 0.9208187539523752 0.00041571952774373597
example 0.0004514672686230248 1.3979400086720377 0.0006311241574140124
set 0.0004514672686230248 0.494850021680094 0.00022340858766595664
george 0.0004514672686230248 0.4685210829577449 0.0002115219336152347
amal 0.0004514672686230248 1.6989700043360187 0.000767029347330031
clooney 0.0004514672686230248 1.6989700043360187 0.000767029347330031
donate 0.0004514672686230248 2.0 0.0009029345372460496
demonstration 0.0004514672686230248 1.045757490560675 0.00047212527790549657
following 0.0004514672686230248 0.2518119729937996 0.00011368486365408559
hug 0.0004514672686230248 2.0 0.0009029345372460496
campaign 0.0004514672686230248 0.3872161432802645 0.00017481541457348284
moines 0.0004514672686230248 2.0 0.0009029345372460496
iowa 0.0009029345372460496 1.3979400086720377 0.0012622483148280249
getty 0.0004514672686230248 0.2291479883578558 0.00010345281641438184
image 0.0004514672686230248 0.2218487496163564 0.00010015744903672974
political 0.0009029345372460496 0.3098039199714864 0.00027973265911646625
activism 0.0004514672686230248 0.958607314841775 0.00043277982611366814
campaigning 0.0009029345372460496 1.1549019599857433 0.0010428008668042828
campaigned 0.0013544018058690745 1.045757490560675 0.0014163758337164898
democratic 0.0009029345372460496 0.3872161432802645 0.0003496308291469657
hopeful 0.0004514672686230248 1.3979400086720377 0.0006311241574140124
attracting 0.0004514672686230248 1.5228787452803376 0.0006875299075757732
largest 0.0004514672686230248 1.045757490560675 0.00047212527790549657
crowd 0.0009029345372460496 2.920818753952375 0.002637308129979571
primary 0.0009029345372460496 0.7695510786217261 0.0006948542470625066
joined 0.0004514672686230248 0.4685210829577449 0.0002115219336152347
rally 0.0009029345372460496 2.677780705266081 0.002417860681955829
caucus 0.0004514672686230248 1.3010299956639813 0.0005873724585390434
hampshire 0.0004514672686230248 1.045757490560675 0.00047212527790549657
carolina 0.0009029345372460496 0.7958800173440752 0.0007186275551639505
candidate 0.0013544018058690745 0.585026652029182 0.0007923611539898627
biggest 0.0004514672686230248 1.045757490560675 0.00047212527790549657
event 0.0004514672686230248 0.721246399047171 0.0003256191417820185
football 0.0004514672686230248 1.2218487496163564 0.0005516247176597546
stadium 0.0004514672686230248 2.0 0.0009029345372460496
supporter 0.0004514672686230248 0.9208187539523752 0.00041571952774373597
attended 0.0004514672686230248 0.5376020021010439 0.00024270970749482794
switched 0.0004514672686230248 1.3979400086720377 0.0006311241574140124
basketball 0.0004514672686230248 1.045757490560675 0.00047212527790549657
arena 0.0004514672686230248 0.9208187539523752 0.00041571952774373597
satisfy 0.0004514672686230248 1.6989700043360187 0.000767029347330031
demand 0.0004514672686230248 1.0969100130080565 0.0004952189674979939
dr 0.0004514672686230248 0.7958800173440752 0.00035931377758197526
martin 0.0004514672686230248 0.5686362358410126 0.00025672064823522016
luther 0.0004514672686230248 0.638272163982407 0.0002881589905112447
king 0.0009029345372460496 0.4685210829577449 0.0004230438672304694
dreamed 0.0004514672686230248 1.3010299956639813 0.0005873724585390434
dream 0.0018058690744920992 0.8860566476931633 0.0016001022983172248
told 0.0004514672686230248 0.44369749923271273 0.00020031489807345945
vote 0.0004514672686230248 0.638272163982407 0.0002881589905112447
supporting 0.0009029345372460496 1.0969100130080565 0.0009904379349959878
man 0.0004514672686230248 0.37675070960209955 0.0001700906138158463
stacey 0.0009029345372460496 1.6989700043360187 0.001534058694660062
abrams 0.0013544018058690745 1.6989700043360187 0.002301088041990093
georgia 0.0004514672686230248 0.721246399047171 0.0003256191417820185
gubernatorial 0.0004514672686230248 1.3010299956639813 0.0005873724585390434
nominee 0.0004514672686230248 0.7695510786217261 0.0003474271235312533
party 0.0004514672686230248 0.3979400086720376 0.00017965688879098763
governor 0.0004514672686230248 0.6575773191777938 0.00029687463619764955
knocked 0.0004514672686230248 1.2218487496163564 0.0005516247176597546
door 0.0004514672686230248 0.9208187539523752 0.00041571952774373597
participated 0.0004514672686230248 1.1549019599857433 0.0005214004334021414
hall 0.0004514672686230248 0.9208187539523752 0.00041571952774373597
narrowly 0.0004514672686230248 1.3010299956639813 0.0005873724585390434
election 0.0009029345372460496 1.2975694635544748 0.0011716202831191646
bid 0.0004514672686230248 0.6020599913279624 0.0002718103798320372
republican 0.0004514672686230248 0.6777807052660807 0.00030599580373186485
brian 0.0004514672686230248 1.2218487496163564 0.0005516247176597546
kemp 0.0004514672686230248 1.6989700043360187 0.000767029347330031
relationship 0.0009029345372460496 0.5228787452803376 0.0004721252779054967
trump 0.003160270880361174 0.5086383061657272 0.001607434827611779
donald 0.0004514672686230248 0.494850021680094 0.00022340858766595664
long 0.0004514672686230248 0.4559319556497244 0.00020583835469513515
together 0.0004514672686230248 0.431798275933005 0.00019494278823160496
larry 0.0004514672686230248 1.3979400086720377 0.0006311241574140124
mate 0.0004514672686230248 1.0 0.0004514672686230248
endorsed 0.0004514672686230248 1.5228787452803376 0.0006875299075757732
twitter 0.0004514672686230248 1.0969100130080565 0.0004952189674979939
launch 0.0004514672686230248 1.045757490560675 0.00047212527790549657
praising 0.0004514672686230248 2.0 0.0009029345372460496
office 0.0004514672686230248 0.31875876262441283 0.0001439091479116988
mention 0.0004514672686230248 2.0 0.0009029345372460496
x 0.006320541760722348 0.4559319556497244 0.0028817369657318922
noise 0.0004514672686230248 1.5228787452803376 0.0006875299075757732
vitriol 0.0004514672686230248 1.6989700043360187 0.000767029347330031
crazy 0.0004514672686230248 1.2218487496163564 0.0005516247176597546
politics 0.0004514672686230248 0.4685210829577449 0.0002115219336152347
tweeted 0.0004514672686230248 1.2218487496163564 0.0005516247176597546
looked 0.0004514672686230248 1.2218487496163564 0.0005516247176597546
insecure 0.0004514672686230248 1.6989700043360187 0.000767029347330031
appearing 0.0004514672686230248 1.2218487496163564 0.0005516247176597546
special 0.0013544018058690745 0.638272163982407 0.0008644769715337341
correspondent 0.0004514672686230248 1.5228787452803376 0.0006875299075757732
minute 0.0013544018058690745 1.1549019599857433 0.0015642013002064243
hoped 0.0004514672686230248 1.1549019599857433 0.0005214004334021414
exposed 0.0004514672686230248 2.0 0.0009029345372460496
defeated 0.0004514672686230248 0.8239087409443188 0.00037196782886876693
like 0.0009029345372460496 0.2365720064370627 0.00021360903515761867
others 0.0004514672686230248 0.494850021680094 0.00022340858766595664
presidency 0.0004514672686230248 0.4685210829577449 0.0002115219336152347
since 0.0009029345372460496 0.3372421683184259 0.00030450760119045227
speech 0.0009029345372460496 0.7447274948966939 0.0006724401759789561
golden 0.0013544018058690745 1.2218487496163564 0.0016548741529792638
globe 0.0018058690744920992 2.0 0.0036117381489841984
criticized 0.0004514672686230248 0.958607314841775 0.00043277982611366814
racially 0.0004514672686230248 1.1549019599857433 0.0005214004334021414
charged 0.0004514672686230248 0.7695510786217261 0.0003474271235312533
environment 0.0004514672686230248 1.2218487496163564 0.0005516247176597546
america 0.0018058690744920992 0.37675070960209955 0.0006803624552633852
fan 0.0004514672686230248 0.8239087409443188 0.00037196782886876693
speculated 0.0004514672686230248 1.6989700043360187 0.000767029347330031
intention 0.0004514672686230248 1.1549019599857433 0.0005214004334021414
honored 0.0009029345372460496 1.0 0.0009029345372460496
cecil 0.0004514672686230248 1.5228787452803376 0.0006875299075757732
b 0.0004514672686230248 0.37675070960209955 0.0001700906138158463
demille 0.0004514672686230248 2.0 0.0009029345372460496
lifetime 0.0004514672686230248 0.7958800173440752 0.00035931377758197526
achievement 0.0004514672686230248 0.8860566476931633 0.0004000255745793062
recalled 0.0004514672686230248 1.3010299956639813 0.0005873724585390434
inspired 0.0004514672686230248 0.6989700043360189 0.0003155620787070062
sidney 0.0004514672686230248 2.0 0.0009029345372460496
poitier 0.0004514672686230248 2.0 0.0009029345372460496
decade 0.0009029345372460496 0.638272163982407 0.0005763179810224894
earlier 0.0004514672686230248 0.9208187539523752 0.00041571952774373597
emphasizing 0.0004514672686230248 1.6989700043360187 0.000767029347330031
importance 0.0004514672686230248 1.0 0.0004514672686230248
press 0.0004514672686230248 0.7958800173440752 0.00035931377758197526
speaking 0.0004514672686230248 0.9208187539523752 0.00041571952774373597
truth 0.0004514672686230248 0.9208187539523752 0.00041571952774373597
broken 0.0004514672686230248 1.0969100130080565 0.0004952189674979939
brutally 0.0004514672686230248 1.5228787452803376 0.0006875299075757732
men 0.0009029345372460496 0.6777807052660807 0.0006119916074637297
watching 0.0004514672686230248 1.2218487496163564 0.0005516247176597546
horizon 0.0004514672686230248 1.6989700043360187 0.000767029347330031
closing 0.0004514672686230248 1.1549019599857433 0.0005214004334021414
finally 0.0004514672686230248 0.7447274948966939 0.00033622008798947804
dawn 0.0004514672686230248 2.0 0.0009029345372460496
magnificent 0.0004514672686230248 2.0 0.0009029345372460496
tonight 0.0009029345372460496 1.3010299956639813 0.0011747449170780868
phenomenal 0.0004514672686230248 2.0 0.0009029345372460496
fighting 0.0004514672686230248 0.7958800173440752 0.00035931377758197526
hard 0.0004514672686230248 0.638272163982407 0.0002881589905112447
leader 0.0004514672686230248 0.48148606012211254 0.00021737519644339165
take 0.0004514672686230248 0.48148606012211254 0.00021737519644339165
nobody 0.0004514672686230248 1.3010299956639813 0.0005873724585390434
famous 0.0004514672686230248 0.494850021680094 0.00022340858766595664
movie 0.0004514672686230248 1.1549019599857433 0.0005214004334021414
color 0.0013544018058690745 1.0969100130080565 0.0014856569024939816
purple 0.0013544018058690745 1.5228787452803376 0.0020625897227273195
led 0.0004514672686230248 0.37675070960209955 0.0001700906138158463
fame 0.0004514672686230248 0.48148606012211254 0.00021737519644339165
steven 0.0004514672686230248 1.3979400086720377 0.0006311241574140124
spielberg 0.0004514672686230248 1.6989700043360187 0.000767029347330031
nominated 0.0013544018058690745 0.853871964321762 0.0011564857304583683
helped 0.0004514672686230248 0.3372421683184259 0.00015225380059522613
onstage 0.0004514672686230248 2.0 0.0009029345372460496
tony 0.0009029345372460496 1.3979400086720377 0.0012622483148280249
musical 0.0009029345372460496 0.48148606012211254 0.0004347503928867833
broadway 0.0004514672686230248 1.1549019599857433 0.0005214004334021414
revival 0.0004514672686230248 2.0 0.0009029345372460496
produced 0.0004514672686230248 0.7958800173440752 0.00035931377758197526
beloved 0.0009029345372460496 1.045757490560675 0.0009442505558109931
picture 0.0004514672686230248 0.9208187539523752 0.00041571952774373597
disney 0.0004514672686230248 1.3010299956639813 0.0005873724585390434
initial 0.0004514672686230248 0.8239087409443188 0.00037196782886876693
pulitzer 0.0004514672686230248 1.5228787452803376 0.0006875299075757732
prize 0.0004514672686230248 0.853871964321762 0.0003854952434861228
winning 0.0009029345372460496 0.4202164033831899 0.0003794279037319999
novel 0.0004514672686230248 1.0969100130080565 0.0004952189674979939
toni 0.0004514672686230248 1.3010299956639813 0.0005873724585390434
morrison 0.0004514672686230248 1.1549019599857433 0.0005214004334021414
starring 0.0004514672686230248 0.8239087409443188 0.00037196782886876693
danny 0.0004514672686230248 1.6989700043360187 0.000767029347330031
glover 0.0004514672686230248 1.3010299956639813 0.0005873724585390434
got 0.0004514672686230248 0.5376020021010439 0.00024270970749482794
mixed 0.0004514672686230248 1.0969100130080565 0.0004952189674979939
review 0.0004514672686230248 1.3979400086720377 0.0006311241574140124
generally 0.0004514672686230248 1.1549019599857433 0.0005214004334021414
failed 0.0004514672686230248 0.5376020021010439 0.00024270970749482794
expectation 0.0004514672686230248 1.5228787452803376 0.0006875299075757732
line 0.0013544018058690745 0.853871964321762 0.0011564857304583683
soup 0.0009029345372460496 2.0 0.0018058690744920992
pizza 0.0009029345372460496 2.0 0.0018058690744920992
side 0.0009029345372460496 0.9208187539523752 0.0008314390554874719
good 0.0009029345372460496 0.585026652029182 0.0005282407693265751
nutritious 0.0004514672686230248 2.0 0.0009029345372460496
twist 0.0004514672686230248 1.6989700043360187 0.000767029347330031
includes 0.0004514672686230248 0.8860566476931633 0.0004000255745793062
mashed 0.0004514672686230248 2.0 0.0009029345372460496
potato 0.0004514672686230248 2.0 0.0009029345372460496
pasta 0.0004514672686230248 2.0 0.0009029345372460496
cbs 0.0004514672686230248 1.2218487496163564 0.0005516247176597546
join 0.0004514672686230248 0.9208187539523752 0.00041571952774373597
newsmagazine 0.0004514672686230248 2.0 0.0009029345372460496
contributor 0.0004514672686230248 1.6989700043360187 0.000767029347330031
fall 0.0004514672686230248 0.7695510786217261 0.0003474271235312533
april 0.0009029345372460496 0.1549019599857432 0.00013986632955823313
post 0.0004514672686230248 0.6989700043360189 0.0003155620787070062
format 0.0004514672686230248 1.5228787452803376 0.0006875299075757732
spoke 0.0004514672686230248 0.7695510786217261 0.0003474271235312533
emotion 0.0004514672686230248 2.0 0.0009029345372460496
stedman 0.0004514672686230248 2.0 0.0009029345372460496
graham 0.0004514672686230248 1.3010299956639813 0.0005873724585390434
relation 0.0004514672686230248 0.7958800173440752 0.00035931377758197526
mid 0.0004514672686230248 0.585026652029182 0.00026412038466328756
engaged 0.0004514672686230248 1.045757490560675 0.00047212527790549657
tied 0.0004514672686230248 1.2218487496163564 0.0005516247176597546
knot 0.0004514672686230248 2.0 0.0009029345372460496
couple 0.0004514672686230248 0.40893539297350084 0.00018462094490902971
montecito 0.0004514672686230248 2.0 0.0009029345372460496
california 0.0004514672686230248 0.5528419686577808 0.0002495900535701042
rolling 0.0004514672686230248 1.0969100130080565 0.0004952189674979939
prairie 0.0004514672686230248 1.6989700043360187 0.000767029347330031
indiana 0.0004514672686230248 0.7958800173440752 0.00035931377758197526
telluride 0.0004514672686230248 2.0 0.0009029345372460496
colorado 0.0004514672686230248 1.3010299956639813 0.0005873724585390434
check 0.0004514672686230248 0.07058107428570728 3.186504482424708e-05
strive 0.0004514672686230248 0.07058107428570728 3.186504482424708e-05
accuracy 0.0004514672686230248 0.07058107428570728 3.186504482424708e-05
fairness 0.0004514672686230248 0.07058107428570728 3.186504482424708e-05
citation 0.0004514672686230248 0.07058107428570728 3.186504482424708e-05
information 0.0004514672686230248 0.07058107428570728 3.186504482424708e-05
article 0.0004514672686230248 0.07058107428570728 3.186504482424708e-05
com 0.0009029345372460496 0.06048074738138145 5.461015564910289e-05
editor 0.0004514672686230248 0.1023729087095586 4.621801747609869e-05
website 0.0009029345372460496 0.0655015487564323 5.914361061528875e-05
url 0.0004514672686230248 0.07058107428570728 3.186504482424708e-05
access 0.0004514672686230248 0.07058107428570728 3.186504482424708e-05
publisher 0.0004514672686230248 0.07058107428570728 3.186504482424708e-05
e 0.0009029345372460496 0.04575749056067514 4.131601856494369e-05
updated 0.0004514672686230248 0.07058107428570728 3.186504482424708e-05
story 0.0013544018058690745 0.05551732784983141 7.519276909683713e-05
shaped 0.0009029345372460496 0.05551732784983141 5.0128512731224745e-05
ellen 0.0009029345372460496 1.6989700043360187 0.001534058694660062
degeneres 0.0009029345372460496 1.6989700043360187 0.001534058694660062
comedian 0.0009029345372460496 3.154901959985743 0.002848669941296382
advocate 0.0009029345372460496 0.9208187539523752 0.0008314390554874719
lgbtq 0.0004514672686230248 1.6989700043360187 0.000767029347330031
tyra 0.0013544018058690745 1.5228787452803376 0.0020625897227273195
bank 0.0013544018058690745 1.0 0.0013544018058690745
supermodel 0.0004514672686230248 1.2218487496163564 0.0005516247176597546
turned 0.0004514672686230248 0.638272163982407 0.0002881589905112447
runway 0.0004514672686230248 1.2218487496163564 0.0005516247176597546
multimedia 0.0004514672686230248 1.5228787452803376 0.0006875299075757732
brand 0.0004514672686230248 1.1549019599857433 0.0005214004334021414
worked 0.0004514672686230248 0.3098039199714864 0.00013986632955823313
helm 0.0004514672686230248 1.3979400086720377 0.0006311241574140124
simultaneously 0.0004514672686230248 1.3979400086720377 0.0006311241574140124
model 0.0004514672686230248 1.0 0.0004514672686230248
sara 0.0009029345372460496 1.2218487496163564 0.0011032494353195091
gilbert 0.0009029345372460496 2.0 0.0018058690744920992
darlene 0.0004514672686230248 2.0 0.0009029345372460496
conner 0.0004514672686230248 2.0 0.0009029345372460496
healy 0.0004514672686230248 2.0 0.0009029345372460496
sitcom 0.0004514672686230248 1.3979400086720377 0.0006311241574140124
roseanne 0.0004514672686230248 2.0 0.0009029345372460496
creator 0.0004514672686230248 1.3010299956639813 0.0005873724585390434
whoopi 0.0009029345372460496 1.6989700043360187 0.001534058694660062
goldberg 0.0009029345372460496 1.6989700043360187 0.001534058694660062
longtime 0.0004514672686230248 0.7447274948966939 0.00033622008798947804
daytime 0.0009029345372460496 1.6989700043360187 0.001534058694660062
view 0.0004514672686230248 0.958607314841775 0.00043277982611366814
barbara 0.0009029345372460496 1.045757490560675 0.0009442505558109931
walter 0.0009029345372460496 1.6989700043360187 0.001534058694660062
famed 0.0004514672686230248 0.8860566476931633 0.0004000255745793062
journalist 0.0009029345372460496 1.3010299956639813 0.0011747449170780868
star 0.0004514672686230248 0.32790214206428253 0.00014803708445340069
today 0.0004514672686230248 0.7447274948966939 0.00033622008798947804
anchor 0.0004514672686230248 1.0969100130080565 0.0004952189674979939
evening 0.0004514672686230248 1.3979400086720377 0.0006311241574140124
news 0.0004514672686230248 0.585026652029182 0.00026412038466328756
joan 0.0018058690744920992 1.5228787452803376 0.002750119630303093
lunden 0.0009029345372460496 2.0 0.0018058690744920992
personality 0.0009029345372460496 0.853871964321762 0.0007709904869722456
river 0.0009029345372460496 1.5228787452803376 0.0013750598151515464
comedienne 0.0004514672686230248 2.0 0.0009029345372460496
appearance 0.0004514672686230248 1.0 0.0004514672686230248
grammy 0.0004514672686230248 0.6575773191777938 0.00029687463619764955
comedy 0.0004514672686230248 1.045757490560675 0.00047212527790549657
album 0.0004514672686230248 0.5528419686577808 0.0002495900535701042
among 0.0004514672686230248 0.35654732351381263 0.00016096944628163096
various 0.0004514672686230248 0.958607314841775 0.00043277982611366814
wendy 0.0009029345372460496 1.6989700043360187 0.001534058694660062
williams 0.0009029345372460496 0.8860566476931633 0.0008000511491586124
dj 0.0004514672686230248 1.5228787452803376 0.0006875299075757732
nonsense 0.0004514672686230248 2.0 0.0009029345372460496
attitude 0.0004514672686230248 1.6989700043360187 0.000767029347330031
brash 0.0004514672686230248 2.0 0.0009029345372460496
robert 0.0009029345372460496 0.5528419686577808 0.0004991801071402084
l 0.0009029345372460496 1.0 0.0009029345372460496
johnson 0.0009029345372460496 0.853871964321762 0.0007709904869722456
entrepreneur 0.0004514672686230248 1.3979400086720377 0.0006311241574140124
bet 0.0004514672686230248 1.5228787452803376 0.0006875299075757732
loading 0.0004514672686230248 0.04575749056067514 2.0658009282471846e-05
logo 0.0004514672686230248 0.04575749056067514 2.0658009282471846e-05
registered 0.0004514672686230248 0.04575749056067514 2.0658009282471846e-05
trademark 0.0004514672686230248 0.04575749056067514 2.0658009282471846e-05
llc 0.0004514672686230248 0.04575749056067514 2.0658009282471846e-05
