ilhan 0.00891089108910891 2.0 0.01782178217821782
omar 0.04455445544554455 1.6989700043360187 0.07569668336150578
politics 0.0019801980198019802 0.4685210829577449 0.0009277645207084058
husband 0.0029702970297029703 0.7447274948966939 0.002212061866029784
fact 0.0039603960396039604 0.14116214857141457 0.0005590580141442162
biography 0.009900990099009901 0.04575749056067514 0.0004530444609967836
skip 0.0009900990099009901 0.04575749056067514 4.530444609967836e-05
main 0.0009900990099009901 0.04575749056067514 4.530444609967836e-05
content 0.0009900990099009901 0.04575749056067514 4.530444609967836e-05
people 0.005940594059405941 0.04575749056067514 0.0002718266765980702
nostalgia 0.0029702970297029703 0.04575749056067514 0.0001359133382990351
celebrity 0.0029702970297029703 0.04575749056067514 0.0001359133382990351
history 0.0039603960396039604 0.04575749056067514 0.00018121778439871345
culture 0.0029702970297029703 0.04575749056067514 0.0001359133382990351
crime 0.0029702970297029703 0.04575749056067514 0.0001359133382990351
scandal 0.0029702970297029703 0.04575749056067514 0.0001359133382990351
video 0.0029702970297029703 0.04575749056067514 0.0001359133382990351
contact 0.0029702970297029703 0.04575749056067514 0.0001359133382990351
u 0.01089108910891089 0.20065945054641832 0.00218539995644614
advertise 0.0019801980198019802 0.04575749056067514 9.060889219935672e-05
privacy 0.0029702970297029703 0.04575749056067514 0.0001359133382990351
notice 0.0019801980198019802 0.04575749056067514 9.060889219935672e-05
term 0.0039603960396039604 0.5406075122407692 0.002141019850458492
use 0.0039603960396039604 0.04575749056067514 0.00018121778439871345
copyright 0.0019801980198019802 0.04575749056067514 9.060889219935672e-05
policy 0.0019801980198019802 0.04575749056067514 9.060889219935672e-05
ad 0.0019801980198019802 0.04575749056067514 9.060889219935672e-05
choice 0.0019801980198019802 0.04575749056067514 9.060889219935672e-05
accessibility 0.0019801980198019802 0.04575749056067514 9.060889219935672e-05
support 0.0039603960396039604 0.04575749056067514 0.00018121778439871345
setting 0.0009900990099009901 0.04575749056067514 4.530444609967836e-05
february 0.0019801980198019802 0.04575749056067514 9.060889219935672e-05
subscribe 0.0019801980198019802 0.04575749056067514 9.060889219935672e-05
newsletter 0.0029702970297029703 0.04575749056067514 0.0001359133382990351
photo 0.0009900990099009901 0.12493873660829993 0.00012370171941415836
kristie 0.0009900990099009901 2.0 0.0019801980198019802
boyd 0.0009900990099009901 1.6989700043360187 0.001682148519144573
house 0.01287128712871287 0.32790214206428253 0.004220522620629379
office 0.0039603960396039604 0.31875876262441283 0.0012624109410867834
photoraphy 0.0009900990099009901 2.0 0.0019801980198019802
quick 0.0009900990099009901 0.07058107428570728 6.988225176802702e-05
name 0.0019801980198019802 0.05551732784983141 0.0001099353026729335
birth 0.0019801980198019802 0.07058107428570728 0.00013976450353605404
date 0.0039603960396039604 0.07058107428570728 0.0002795290070721081
october 0.0019801980198019802 0.37675070960209955 0.0007460410091130684
age 0.0019801980198019802 0.11350927482751813 0.00022477084124261016
place 0.0019801980198019802 0.07572071393811834 0.00014994200779825414
mogadishu 0.0029702970297029703 2.0 0.005940594059405941
somalia 0.0039603960396039604 1.3979400086720377 0.005536396073948664
cite 0.0009900990099009901 0.07058107428570728 6.988225176802702e-05
page 0.0009900990099009901 0.07058107428570728 6.988225176802702e-05
quote 0.0009900990099009901 0.3872161432802645 0.0003833823200794698
land 0.0009900990099009901 0.853871964321762 0.0008454177864571902
immigrant 0.0029702970297029703 1.0 0.0029702970297029703
come 0.0019801980198019802 0.5528419686577808 0.0010947365715995659
opportunity 0.0019801980198019802 1.9208187539523753 0.003803601492975001
second 0.0019801980198019802 0.19382002601611284 0.00038380203171507494
chance 0.0009900990099009901 0.853871964321762 0.0008454177864571902
time 0.005940594059405941 0.4791236183116582 0.002846278920663316
fight 0.0009900990099009901 0.5376020021010439 0.0005322792100010336
america 0.0029702970297029703 0.37675070960209955 0.0011190615136696027
know 0.0029702970297029703 0.4559319556497244 0.0013542533336130427
principle 0.0009900990099009901 1.3010299956639813 0.0012881485105583972
anti 0.0009900990099009901 0.721246399047171 0.0007141053455912584
war 0.0039603960396039604 0.35654732351381263 0.0014120686079754955
survived 0.0009900990099009901 1.0 0.0009900990099009901
work 0.0009900990099009901 0.2218487496163564 0.00021965222734292712
every 0.0009900990099009901 0.6575773191777938 0.0006510666526512811
day 0.0009900990099009901 0.2924298239020636 0.00028953447911095407
make 0.0009900990099009901 0.3872161432802645 0.0003833823200794698
sure 0.0009900990099009901 0.8860566476931633 0.0008772838095971913
living 0.0019801980198019802 0.619788758288394 0.001227304471858206
tolerant 0.0009900990099009901 1.6989700043360187 0.001682148519144573
world 0.0029702970297029703 0.04575749056067514 0.0001359133382990351
worry 0.0029702970297029703 2.0 0.005940594059405941
life 0.0049504950495049506 0.13679614097137055 0.0006772086186701512
ending 0.0019801980198019802 1.2218487496163564 0.0024195024744878345
anxiety 0.0009900990099009901 1.3010299956639813 0.0012881485105583972
cause 0.0009900990099009901 1.045757490560675 0.0010354034560006683
family 0.0099009900990099 1.0777937225609837 0.010671224975851322
member 0.005940594059405941 0.8386319977650252 0.004981972263950645
end 0.0049504950495049506 0.44369749923271273 0.0021965222734292708
supposed 0.0009900990099009901 1.2218487496163564 0.0012097512372439172
invisibility 0.0009900990099009901 2.0 0.0019801980198019802
aspect 0.0009900990099009901 1.5228787452803376 0.0015078007379013244
muslim 0.0039603960396039604 0.9208187539523752 0.0036468069463460404
woman 0.007920792079207921 0.7958800173440752 0.006304000137378814
caricature 0.0009900990099009901 2.0 0.0019801980198019802
seen 0.0019801980198019802 0.619788758288394 0.001227304471858206
oppressed 0.0009900990099009901 1.3979400086720377 0.001384099018487166
need 0.0009900990099009901 0.638272163982407 0.0006319526376063437
saving 0.0009900990099009901 1.6989700043360187 0.001682148519144573
patriarchal 0.0009900990099009901 2.0 0.0019801980198019802
idea 0.0009900990099009901 1.2218487496163564 0.0012097512372439172
inferiority 0.0009900990099009901 1.6989700043360187 0.001682148519144573
really 0.0019801980198019802 0.721246399047171 0.0014282106911825169
farther 0.0009900990099009901 2.0 0.0019801980198019802
raised 0.0009900990099009901 0.585026652029182 0.0005792343089397842
publish 0.0009900990099009901 0.07058107428570728 6.988225176802702e-05
apr 0.0009900990099009901 0.5528419686577808 0.0005473682857997829
comment 0.0019801980198019802 0.07058107428570728 0.00013976450353605404
democratic 0.006930693069306931 0.3872161432802645 0.0026836762405562887
politician 0.0049504950495049506 0.6575773191777938 0.003255333263256405
arrived 0.0019801980198019802 1.0 0.0019801980198019802
united 0.006930693069306931 0.18708664335714445 0.0012966401024752585
state 0.008910891089108912 0.4930892744484819 0.004393864821818156
refugee 0.0039603960396039604 1.6989700043360187 0.006728594076578292
became 0.00891089108910891 0.07572071393811834 0.0006747390350921435
one 0.005940594059405941 0.08092190762392613 0.0004807242037064919
first 0.01485148514851485 0.0655015487564323 0.0009727952785608757
two 0.0039603960396039604 0.11918640771920867 0.00047202537710577694
elected 0.007920792079207921 0.3665315444204135 0.0029032201538250575
congress 0.007920792079207921 0.4202164033831899 0.003328446759470811
fled 0.0019801980198019802 1.5228787452803376 0.0030156014758026487
civil 0.0019801980198019802 0.3467874862246563 0.0006867078935141709
child 0.0039603960396039604 0.5000381344038097 0.0019803490471438008
spent 0.0009900990099009901 0.48148606012211254 0.0004767188714080322
four 0.0019801980198019802 0.28399665636520083 0.0005623696165647541
year 0.0049504950495049506 0.24995468798823245 0.0012373994454862992
camp 0.0019801980198019802 1.0969100130080565 0.0021720990356595177
received 0.0019801980198019802 0.28399665636520083 0.0005623696165647541
asylum 0.0019801980198019802 1.3979400086720377 0.002768198036974332
citizen 0.0029702970297029703 0.9208187539523752 0.0027351052097595303
seat 0.0029702970297029703 0.619788758288394 0.001840956707787309
minnesota 0.007920792079207921 1.1549019599857433 0.009147738296916778
represent 0.0029702970297029703 1.045757490560675 0.003106210368002005
th 0.0039603960396039604 0.2076083105017461 0.0008222111306999846
district 0.0019801980198019802 0.721246399047171 0.0014282106911825169
somali 0.0029702970297029703 2.0 0.005940594059405941
american 0.0049504950495049506 0.1023729087095586 0.0005067965777700921
also 0.0029702970297029703 0.0861861476162833 0.00025599845826618803
legislate 0.0009900990099009901 2.0 0.0019801980198019802
floor 0.0019801980198019802 1.3979400086720377 0.002768198036974332
wearing 0.0009900990099009901 1.3010299956639813 0.0012881485105583972
hijab 0.0029702970297029703 1.6989700043360187 0.005046445557433719
progressive 0.0029702970297029703 1.045757490560675 0.003106210368002005
farmer 0.0009900990099009901 1.045757490560675 0.0010354034560006683
labor 0.0009900990099009901 0.8860566476931633 0.0008772838095971913
party 0.0009900990099009901 0.3979400086720376 0.00039400000858617586
memoir 0.0009900990099009901 1.045757490560675 0.0010354034560006683
look 0.0019801980198019802 1.2924298239020637 0.0025592669780238886
like 0.0019801980198019802 0.2365720064370627 0.00046845941868725285
journey 0.0009900990099009901 1.045757490560675 0.0010354034560006683
congresswoman 0.0029702970297029703 2.7447274948966935 0.008152655925435723
published 0.0019801980198019802 0.07058107428570728 0.00013976450353605404
early 0.0009900990099009901 0.07572071393811834 7.497100389912707e-05
born 0.0009900990099009901 0.09151498112135023 9.060889219935667e-05
mother 0.0009900990099009901 0.21467016498923297 0.00021254471781112174
passed 0.0019801980198019802 0.6777807052660807 0.0013421400104278826
away 0.0009900990099009901 0.5376020021010439 0.0005322792100010336
youngest 0.0009900990099009901 0.5228787452803376 0.0005177017280003342
seven 0.0009900990099009901 0.619788758288394 0.000613652235929103
loss 0.0009900990099009901 0.7447274948966939 0.0007373539553432613
father 0.0019801980198019802 0.14874165128092467 0.0002945379233285637
sister 0.0009900990099009901 1.3010299956639813 0.0012881485105583972
aunt 0.0009900990099009901 2.0 0.0019801980198019802
took 0.0009900990099009901 0.28399665636520083 0.00028118480828237703
care 0.0009900990099009901 0.5376020021010439 0.0005322792100010336
grew 0.0009900990099009901 0.494850021680094 0.0004899505165149446
middle 0.0019801980198019802 0.585026652029182 0.0011584686178795684
class 0.0009900990099009901 0.44369749923271273 0.0004393044546858542
compound 0.0009900990099009901 1.5228787452803376 0.0015078007379013244
grandfather 0.0019801980198019802 1.0 0.0019801980198019802
enforce 0.0009900990099009901 1.3979400086720377 0.001384099018487166
traditional 0.0009900990099009901 1.3010299956639813 0.0012881485105583972
gender 0.0009900990099009901 1.2218487496163564 0.0012097512372439172
role 0.0009900990099009901 0.619788758288394 0.000613652235929103
childhood 0.0009900990099009901 0.6020599913279624 0.0005960990013148143
upended 0.0009900990099009901 1.6989700043360187 0.001682148519144573
country 0.0029702970297029703 0.27572413039921095 0.0008189825655422107
ended 0.0029702970297029703 0.5686362358410126 0.0016890185223000377
kenya 0.0009900990099009901 1.5228787452803376 0.0015078007379013244
granted 0.0009900990099009901 0.958607314841775 0.0009491161533086881
settled 0.0019801980198019802 1.1549019599857433 0.0022869345742291946
virginia 0.0009900990099009901 0.8239087409443188 0.0008157512286577414
confronted 0.0009900990099009901 1.3979400086720377 0.001384099018487166
bully 0.0009900990099009901 2.0 0.0019801980198019802
attending 0.0009900990099009901 0.9208187539523752 0.0009117017365865101
school 0.0019801980198019802 0.14874165128092467 0.0002945379233285637
could 0.0039603960396039604 0.4202164033831899 0.0016642233797354055
read 0.0019801980198019802 0.0655015487564323 0.0001297060371414501
english 0.0009900990099009901 1.045757490560675 0.0010354034560006683
speak 0.0009900990099009901 0.958607314841775 0.0009491161533086881
tool 0.0009900990099009901 1.3979400086720377 0.001384099018487166
used 0.0009900990099009901 0.5086383061657272 0.0005036022833324032
get 0.0009900990099009901 0.44369749923271273 0.0004393044546858542
speed 0.0009900990099009901 1.5228787452803376 0.0015078007379013244
conversationally 0.0009900990099009901 2.0 0.0019801980198019802
watching 0.0009900990099009901 1.2218487496163564 0.0012097512372439172
rerun 0.0009900990099009901 2.0 0.0019801980198019802
baywatch 0.0009900990099009901 2.0 0.0019801980198019802
moved 0.0019801980198019802 0.3872161432802645 0.0007667646401589396
cedar 0.0009900990099009901 2.0 0.0019801980198019802
riverside 0.0009900990099009901 2.0 0.0019801980198019802
neighborhood 0.0009900990099009901 0.7958800173440752 0.0007880000171723517
minneapolis 0.0029702970297029703 1.6989700043360187 0.005046445557433719
home 0.0009900990099009901 0.31875876262441283 0.00031560273527169586
many 0.0019801980198019802 0.28399665636520083 0.0005623696165647541
drove 0.0009900990099009901 1.6989700043360187 0.001682148519144573
taxi 0.0009900990099009901 1.5228787452803376 0.0015078007379013244
getting 0.0009900990099009901 0.7695510786217261 0.00076193176101161
job 0.0009900990099009901 0.5686362358410126 0.0005630061741000125
post 0.0009900990099009901 0.6989700043360189 0.000692049509243583
went 0.0019801980198019802 0.32790214206428253 0.0006493111724045199
edison 0.0009900990099009901 2.0 0.0019801980198019802
high 0.0009900990099009901 0.27572413039921095 0.0002729941885140703
graduated 0.0009900990099009901 0.6575773191777938 0.0006510666526512811
north 0.0009900990099009901 0.6777807052660807 0.0006710700052139413
dakota 0.0009900990099009901 1.2218487496163564 0.0012097512372439172
university 0.0009900990099009901 0.2596373105057561 0.0002570666440651051
political 0.0029702970297029703 0.3098039199714864 0.0009202096632816427
career 0.0009900990099009901 0.17392519729917358 0.0001722031656427461
interest 0.0009900990099009901 0.7695510786217261 0.00076193176101161
sparked 0.0009900990099009901 1.0 0.0009900990099009901
accompanying 0.0009900990099009901 1.5228787452803376 0.0015078007379013244
caucus 0.0019801980198019802 2.8239087409443187 0.005591898496919443
interpreter 0.0009900990099009901 1.6989700043360187 0.001682148519144573
later 0.0019801980198019802 0.09151498112135023 0.00018121778439871334
worked 0.0019801980198019802 0.3098039199714864 0.0006134731088544285
community 0.0009900990099009901 0.48148606012211254 0.0004767188714080322
organizer 0.0009900990099009901 1.0969100130080565 0.0010860495178297588
volunteered 0.0009900990099009901 1.5228787452803376 0.0015078007379013244
campaign 0.0019801980198019802 1.609064892896621 0.0031862671146467743
unseated 0.0009900990099009901 2.0 0.0019801980198019802
incumbent 0.0009900990099009901 0.8860566476931633 0.0008772838095971913
primary 0.0009900990099009901 0.7695510786217261 0.00076193176101161
subsequently 0.0009900990099009901 0.7695510786217261 0.00076193176101161
representative 0.0029702970297029703 0.6575773191777938 0.001953199957953843
covered 0.0009900990099009901 1.0969100130080565 0.0010860495178297588
documentary 0.0009900990099009901 0.8239087409443188 0.0008157512286577414
win 0.0019801980198019802 0.585026652029182 0.0011584686178795684
made 0.0009900990099009901 0.1804560644581313 0.00017866937075062506
contains 0.0009900990099009901 1.3979400086720377 0.001384099018487166
city 0.0009900990099009901 0.3665315444204135 0.0003629025192281322
position 0.0009900990099009901 1.0969100130080565 0.0010860495178297588
include 0.0009900990099009901 0.619788758288394 0.000613652235929103
minimum 0.0009900990099009901 1.6989700043360187 0.001682148519144573
wage 0.0009900990099009901 1.6989700043360187 0.001682148519144573
medicare 0.0009900990099009901 1.3010299956639813 0.0012881485105583972
green 0.0009900990099009901 0.6989700043360189 0.000692049509243583
new 0.0009900990099009901 0.14266750356873154 0.00014125495402844706
deal 0.0009900990099009901 0.5528419686577808 0.0005473682857997829
whip 0.0009900990099009901 1.3979400086720377 0.001384099018487166
along 0.0009900990099009901 0.4202164033831899 0.0004160558449338514
three 0.0009900990099009901 0.2076083105017461 0.00020555278267499614
rashida 0.0029702970297029703 1.5228787452803376 0.004523402213703973
tlaib 0.0029702970297029703 1.6989700043360187 0.005046445557433719
alexandria 0.0009900990099009901 2.0 0.0019801980198019802
ocasio 0.0009900990099009901 2.0 0.0019801980198019802
cortez 0.0009900990099009901 2.0 0.0019801980198019802
ayanna 0.0029702970297029703 2.0 0.005940594059405941
pressley 0.0029702970297029703 2.0 0.005940594059405941
squad 0.0029702970297029703 2.0 0.005940594059405941
arrival 0.0009900990099009901 1.6989700043360187 0.001682148519144573
resulted 0.0009900990099009901 0.8860566476931633 0.0008772838095971913
lifting 0.0009900990099009901 1.6989700043360187 0.001682148519144573
old 0.0009900990099009901 0.28399665636520083 0.00028118480828237703
ban 0.0009900990099009901 0.8860566476931633 0.0008772838095971913
head 0.0019801980198019802 0.5228787452803376 0.0010354034560006685
covering 0.0009900990099009901 2.0 0.0019801980198019802
wear 0.0019801980198019802 1.1549019599857433 0.0022869345742291946
fulfilling 0.0009900990099009901 1.2218487496163564 0.0012097512372439172
duty 0.0009900990099009901 1.5228787452803376 0.0015078007379013244
decision 0.0009900990099009901 0.585026652029182 0.0005792343089397842
influenced 0.0009900990099009901 1.0 0.0009900990099009901
terrorist 0.0009900990099009901 1.0 0.0009900990099009901
attack 0.0029702970297029703 1.540607512240769 0.004576061917546838
wanted 0.0009900990099009901 0.5528419686577808 0.0005473682857997829
signify 0.0009900990099009901 2.0 0.0019801980198019802
cultural 0.0009900990099009901 1.3979400086720377 0.001384099018487166
identity 0.0009900990099009901 1.2218487496163564 0.0012097512372439172
stated 0.0009900990099009901 0.7447274948966939 0.0007373539553432613
knew 0.0009900990099009901 0.9208187539523752 0.0009117017365865101
responsibility 0.0009900990099009901 1.0969100130080565 0.0010860495178297588
help 0.0019801980198019802 0.4559319556497244 0.0009028355557420285
shape 0.0009900990099009901 1.3979400086720377 0.001384099018487166
narrative 0.0009900990099009901 1.6989700043360187 0.001682148519144573
faith 0.0009900990099009901 0.7958800173440752 0.0007880000171723517
positive 0.0019801980198019802 0.8860566476931633 0.0017545676191943827
next 0.0019801980198019802 0.07058107428570728 0.00013976450353605404
bella 0.0009900990099009901 0.0655015487564323 6.485301857072505e-05
hadid 0.0009900990099009901 0.0655015487564323 6.485301857072505e-05
sadie 0.0009900990099009901 0.06048074738138145 5.988192810037767e-05
alexander 0.0009900990099009901 0.05551732784983141 5.496765133646675e-05
adrienne 0.0009900990099009901 0.0655015487564323 6.485301857072505e-05
kennedy 0.0049504950495049506 0.06048074738138145 0.0002994096405018884
running 0.0009900990099009901 0.721246399047171 0.0007141053455912584
conservative 0.0009900990099009901 0.8239087409443188 0.0008157512286577414
site 0.0009900990099009901 1.3979400086720377 0.001384099018487166
online 0.0009900990099009901 1.0969100130080565 0.0010860495178297588
forum 0.0009900990099009901 2.0 0.0019801980198019802
spread 0.0009900990099009901 1.2218487496163564 0.0012097512372439172
rumor 0.0009900990099009901 2.0 0.0019801980198019802
married 0.0039603960396039604 0.24412514432750856 0.0009668322547624102
brother 0.0019801980198019802 0.494850021680094 0.0009799010330298892
order 0.0009900990099009901 0.494850021680094 0.0004899505165149446
immigrate 0.0009900990099009901 2.0 0.0019801980198019802
denounced 0.0009900990099009901 1.3979400086720377 0.001384099018487166
claim 0.0009900990099009901 1.045757490560675 0.0010354034560006683
absolutely 0.0009900990099009901 1.5228787452803376 0.0015078007379013244
false 0.0009900990099009901 1.3979400086720377 0.001384099018487166
ridiculous 0.0009900990099009901 2.0 0.0019801980198019802
subsequent 0.0009900990099009901 0.9208187539523752 0.0009117017365865101
checking 0.0009900990099009901 1.6989700043360187 0.001682148519144573
news 0.0009900990099009901 0.585026652029182 0.0005792343089397842
organization 0.0009900990099009901 0.7958800173440752 0.0007880000171723517
revealed 0.0009900990099009901 0.5086383061657272 0.0005036022833324032
evidence 0.0019801980198019802 1.0 0.0019801980198019802
accusation 0.0009900990099009901 1.3979400086720377 0.001384099018487166
donald 0.0009900990099009901 0.494850021680094 0.0004899505165149446
trump 0.0019801980198019802 0.5086383061657272 0.0010072045666648065
presidency 0.0019801980198019802 0.4685210829577449 0.0009277645207084058
lied 0.0009900990099009901 1.6989700043360187 0.001682148519144573
said 0.0029702970297029703 0.2518119729937996 0.0007479563554271275
proud 0.0009900990099009901 0.9208187539523752 0.0009117017365865101
al 0.0009900990099009901 0.7447274948966939 0.0007373539553432613
qaeda 0.0009900990099009901 1.2218487496163564 0.0012097512372439172
called 0.0009900990099009901 0.3010299956639812 0.0002980495006574071
go 0.0009900990099009901 0.494850021680094 0.0004899505165149446
back 0.0029702970297029703 0.4202164033831899 0.001248167534801554
came 0.0009900990099009901 0.3010299956639812 0.0002980495006574071
labeled 0.0009900990099009901 1.6989700043360187 0.001682148519144573
unpatriotic 0.0009900990099009901 2.0 0.0019801980198019802
chant 0.0009900990099009901 2.0 0.0019801980198019802
send 0.0009900990099009901 1.5228787452803376 0.0015078007379013244
heard 0.0009900990099009901 0.958607314841775 0.0009491161533086881
rally 0.0009900990099009901 1.5228787452803376 0.0015078007379013244
siege 0.0009900990099009901 1.3979400086720377 0.001384099018487166
capitol 0.0009900990099009901 1.0 0.0009900990099009901
january 0.0019801980198019802 0.2676062401770315 0.0005299133468852109
evacuated 0.0009900990099009901 1.6989700043360187 0.001682148519144573
senior 0.0009900990099009901 1.0 0.0009900990099009901
leadership 0.0009900990099009901 0.638272163982407 0.0006319526376063437
law 0.0009900990099009901 0.3665315444204135 0.0003629025192281322
enforcement 0.0009900990099009901 1.045757490560675 0.0010354034560006683
considered 0.0019801980198019802 0.721246399047171 0.0014282106911825169
potential 0.0009900990099009901 0.958607314841775 0.0009491161533086881
target 0.0009900990099009901 1.045757490560675 0.0010354034560006683
numerous 0.0009900990099009901 0.721246399047171 0.0007141053455912584
death 0.0009900990099009901 0.2365720064370627 0.00023422970934362642
threat 0.0009900990099009901 1.0969100130080565 0.0010860495178297588
traumatizing 0.0009900990099009901 2.0 0.0019801980198019802
experience 0.0009900990099009901 0.619788758288394 0.000613652235929103
traumatized 0.0009900990099009901 2.0 0.0019801980198019802
long 0.0009900990099009901 0.4559319556497244 0.00045141777787101426
belief 0.0009900990099009901 1.3979400086720377 0.001384099018487166
accused 0.0029702970297029703 0.8239087409443188 0.002447253685973224
antisemitism 0.0019801980198019802 2.0 0.0039603960396039604
instance 0.0009900990099009901 1.3010299956639813 0.0012881485105583972
criticized 0.0009900990099009901 0.958607314841775 0.0009491161533086881
tweet 0.0009900990099009901 1.2218487496163564 0.0012097512372439172
declared 0.0009900990099009901 0.5528419686577808 0.0005473682857997829
benjamin 0.0009900990099009901 2.0 0.0019801980198019802
baby 0.0009900990099009901 0.8860566476931633 0.0008772838095971913
regard 0.0009900990099009901 2.0 0.0019801980198019802
supporter 0.0009900990099009901 0.9208187539523752 0.0009117017365865101
israel 0.0019801980198019802 1.2218487496163564 0.0024195024744878345
apologized 0.0009900990099009901 1.2218487496163564 0.0012097512372439172
antisemitic 0.0009900990099009901 2.0 0.0019801980198019802
trope 0.0009900990099009901 2.0 0.0019801980198019802
soon 0.0009900990099009901 0.40893539297350084 0.0004048865276965355
afterward 0.0009900990099009901 0.853871964321762 0.0008454177864571902
described 0.0009900990099009901 0.6989700043360189 0.000692049509243583
advocate 0.0009900990099009901 1.5228787452803376 0.0015078007379013244
promoting 0.0009900990099009901 1.2218487496163564 0.0012097512372439172
allegiance 0.0009900990099009901 1.5228787452803376 0.0015078007379013244
foreign 0.0019801980198019802 0.7447274948966939 0.0014747079106865225
rebuke 0.0009900990099009901 1.5228787452803376 0.0015078007379013244
resolution 0.0019801980198019802 1.0969100130080565 0.0021720990356595177
condemning 0.0009900990099009901 1.6989700043360187 0.001682148519144573
form 0.0009900990099009901 1.3010299956639813 0.0012881485105583972
bigotry 0.0009900990099009901 1.5228787452803376 0.0015078007379013244
march 0.0019801980198019802 0.27572413039921095 0.0005459883770281406
condemned 0.0009900990099009901 1.3010299956639813 0.0012881485105583972
islamophobia 0.0009900990099009901 2.0 0.0019801980198019802
step 0.0009900990099009901 0.7958800173440752 0.0007880000171723517
million 0.0009900990099009901 0.958607314841775 0.0009491161533086881
finally 0.0009900990099009901 0.7447274948966939 0.0007373539553432613
feel 0.0009900990099009901 0.8860566476931633 0.0008772838095971913
powerful 0.0009900990099009901 0.721246399047171 0.0007141053455912584
body 0.0009900990099009901 0.5686362358410126 0.0005630061741000125
able 0.0009900990099009901 0.7447274948966939 0.0007373539553432613
see 0.0029702970297029703 0.04575749056067514 0.0001359133382990351
acknowledge 0.0009900990099009901 1.1549019599857433 0.0011434672871145973
existence 0.0009900990099009901 1.3979400086720377 0.001384099018487166
explained 0.0009900990099009901 1.0 0.0009900990099009901
past 0.0009900990099009901 0.6989700043360189 0.000692049509243583
earlier 0.0009900990099009901 0.9208187539523752 0.0009117017365865101
statement 0.0009900990099009901 1.2218487496163564 0.0012097512372439172
talk 0.0009900990099009901 0.6989700043360189 0.000692049509243583
saudi 0.0009900990099009901 1.6989700043360187 0.001682148519144573
blood 0.0009900990099009901 1.045757490560675 0.0010354034560006683
money 0.0009900990099009901 0.6575773191777938 0.0006510666526512811
bloodsucker 0.0009900990099009901 2.0 0.0019801980198019802
say 0.0009900990099009901 1.045757490560675 0.0010354034560006683
islamophobic 0.0009900990099009901 2.0 0.0019801980198019802
another 0.0009900990099009901 0.40893539297350084 0.0004048865276965355
problem 0.0009900990099009901 0.958607314841775 0.0009491161533086881
learn 0.0009900990099009901 1.0 0.0009900990099009901
tied 0.0009900990099009901 1.2218487496163564 0.0012097512372439172
word 0.0009900990099009901 0.7447274948966939 0.0007373539553432613
someone 0.0009900990099009901 1.0 0.0009900990099009901
understanding 0.0009900990099009901 1.2218487496163564 0.0012097512372439172
personal 0.0009900990099009901 0.3372421683184259 0.00033390313694893654
ahmed 0.0019801980198019802 2.0 0.0039603960396039604
abdisalan 0.0009900990099009901 2.0 0.0019801980198019802
hirsi 0.0039603960396039604 2.0 0.007920792079207921
religious 0.0019801980198019802 0.958607314841775 0.0018982323066173762
ceremony 0.0009900990099009901 0.958607314841775 0.0009491161533086881
together 0.0009900990099009901 0.431798275933005 0.00042752304547822277
daughter 0.0029702970297029703 0.31875876262441283 0.0009468082058150876
isra 0.0009900990099009901 2.0 0.0019801980198019802
son 0.0009900990099009901 0.28399665636520083 0.00028118480828237703
adnan 0.0009900990099009901 2.0 0.0019801980198019802
couple 0.0009900990099009901 0.40893539297350084 0.0004048865276965355
relationship 0.0009900990099009901 0.5228787452803376 0.0005177017280003342
deteriorated 0.0009900990099009901 1.6989700043360187 0.001682148519144573
followed 0.0009900990099009901 0.5528419686577808 0.0005473682857997829
islamic 0.0009900990099009901 1.1549019599857433 0.0011434672871145973
procedure 0.0009900990099009901 1.6989700043360187 0.001682148519144573
union 0.0009900990099009901 0.7447274948966939 0.0007373539553432613
legally 0.0049504950495049506 1.2218487496163564 0.006048756186219586
trouble 0.0009900990099009901 1.2218487496163564 0.0012097512372439172
coping 0.0009900990099009901 1.6989700043360187 0.001682148519144573
marriage 0.0029702970297029703 0.5376020021010439 0.0015968376300031007
far 0.0009900990099009901 1.0 0.0009900990099009901
shave 0.0009900990099009901 2.0 0.0019801980198019802
eloped 0.0009900990099009901 2.0 0.0019801980198019802
british 0.0009900990099009901 0.6989700043360189 0.000692049509243583
nur 0.0009900990099009901 2.0 0.0019801980198019802
elmi 0.0049504950495049506 2.0 0.009900990099009901
man 0.0009900990099009901 0.37675070960209955 0.0003730205045565342
without 0.0009900990099009901 0.7695510786217261 0.00076193176101161
substantiating 0.0009900990099009901 2.0 0.0019801980198019802
divorce 0.0029702970297029703 1.0 0.0029702970297029703
reconciled 0.0009900990099009901 1.6989700043360187 0.001682148519144573
third 0.0009900990099009901 0.4202164033831899 0.0004160558449338514
ilwad 0.0009900990099009901 2.0 0.0019801980198019802
though 0.0009900990099009901 0.3665315444204135 0.0003629025192281322
remained 0.0009900990099009901 0.585026652029182 0.0005792343089397842
filed 0.0019801980198019802 0.7958800173440752 0.0015760000343447034
joint 0.0009900990099009901 1.0969100130080565 0.0010860495178297588
tax 0.0019801980198019802 1.8927900303521317 0.003748099070004221
return 0.0009900990099009901 1.6989700043360187 0.001682148519144573
paid 0.0009900990099009901 1.0 0.0009900990099009901
fine 0.0009900990099009901 1.3979400086720377 0.001384099018487166
rectify 0.0009900990099009901 2.0 0.0019801980198019802
matter 0.0009900990099009901 0.853871964321762 0.0008454177864571902
divorcing 0.0009900990099009901 2.0 0.0019801980198019802
wed 0.0019801980198019802 1.045757490560675 0.0020708069120013366
officially 0.0009900990099009901 0.6989700043360189 0.000692049509243583
november 0.0009900990099009901 0.24412514432750856 0.00024170806369060255
islamically 0.0009900990099009901 2.0 0.0019801980198019802
tim 0.0009900990099009901 1.0969100130080565 0.0010860495178297588
mynett 0.0009900990099009901 2.0 0.0019801980198019802
consultant 0.0009900990099009901 0.958607314841775 0.0009491161533086881
former 0.0009900990099009901 0.27572413039921095 0.0002729941885140703
wife 0.0009900990099009901 0.3098039199714864 0.00030673655442721426
affair 0.0019801980198019802 1.6903698325741012 0.0033472669951962403
petition 0.0009900990099009901 1.6989700043360187 0.001682148519144573
check 0.0009900990099009901 0.07058107428570728 6.988225176802702e-05
strive 0.0009900990099009901 0.07058107428570728 6.988225176802702e-05
accuracy 0.0009900990099009901 0.07058107428570728 6.988225176802702e-05
fairness 0.0009900990099009901 0.07058107428570728 6.988225176802702e-05
something 0.0009900990099009901 0.07058107428570728 6.988225176802702e-05
right 0.0009900990099009901 0.07058107428570728 6.988225176802702e-05
citation 0.0009900990099009901 0.07058107428570728 6.988225176802702e-05
information 0.0009900990099009901 0.07058107428570728 6.988225176802702e-05
article 0.0009900990099009901 0.07058107428570728 6.988225176802702e-05
title 0.0019801980198019802 0.07058107428570728 0.00013976450353605404
author 0.0009900990099009901 0.06048074738138145 5.988192810037767e-05
com 0.0019801980198019802 0.06048074738138145 0.00011976385620075534
editor 0.0009900990099009901 0.1023729087095586 0.00010135931555401842
website 0.0019801980198019802 0.0655015487564323 0.0001297060371414501
url 0.0009900990099009901 0.07058107428570728 6.988225176802702e-05
access 0.0009900990099009901 0.07058107428570728 6.988225176802702e-05
publisher 0.0009900990099009901 0.07058107428570728 6.988225176802702e-05
e 0.0019801980198019802 0.04575749056067514 9.060889219935672e-05
television 0.0019801980198019802 0.04575749056067514 9.060889219935672e-05
network 0.0019801980198019802 0.04575749056067514 9.060889219935672e-05
last 0.0009900990099009901 0.0655015487564323 6.485301857072505e-05
updated 0.0009900990099009901 0.07058107428570728 6.988225176802702e-05
april 0.0019801980198019802 0.1549019599857432 0.00030673655442721426
original 0.0009900990099009901 0.0655015487564323 6.485301857072505e-05
receive 0.0009900990099009901 0.05551732784983141 5.496765133646675e-05
story 0.0029702970297029703 0.05551732784983141 0.00016490295400940023
shaped 0.0019801980198019802 0.05551732784983141 0.0001099353026729335
sign 0.0009900990099009901 0.05551732784983141 5.496765133646675e-05
person 0.00891089108910891 0.05060999335508724 0.0004509801388077081
palestinian 0.0009900990099009901 1.3010299956639813 0.0012881485105583972
nancy 0.0019801980198019802 1.0 0.0019801980198019802
pelosi 0.0019801980198019802 1.0969100130080565 0.0021720990356595177
female 0.0019801980198019802 0.6020599913279624 0.0011921980026296285
leader 0.0009900990099009901 0.37675070960209955 0.0003730205045565342
speaker 0.0009900990099009901 0.7447274948966939 0.0007373539553432613
color 0.0009900990099009901 1.0969100130080565 0.0010860495178297588
massachusetts 0.0009900990099009901 0.7695510786217261 0.00076193176101161
patsy 0.0019801980198019802 2.0 0.0039603960396039604
mink 0.0019801980198019802 2.0 0.0039603960396039604
asian 0.0009900990099009901 1.3010299956639813 0.0012881485105583972
championed 0.0009900990099009901 1.1549019599857433 0.0011434672871145973
expanding 0.0009900990099009901 1.045757490560675 0.0010354034560006683
via 0.0009900990099009901 0.5086383061657272 0.0005036022833324032
ix 0.0009900990099009901 2.0 0.0019801980198019802
legislation 0.0009900990099009901 0.8239087409443188 0.0008157512286577414
barack 0.0019801980198019802 0.3872161432802645 0.0007667646401589396
obama 0.0019801980198019802 0.37675070960209955 0.0007460410091130684
president 0.0029702970297029703 0.16749108729376372 0.0004974982790903873
african 0.0009900990099009901 0.28399665636520083 0.00028118480828237703
serve 0.0009900990099009901 0.5086383061657272 0.0005036022833324032
rutherford 0.0019801980198019802 1.6989700043360187 0.003364297038289146
b 0.0019801980198019802 0.37675070960209955 0.0007460410091130684
hayes 0.0019801980198019802 1.6989700043360187 0.003364297038289146
oversaw 0.0009900990099009901 1.1549019599857433 0.0011434672871145973
rebuilding 0.0009900990099009901 1.6989700043360187 0.001682148519144573
effort 0.0009900990099009901 0.5376020021010439 0.0005322792100010336
reconstruction 0.0009900990099009901 1.1549019599857433 0.0011434672871145973
joseph 0.0019801980198019802 0.585026652029182 0.0011584686178795684
p 0.0019801980198019802 0.9208187539523752 0.0018234034731730202
iii 0.0009900990099009901 1.045757490560675 0.0010354034560006683
part 0.0009900990099009901 0.3372421683184259 0.00033390313694893654
famed 0.0009900990099009901 0.8860566476931633 0.0008772838095971913
dynasty 0.0009900990099009901 1.3010299956639813 0.0012881485105583972
latest 0.0009900990099009901 1.3010299956639813 0.0012881485105583972
public 0.0009900990099009901 0.2596373105057561 0.0002570666440651051
taking 0.0009900990099009901 0.6020599913279624 0.0005960990013148143
retiring 0.0009900990099009901 1.3010299956639813 0.0012881485105583972
barney 0.0009900990099009901 1.3010299956639813 0.0012881485105583972
frank 0.0009900990099009901 0.853871964321762 0.0008454177864571902
madeleine 0.0019801980198019802 1.5228787452803376 0.0030156014758026487
albright 0.0019801980198019802 1.5228787452803376 0.0030156014758026487
secretary 0.0009900990099009901 0.638272163982407 0.0006319526376063437
bill 0.0009900990099009901 0.4202164033831899 0.0004160558449338514
clinton 0.0009900990099009901 0.5228787452803376 0.0005177017280003342
ted 0.0019801980198019802 1.3010299956639813 0.0025762970211167945
known 0.0009900990099009901 0.06048074738138145 5.988192810037767e-05
lion 0.0009900990099009901 1.2218487496163564 0.0012097512372439172
senate 0.0009900990099009901 0.5686362358410126 0.0005630061741000125
democrat 0.0009900990099009901 0.7958800173440752 0.0007880000171723517
staunch 0.0009900990099009901 1.0 0.0009900990099009901
liberal 0.0009900990099009901 0.8860566476931633 0.0008772838095971913
nine 0.0009900990099009901 0.8239087409443188 0.0008157512286577414
spearheading 0.0009900990099009901 1.3010299956639813 0.0012881485105583972
legislative 0.0009900990099009901 0.8239087409443188 0.0008157512286577414
reform 0.0009900990099009901 1.2218487496163564 0.0012097512372439172
loading 0.0009900990099009901 0.04575749056067514 4.530444609967836e-05
logo 0.0009900990099009901 0.04575749056067514 4.530444609967836e-05
registered 0.0009900990099009901 0.04575749056067514 4.530444609967836e-05
trademark 0.0009900990099009901 0.04575749056067514 4.530444609967836e-05
llc 0.0009900990099009901 0.04575749056067514 4.530444609967836e-05
close 0.0039603960396039604 0.04575749056067514 0.00018121778439871345
