chelsea 0.01048951048951049 1.1549019599857433 0.012114356223626678
manning 0.04825174825174825 1.3979400086720377 0.06745304936948993
life 0.005594405594405594 0.13679614097137055 0.0007652930963433318
jail 0.002097902097902098 1.0969100130080565 0.002301209817499419
fact 0.002097902097902098 0.14116214857141457 0.0002961443676323383
biography 0.006993006993006993 0.04575749056067514 0.00031998245147325273
skip 0.0006993006993006993 0.04575749056067514 3.199824514732527e-05
main 0.0006993006993006993 0.04575749056067514 3.199824514732527e-05
content 0.0006993006993006993 0.04575749056067514 3.199824514732527e-05
people 0.0048951048951048955 0.04575749056067514 0.00022398771603127695
nostalgia 0.002097902097902098 0.04575749056067514 9.599473544197582e-05
celebrity 0.002097902097902098 0.04575749056067514 9.599473544197582e-05
history 0.0048951048951048955 0.04575749056067514 0.00022398771603127695
culture 0.002097902097902098 0.04575749056067514 9.599473544197582e-05
crime 0.002097902097902098 0.04575749056067514 9.599473544197582e-05
scandal 0.002097902097902098 0.04575749056067514 9.599473544197582e-05
video 0.0034965034965034965 0.8696662315049939 0.0030407910192482303
contact 0.0034965034965034965 0.04575749056067514 0.00015999122573662637
u 0.006293706293706293 0.20065945054641832 0.0012628916467956398
advertise 0.0013986013986013986 0.04575749056067514 6.399649029465054e-05
privacy 0.002097902097902098 0.04575749056067514 9.599473544197582e-05
notice 0.0013986013986013986 0.04575749056067514 6.399649029465054e-05
term 0.002097902097902098 0.5406075122407692 0.0011341416340715437
use 0.002097902097902098 0.04575749056067514 9.599473544197582e-05
copyright 0.0013986013986013986 0.04575749056067514 6.399649029465054e-05
policy 0.0013986013986013986 0.04575749056067514 6.399649029465054e-05
ad 0.0013986013986013986 0.04575749056067514 6.399649029465054e-05
choice 0.002797202797202797 0.9318141382538384 0.0026064731139967506
accessibility 0.0013986013986013986 0.04575749056067514 6.399649029465054e-05
support 0.002097902097902098 0.04575749056067514 9.599473544197582e-05
setting 0.0006993006993006993 0.04575749056067514 3.199824514732527e-05
february 0.002797202797202797 0.04575749056067514 0.0001279929805893011
subscribe 0.0013986013986013986 0.04575749056067514 6.399649029465054e-05
newsletter 0.002097902097902098 0.04575749056067514 9.599473544197582e-05
photo 0.002097902097902098 0.12493873660829993 0.00026210923763979007
david 0.0006993006993006993 0.7695510786217261 0.0005381476074277805
benett 0.0013986013986013986 2.0 0.002797202797202797
dave 0.0006993006993006993 2.0 0.0013986013986013986
getty 0.0006993006993006993 0.2291479883578558 0.00016024334850199705
image 0.0006993006993006993 0.2218487496163564 0.00015513898574570376
quick 0.0006993006993006993 0.07058107428570728 4.935739460538971e-05
name 0.002097902097902098 0.05551732784983141 0.00011646991856607989
birth 0.0013986013986013986 0.07058107428570728 9.871478921077941e-05
date 0.002797202797202797 0.07058107428570728 0.00019742957842155883
december 0.0013986013986013986 0.40893539297350084 0.0005719376125503508
age 0.0006993006993006993 0.11350927482751813 7.93771152639987e-05
place 0.0013986013986013986 0.07572071393811834 0.00010590309641694873
crescent 0.0013986013986013986 2.0 0.002797202797202797
oklahoma 0.0013986013986013986 1.5228787452803376 0.002129900343049423
zodiac 0.0006993006993006993 0.3010299956639812 0.00021051048647830853
sign 0.0013986013986013986 0.05551732784983141 7.764661237738659e-05
sagittarius 0.0006993006993006993 1.3010299956639813 0.0009098111857790079
early 0.002097902097902098 0.07572071393811834 0.0001588546446254231
leak 0.002797202797202797 3.6989700043360187 0.010346769242897954
arrest 0.002097902097902098 0.8860566476931633 0.0018588601000555872
controversial 0.0013986013986013986 0.721246399047171 0.0010087362224435958
imprisonment 0.0034965034965034965 1.3979400086720377 0.0048879021282239084
charge 0.0034965034965034965 1.8794260687941502 0.006571419820958567
court 0.002797202797202797 0.4202164033831899 0.0011754304989739577
martial 0.002797202797202797 1.6989700043360187 0.00475236364849236
sentencing 0.002797202797202797 1.5228787452803376 0.004259800686098846
cite 0.0006993006993006993 0.07058107428570728 4.935739460538971e-05
page 0.0006993006993006993 0.07058107428570728 4.935739460538971e-05
quote 0.0006993006993006993 0.3872161432802645 0.00027078051977640874
want 0.0034965034965034965 0.585026652029182 0.0020455477343677693
see 0.002097902097902098 0.04575749056067514 9.599473544197582e-05
truth 0.0006993006993006993 0.9208187539523752 0.0006439291985680946
regardless 0.0006993006993006993 1.2218487496163564 0.0008544396850464031
without 0.0006993006993006993 0.7695510786217261 0.0005381476074277805
information 0.008391608391608392 0.07058107428570728 0.0005922887352646766
cannot 0.0006993006993006993 1.045757490560675 0.0007312989444480245
make 0.0006993006993006993 0.3872161432802645 0.00027078051977640874
informed 0.0006993006993006993 1.5228787452803376 0.0010649501715247116
decision 0.0006993006993006993 1.3979400086720377 0.0009775804256447816
public 0.0013986013986013986 0.2596373105057561 0.0003631291056024561
feel 0.0013986013986013986 0.8860566476931633 0.001239240066703725
bizarre 0.0006993006993006993 1.3979400086720377 0.0009775804256447816
reason 0.0006993006993006993 1.0969100130080565 0.000767069939166473
might 0.0013986013986013986 0.853871964321762 0.00119422652352694
actually 0.0006993006993006993 1.045757490560675 0.0007312989444480245
change 0.0006993006993006993 0.5686362358410126 0.0003976477173713375
something 0.0013986013986013986 0.07058107428570728 9.871478921077941e-05
maybe 0.0006993006993006993 1.6989700043360187 0.00118809091212309
young 0.0013986013986013986 0.3010299956639812 0.00042102097295661705
naive 0.0006993006993006993 2.0 0.0013986013986013986
stupid 0.0006993006993006993 1.6989700043360187 0.00118809091212309
listened 0.0006993006993006993 1.6989700043360187 0.00118809091212309
lip 0.0006993006993006993 1.6989700043360187 0.00118809091212309
synced 0.0006993006993006993 2.0 0.0013986013986013986
lady 0.0006993006993006993 0.6575773191777938 0.0004598442791453104
gaga 0.0006993006993006993 1.5228787452803376 0.0010649501715247116
telephone 0.0006993006993006993 1.5228787452803376 0.0010649501715247116
exfiltrating 0.0006993006993006993 2.0 0.0013986013986013986
possibly 0.0006993006993006993 1.3010299956639813 0.0009098111857790079
largest 0.0006993006993006993 1.045757490560675 0.0007312989444480245
data 0.0006993006993006993 1.5228787452803376 0.0010649501715247116
spillage 0.0006993006993006993 2.0 0.0013986013986013986
american 0.002797202797202797 0.1023729087095586 0.0002863577866001639
pretty 0.0006993006993006993 1.0969100130080565 0.000767069939166473
simple 0.0006993006993006993 1.3010299956639813 0.0009098111857790079
unglamorous 0.0006993006993006993 2.0 0.0013986013986013986
one 0.004195804195804196 0.08092190762392613 0.0003395324795409488
suspected 0.0006993006993006993 1.6989700043360187 0.00118809091212309
thing 0.0006993006993006993 0.7447274948966939 0.000520788457969716
wanted 0.0006993006993006993 0.5528419686577808 0.00038660277528516137
nice 0.0006993006993006993 1.6989700043360187 0.00118809091212309
live 0.0013986013986013986 0.431798275933005 0.0006039136726335735
normal 0.0006993006993006993 1.3010299956639813 0.0009098111857790079
unprecedented 0.0006993006993006993 1.3010299956639813 0.0009098111857790079
access 0.002797202797202797 0.07058107428570728 0.00019742957842155883
classified 0.0048951048951048955 1.3979400086720377 0.006843062979513472
network 0.002097902097902098 0.04575749056067514 9.599473544197582e-05
hour 0.0013986013986013986 0.9208187539523752 0.0012878583971361892
day 0.004195804195804196 0.7013652168755644 0.002942791119757613
seven 0.0013986013986013986 0.619788758288394 0.000866837424179572
week 0.0013986013986013986 1.5654310959658013 0.0021894141202318898
eight 0.0013986013986013986 0.6989700043360189 0.0009775804256447816
plus 0.0006993006993006993 1.0969100130080565 0.000767069939166473
month 0.002797202797202797 1.016824927962187 0.0028442655327613623
would 0.0034965034965034965 0.2291479883578558 0.0008012167425099853
transition 0.0013986013986013986 1.0969100130080565 0.001534139878332946
next 0.002797202797202797 0.07058107428570728 0.00019742957842155883
phase 0.0013986013986013986 1.3979400086720377 0.001955160851289563
everyone 0.0013986013986013986 1.0 0.0013986013986013986
know 0.0013986013986013986 0.4559319556497244 0.0006376670708387753
real 0.0013986013986013986 0.6989700043360189 0.0009775804256447816
female 0.0013986013986013986 0.6020599913279624 0.0008420419459132341
publish 0.0006993006993006993 0.07058107428570728 4.935739460538971e-05
jun 0.0006993006993006993 1.045757490560675 0.0007312989444480245
comment 0.0013986013986013986 0.07058107428570728 9.871478921077941e-05
army 0.0048951048951048955 0.7695510786217261 0.003767033251994464
intelligence 0.002797202797202797 0.958607314841775 0.0026814190624944753
analyst 0.002097902097902098 1.3979400086720377 0.002932741276934345
delivered 0.0006993006993006993 0.8239087409443188 0.0005761599587023208
hundred 0.0013986013986013986 1.045757490560675 0.001462597888896049
thousand 0.0013986013986013986 0.9208187539523752 0.0012878583971361892
document 0.002097902097902098 1.0969100130080565 0.002301209817499419
found 0.0034965034965034965 0.3372421683184259 0.0011791684206937968
troubling 0.0013986013986013986 1.3010299956639813 0.0018196223715580158
wikileaks 0.004195804195804196 1.3010299956639813 0.005458867114674047
sentenced 0.0034965034965034965 0.958607314841775 0.0033517738281180942
year 0.005594405594405594 0.24995468798823245 0.0013983479048292724
prison 0.006993006993006993 0.6020599913279624 0.004210209729566171
espionage 0.002097902097902098 1.5228787452803376 0.003194850514574135
theft 0.002097902097902098 1.5228787452803376 0.003194850514574135
born 0.0013986013986013986 0.09151498112135023 0.00012799298058930103
bradley 0.002097902097902098 1.5228787452803376 0.003194850514574135
joined 0.0013986013986013986 0.4685210829577449 0.000655274241898944
sent 0.0013986013986013986 0.853871964321762 0.00119422652352694
iraq 0.0034965034965034965 0.853871964321762 0.00298556630881735
described 0.0006993006993006993 0.6989700043360189 0.0004887902128223908
profoundly 0.0013986013986013986 2.0 0.002797202797202797
gave 0.002097902097902098 0.6020599913279624 0.0012630629188698512
much 0.0006993006993006993 0.37675070960209955 0.0002634620346867829
later 0.002797202797202797 0.09151498112135023 0.00025598596117860207
arrested 0.0013986013986013986 0.8239087409443188 0.0011523199174046416
action 0.002097902097902098 1.2628073572952627 0.0026492462041159356
reported 0.0013986013986013986 0.7447274948966939 0.001041576915939432
government 0.0006993006993006993 0.494850021680094 0.00034604896620985594
hacker 0.002097902097902098 2.0 0.004195804195804196
confidant 0.0006993006993006993 2.0 0.0013986013986013986
xa 0.015384615384615385 0.17392519729917358 0.002675772266141132
july 0.002797202797202797 0.37675070960209955 0.0010538481387471316
guilty 0.0048951048951048955 0.7958800173440752 0.003895916168817152
aiding 0.002097902097902098 2.0 0.004195804195804196
enemy 0.002097902097902098 1.1549019599857433 0.0024228712447253355
president 0.002097902097902098 0.16749108729376372 0.0003513799034134903
barack 0.0013986013986013986 0.3872161432802645 0.0005415610395528175
obama 0.002797202797202797 0.37675070960209955 0.0010538481387471316
commuted 0.0006993006993006993 1.6989700043360187 0.00118809091212309
remaining 0.0013986013986013986 1.0 0.0013986013986013986
sentence 0.0048951048951048955 0.8239087409443188 0.004033119710916246
released 0.002797202797202797 0.3010299956639812 0.0008420419459132341
may 0.005594405594405594 0.3098039199714864 0.0017331687830572664
announced 0.002097902097902098 0.40893539297350084 0.0008579064188255262
transgender 0.002097902097902098 1.0969100130080565 0.002301209817499419
hence 0.0006993006993006993 1.5228787452803376 0.0010649501715247116
legally 0.0013986013986013986 1.2218487496163564 0.0017088793700928062
recognized 0.0013986013986013986 1.0 0.0013986013986013986
elizabeth 0.0013986013986013986 0.7695510786217261 0.001076295214855561
child 0.0006993006993006993 0.2924298239020636 0.00020449638035109345
highly 0.0006993006993006993 0.9208187539523752 0.0006439291985680946
intelligent 0.0006993006993006993 2.0 0.0013986013986013986
showed 0.002097902097902098 0.8239087409443188 0.0017284798761069624
affinity 0.0006993006993006993 1.6989700043360187 0.00118809091212309
computer 0.0013986013986013986 3.221848749616356 0.004506082167295603
though 0.0013986013986013986 0.3665315444204135 0.000512631530657921
presenting 0.0006993006993006993 1.3979400086720377 0.0009775804256447816
boy 0.0006993006993006993 0.7958800173440752 0.0005565594526881645
youth 0.0006993006993006993 0.958607314841775 0.0006703547656236188
dressed 0.0006993006993006993 1.5228787452803376 0.0010649501715247116
girl 0.0006993006993006993 0.6989700043360189 0.0004887902128223908
time 0.004195804195804196 0.4791236183116582 0.0020103088880209434
private 0.0013986013986013986 0.6020599913279624 0.0008420419459132341
feeling 0.0006993006993006993 0.8239087409443188 0.0005761599587023208
alienated 0.0006993006993006993 1.3979400086720377 0.0009775804256447816
fearful 0.0006993006993006993 2.0 0.0013986013986013986
secret 0.0006993006993006993 0.8860566476931633 0.0006196200333518625
bullied 0.0013986013986013986 1.1549019599857433 0.001615247496483557
school 0.0006993006993006993 0.14874165128092467 0.00010401514075589138
mother 0.0013986013986013986 0.21467016498923297 0.00030023799299193425
also 0.0013986013986013986 0.0861861476162833 0.00012054006659620043
attempted 0.0013986013986013986 1.045757490560675 0.001462597888896049
suicide 0.0048951048951048955 2.657577319177794 0.013009119744226964
point 0.0013986013986013986 0.7447274948966939 0.001041576915939432
father 0.002097902097902098 0.14874165128092467 0.00031204542226767417
paint 0.0006993006993006993 1.3979400086720377 0.0009775804256447816
stable 0.0006993006993006993 2.0 0.0013986013986013986
picture 0.0006993006993006993 0.9208187539523752 0.0006439291985680946
household 0.0006993006993006993 1.0 0.0006993006993006993
joining 0.0006993006993006993 0.7695510786217261 0.0005381476074277805
parent 0.0006993006993006993 0.4559319556497244 0.0003188335354193877
split 0.0006993006993006993 0.9208187539523752 0.0006439291985680946
lived 0.0013986013986013986 0.6020599913279624 0.0008420419459132341
teen 0.0006993006993006993 1.1549019599857433 0.0008076237482417785
wale 0.0006993006993006993 1.6989700043360187 0.00118809091212309
peer 0.0006993006993006993 1.6989700043360187 0.00118809091212309
eventually 0.0013986013986013986 0.3979400086720376 0.0005565594526881645
moved 0.002097902097902098 0.3872161432802645 0.0008123415593292262
back 0.0013986013986013986 0.4202164033831899 0.0005877152494869789
united 0.002797202797202797 0.18708664335714445 0.0005233192821178866
state 0.0034965034965034965 0.4930892744484819 0.0017240883721974891
stepmother 0.0013986013986013986 1.5228787452803376 0.002129900343049423
former 0.002097902097902098 0.27572413039921095 0.0005784422316067363
soldier 0.0006993006993006993 2.0 0.0013986013986013986
family 0.0006993006993006993 0.11918640771920867 8.33471382651809e-05
major 0.0006993006993006993 0.4202164033831899 0.00029385762474348943
clash 0.0006993006993006993 1.5228787452803376 0.0010649501715247116
lost 0.0006993006993006993 0.6989700043360189 0.0004887902128223908
tech 0.0006993006993006993 1.5228787452803376 0.0010649501715247116
job 0.0006993006993006993 0.5686362358410126 0.0003976477173713375
called 0.0013986013986013986 0.3010299956639812 0.00042102097295661705
police 0.0013986013986013986 0.5376020021010439 0.0007518909120294321
particularly 0.0013986013986013986 1.0 0.0013986013986013986
volatile 0.0006993006993006993 2.0 0.0013986013986013986
confrontation 0.0006993006993006993 1.2218487496163564 0.0008544396850464031
homeless 0.0006993006993006993 2.0 0.0013986013986013986
living 0.0013986013986013986 0.619788758288394 0.000866837424179572
pickup 0.0006993006993006993 2.0 0.0013986013986013986
truck 0.0006993006993006993 2.0 0.0013986013986013986
moving 0.0006993006993006993 0.8860566476931633 0.0006196200333518625
paternal 0.0006993006993006993 1.5228787452803376 0.0010649501715247116
aunt 0.0006993006993006993 1.5228787452803376 0.0010649501715247116
behest 0.0006993006993006993 1.3979400086720377 0.0009775804256447816
girded 0.0006993006993006993 2.0 0.0013986013986013986
thought 0.0006993006993006993 1.1549019599857433 0.0008076237482417785
serving 0.0006993006993006993 0.48148606012211254 0.00033670353854693187
country 0.0006993006993006993 0.27572413039921095 0.0001928140772022454
believing 0.0006993006993006993 1.045757490560675 0.0007312989444480245
military 0.002797202797202797 0.5528419686577808 0.0015464111011406455
environment 0.0006993006993006993 1.2218487496163564 0.0008544396850464031
mitigate 0.0006993006993006993 2.0 0.0013986013986013986
desire 0.0006993006993006993 1.0 0.0006993006993006993
exist 0.0006993006993006993 1.3979400086720377 0.0009775804256447816
openly 0.0006993006993006993 1.0969100130080565 0.000767069939166473
woman 0.0006993006993006993 0.3979400086720376 0.00027827972634408225
initially 0.0006993006993006993 0.7695510786217261 0.0005381476074277805
target 0.0006993006993006993 1.045757490560675 0.0007312989444480245
severe 0.0006993006993006993 1.045757490560675 0.0007312989444480245
bullying 0.0006993006993006993 1.3010299956639813 0.0009098111857790079
well 0.0013986013986013986 0.20065945054641826 0.00028064258817680875
besieged 0.0006993006993006993 2.0 0.0013986013986013986
emotionally 0.0006993006993006993 1.6989700043360187 0.00118809091212309
suffering 0.0006993006993006993 0.7958800173440752 0.0005565594526881645
lashed 0.0006993006993006993 2.0 0.0013986013986013986
superior 0.0006993006993006993 1.3979400086720377 0.0009775804256447816
officer 0.0013986013986013986 1.9829666607012197 0.002773379945036671
posting 0.0006993006993006993 1.5228787452803376 0.0010649501715247116
fort 0.002097902097902098 1.5228787452803376 0.003194850514574135
drum 0.0006993006993006993 2.0 0.0013986013986013986
new 0.002097902097902098 0.14266750356873154 0.0002993024550392969
york 0.0013986013986013986 0.3467874862246563 0.0004850174632512676
happy 0.0006993006993006993 1.045757490560675 0.0007312989444480245
moment 0.0006993006993006993 1.0 0.0006993006993006993
began 0.0006993006993006993 0.20065945054641826 0.00014032129408840437
dating 0.0006993006993006993 1.0969100130080565 0.000767069939166473
tyler 0.0006993006993006993 1.3979400086720377 0.0009775804256447816
watkins 0.0006993006993006993 2.0 0.0013986013986013986
brandeis 0.0006993006993006993 2.0 0.0013986013986013986
university 0.0006993006993006993 0.2596373105057561 0.00018156455280122805
student 0.002097902097902098 1.4559319556497243 0.003054402704160261
introduced 0.0006993006993006993 0.9208187539523752 0.0006439291985680946
boston 0.0006993006993006993 1.2218487496163564 0.0008544396850464031
community 0.0006993006993006993 0.48148606012211254 0.00033670353854693187
domain 0.0006993006993006993 2.0 0.0013986013986013986
via 0.002097902097902098 0.5086383061657272 0.0010670733695784488
wikimedia 0.0006993006993006993 1.3010299956639813 0.0009098111857790079
common 0.0006993006993006993 1.3010299956639813 0.0009098111857790079
stationed 0.0006993006993006993 1.6989700043360187 0.00118809091212309
forward 0.0006993006993006993 0.7695510786217261 0.0005381476074277805
operating 0.0006993006993006993 1.6989700043360187 0.00118809091212309
base 0.0013986013986013986 1.0 0.0013986013986013986
hammer 0.0006993006993006993 1.2218487496163564 0.0008544396850464031
isolated 0.0006993006993006993 2.0 0.0013986013986013986
site 0.0006993006993006993 0.853871964321762 0.00059711326176347
near 0.0006993006993006993 0.8860566476931633 0.0006196200333518625
iranian 0.0006993006993006993 1.3010299956639813 0.0009098111857790079
border 0.0006993006993006993 0.958607314841775 0.0006703547656236188
duty 0.0006993006993006993 1.5228787452803376 0.0010649501715247116
great 0.0006993006993006993 0.5228787452803376 0.00036564947222401234
deal 0.0006993006993006993 0.5528419686577808 0.00038660277528516137
including 0.002797202797202797 0.2365720064370627 0.0006617398781456299
unarmed 0.0006993006993006993 1.5228787452803376 0.0010649501715247116
civilian 0.0013986013986013986 1.3010299956639813 0.0018196223715580158
shot 0.0013986013986013986 0.958607314841775 0.0013407095312472376
killed 0.0013986013986013986 0.6989700043360189 0.0009775804256447816
horrified 0.0006993006993006993 2.0 0.0013986013986013986
reportedly 0.0013986013986013986 0.721246399047171 0.0010087362224435958
made 0.002097902097902098 0.1804560644581313 0.0003785791562058699
first 0.002097902097902098 0.0655015487564323 0.00013741583655195588
julian 0.0006993006993006993 1.5228787452803376 0.0010649501715247116
assange 0.002097902097902098 1.5228787452803376 0.003194850514574135
november 0.0006993006993006993 0.24412514432750856 0.0001707168841451109
attempt 0.002097902097902098 1.540607512240769 0.0032320437319736414
washington 0.0013986013986013986 0.3979400086720376 0.0005565594526881645
post 0.0006993006993006993 0.6989700043360189 0.0004887902128223908
work 0.0006993006993006993 0.2218487496163564 0.00015513898574570376
proceeded 0.0013986013986013986 1.3979400086720377 0.001955160851289563
amass 0.0006993006993006993 2.0 0.0013986013986013986
included 0.002097902097902098 0.48148606012211254 0.0010101106156407955
war 0.0006993006993006993 0.35654732351381263 0.0002493337926670018
log 0.0006993006993006993 2.0 0.0013986013986013986
afghanistan 0.0006993006993006993 1.1549019599857433 0.0008076237482417785
conflict 0.0006993006993006993 1.3010299956639813 0.0009098111857790079
cable 0.0006993006993006993 2.0 0.0013986013986013986
department 0.0013986013986013986 0.7447274948966939 0.001041576915939432
assessment 0.0006993006993006993 2.0 0.0013986013986013986
guant 0.0006993006993006993 1.6989700043360187 0.00118809091212309
xe 0.0006993006993006993 0.853871964321762 0.00059711326176347
namo 0.0006993006993006993 1.6989700043360187 0.00118809091212309
prisoner 0.0006993006993006993 1.3979400086720377 0.0009775804256447816
leave 0.0013986013986013986 0.6575773191777938 0.0009196885582906208
rockville 0.0006993006993006993 2.0 0.0013986013986013986
maryland 0.002097902097902098 1.045757490560675 0.0021938968333440733
passed 0.0006993006993006993 0.6777807052660807 0.0004739725211650914
amounted 0.0006993006993006993 1.3979400086720377 0.0009775804256447816
many 0.0006993006993006993 0.28399665636520083 0.00019859906039524532
april 0.002797202797202797 0.1549019599857432 0.0004332921957643166
organization 0.0006993006993006993 0.6777807052660807 0.0004739725211650914
helicopter 0.0006993006993006993 2.0 0.0013986013986013986
crew 0.0006993006993006993 2.0 0.0013986013986013986
shooting 0.0013986013986013986 0.958607314841775 0.0013407095312472376
confused 0.0006993006993006993 2.0 0.0013986013986013986
telephoto 0.0006993006993006993 2.0 0.0013986013986013986
lens 0.0006993006993006993 2.0 0.0013986013986013986
weaponry 0.0006993006993006993 2.0 0.0013986013986013986
release 0.004195804195804196 2.0915149811213505 0.008775587333376295
continued 0.002797202797202797 0.3372421683184259 0.0009433347365550375
throughout 0.0006993006993006993 0.6020599913279624 0.00042102097295661705
upon 0.0006993006993006993 0.721246399047171 0.0005043681112217979
return 0.0013986013986013986 0.7447274948966939 0.001041576915939432
behavioral 0.0006993006993006993 2.0 0.0013986013986013986
issue 0.0013986013986013986 1.3979400086720377 0.001955160851289563
attacking 0.0006993006993006993 2.0 0.0013986013986013986
demoted 0.0006993006993006993 2.0 0.0013986013986013986
told 0.0006993006993006993 0.44369749923271273 0.0003102779714914075
discharged 0.0013986013986013986 1.6989700043360187 0.00237618182424618
subsequently 0.0006993006993006993 0.7695510786217261 0.0005381476074277805
reached 0.0006993006993006993 0.721246399047171 0.0005043681112217979
stranger 0.0006993006993006993 1.6989700043360187 0.00118809091212309
online 0.0013986013986013986 1.0969100130080565 0.001534139878332946
adrian 0.0006993006993006993 2.0 0.0013986013986013986
lamo 0.002097902097902098 2.0 0.004195804195804196
using 0.0006993006993006993 0.7958800173440752 0.0005565594526881645
screen 0.0006993006993006993 1.0969100130080565 0.000767069939166473
bradass 0.0006993006993006993 2.0 0.0013986013986013986
confided 0.0006993006993006993 2.0 0.0013986013986013986
contacted 0.0006993006993006993 1.6989700043360187 0.00118809091212309
defense 0.0006993006993006993 0.7695510786217261 0.0005381476074277805
learned 0.0006993006993006993 0.6989700043360189 0.0004887902128223908
led 0.0006993006993006993 0.37675070960209955 0.0002634620346867829
imprisoned 0.0006993006993006993 1.5228787452803376 0.0010649501715247116
kuwait 0.0006993006993006993 1.6989700043360187 0.00118809091212309
became 0.0013986013986013986 0.07572071393811834 0.00010590309641694873
suicidal 0.0006993006993006993 2.0 0.0013986013986013986
returning 0.0006993006993006993 0.8860566476931633 0.0006196200333518625
marine 0.0006993006993006993 1.3010299956639813 0.0009098111857790079
virginia 0.0013986013986013986 0.8239087409443188 0.0011523199174046416
kept 0.0013986013986013986 0.8860566476931633 0.001239240066703725
solitary 0.0034965034965034965 2.0 0.006993006993006993
confinement 0.0034965034965034965 2.0 0.006993006993006993
unable 0.0006993006993006993 1.0969100130080565 0.000767069939166473
small 0.0006993006993006993 0.721246399047171 0.0005043681112217979
windowless 0.0006993006993006993 2.0 0.0013986013986013986
cell 0.002097902097902098 1.3010299956639813 0.0027294335573370236
deemed 0.0006993006993006993 1.3010299956639813 0.0009098111857790079
risk 0.0006993006993006993 1.0 0.0006993006993006993
watched 0.0006993006993006993 1.3979400086720377 0.0009775804256447816
constantly 0.0006993006993006993 1.6989700043360187 0.00118809091212309
sometimes 0.0006993006993006993 0.958607314841775 0.0006703547656236188
naked 0.0006993006993006993 2.0 0.0013986013986013986
permitted 0.0006993006993006993 1.5228787452803376 0.0010649501715247116
pillow 0.0006993006993006993 2.0 0.0013986013986013986
sheet 0.0006993006993006993 1.6989700043360187 0.00118809091212309
even 0.0013986013986013986 0.3665315444204135 0.000512631530657921
psychiatrist 0.0006993006993006993 2.0 0.0013986013986013986
said 0.002097902097902098 0.2518119729937996 0.0005282768664205586
longer 0.0006993006993006993 0.8239087409443188 0.0005761599587023208
danger 0.0006993006993006993 1.3979400086720377 0.0009775804256447816
condition 0.0013986013986013986 1.3010299956639813 0.0018196223715580158
improve 0.0006993006993006993 1.3010299956639813 0.0009098111857790079
word 0.0006993006993006993 1.1549019599857433 0.0008076237482417785
spread 0.0006993006993006993 1.2218487496163564 0.0008544396850464031
international 0.0006993006993006993 0.40893539297350084 0.0002859688062751754
outcry 0.0006993006993006993 1.5228787452803376 0.0010649501715247116
transferred 0.0006993006993006993 1.2218487496163564 0.0008544396850464031
leavenworth 0.0013986013986013986 2.0 0.002797202797202797
kansa 0.0006993006993006993 1.2218487496163564 0.0008544396850464031
allowed 0.0013986013986013986 0.7958800173440752 0.001113118905376329
personal 0.0006993006993006993 0.3372421683184259 0.0002358336841387594
effect 0.0006993006993006993 1.3979400086720377 0.0009775804256447816
windowed 0.0006993006993006993 2.0 0.0013986013986013986
january 0.0013986013986013986 0.2676062401770315 0.00037427446178605803
judge 0.002797202797202797 0.585026652029182 0.0016364381874942155
case 0.0006993006993006993 0.5228787452803376 0.00036564947222401234
ruled 0.0013986013986013986 0.7958800173440752 0.001113118905376329
unduly 0.0006993006993006993 2.0 0.0013986013986013986
harsh 0.0013986013986013986 1.2218487496163564 0.0017088793700928062
credit 0.0006993006993006993 1.0969100130080565 0.000767069939166473
june 0.0006993006993006993 0.28399665636520083 0.00019859906039524532
charged 0.0006993006993006993 0.7695510786217261 0.0005381476074277805
leaking 0.0013986013986013986 1.3979400086720377 0.001955160851289563
march 0.002097902097902098 0.27572413039921095 0.0005784422316067363
additional 0.0006993006993006993 0.853871964321762 0.00059711326176347
added 0.0013986013986013986 0.853871964321762 0.00119422652352694
accusation 0.0006993006993006993 1.3979400086720377 0.0009775804256447816
leaked 0.0006993006993006993 1.6989700043360187 0.00118809091212309
accessible 0.0006993006993006993 1.5228787452803376 0.0010649501715247116
al 0.0006993006993006993 0.7447274948966939 0.000520788457969716
qaeda 0.0006993006993006993 1.2218487496163564 0.0008544396850464031
pleaded 0.0006993006993006993 1.1549019599857433 0.0008076237482417785
storing 0.0006993006993006993 2.0 0.0013986013986013986
explained 0.0013986013986013986 1.0 0.0013986013986013986
intended 0.0006993006993006993 1.0 0.0006993006993006993
encourage 0.0006993006993006993 1.1549019599857433 0.0008076237482417785
debate 0.0013986013986013986 0.853871964321762 0.00119422652352694
harm 0.0006993006993006993 1.5228787452803376 0.0010649501715247116
plead 0.0006993006993006993 1.6989700043360187 0.00118809091212309
several 0.0013986013986013986 0.32790214206428253 0.00045860439449550006
count 0.0006993006993006993 1.3979400086720377 0.0009775804256447816
fraud 0.0006993006993006993 1.045757490560675 0.0007312989444480245
however 0.002097902097902098 0.32790214206428253 0.0006879065917432501
serious 0.0006993006993006993 0.958607314841775 0.0006703547656236188
faced 0.0013986013986013986 0.7695510786217261 0.001076295214855561
august 0.0006993006993006993 0.494850021680094 0.00034604896620985594
dishonorably 0.0006993006993006993 2.0 0.0013986013986013986
reduced 0.0013986013986013986 1.5228787452803376 0.002129900343049423
rank 0.0006993006993006993 1.6989700043360187 0.00118809091212309
forced 0.0006993006993006993 0.721246399047171 0.0005043681112217979
forfeit 0.0006993006993006993 2.0 0.0013986013986013986
pay 0.0013986013986013986 0.853871964321762 0.00119422652352694
read 0.0006993006993006993 0.0655015487564323 4.580527885065196e-05
bella 0.0006993006993006993 0.0655015487564323 4.580527885065196e-05
hadid 0.0006993006993006993 0.0655015487564323 4.580527885065196e-05
sadie 0.0006993006993006993 0.06048074738138145 4.229422893802899e-05
alexander 0.0006993006993006993 0.05551732784983141 3.8823306188693294e-05
adrienne 0.0006993006993006993 0.0655015487564323 4.580527885065196e-05
kennedy 0.0006993006993006993 0.06048074738138145 4.229422893802899e-05
administration 0.0013986013986013986 0.6575773191777938 0.0009196885582906208
maintained 0.0006993006993006993 1.0969100130080565 0.000767069939166473
diplomatic 0.0006993006993006993 1.1549019599857433 0.0008076237482417785
source 0.0006993006993006993 1.045757490560675 0.0007312989444480245
endangered 0.0006993006993006993 1.5228787452803376 0.0010649501715247116
conviction 0.0013986013986013986 1.045757490560675 0.001462597888896049
continues 0.0006993006993006993 1.0 0.0006993006993006993
whether 0.0006993006993006993 0.8860566476931633 0.0006196200333518625
shared 0.0013986013986013986 0.7695510786217261 0.001076295214855561
dangerous 0.0006993006993006993 1.2218487496163564 0.0008544396850464031
whistleblower 0.0013986013986013986 1.6989700043360187 0.00237618182424618
received 0.0006993006993006993 0.28399665636520083 0.00019859906039524532
punishment 0.0006993006993006993 1.2218487496163564 0.0008544396850464031
identity 0.0013986013986013986 1.2218487496163564 0.0017088793700928062
statement 0.0006993006993006993 0.638272163982407 0.0004463441706170679
morning 0.0006993006993006993 0.958607314841775 0.0006703547656236188
talk 0.0013986013986013986 0.6989700043360189 0.0009775804256447816
show 0.0006993006993006993 0.494850021680094 0.00034604896620985594
today 0.0006993006993006993 0.7447274948966939 0.000520788457969716
given 0.0006993006993006993 0.6777807052660807 0.0004739725211650914
way 0.0006993006993006993 0.431798275933005 0.00030195683631678675
felt 0.0006993006993006993 0.6020599913279624 0.00042102097295661705
since 0.0013986013986013986 0.3372421683184259 0.0004716673682775188
childhood 0.0006993006993006993 0.6020599913279624 0.00042102097295661705
begin 0.0006993006993006993 1.0 0.0006993006993006993
hormone 0.0013986013986013986 2.0 0.002797202797202797
therapy 0.0013986013986013986 1.5228787452803376 0.002129900343049423
soon 0.0006993006993006993 0.40893539297350084 0.0002859688062751754
possible 0.0006993006993006993 0.7695510786217261 0.0005381476074277805
filing 0.0006993006993006993 1.3979400086720377 0.0009775804256447816
petition 0.0013986013986013986 1.6989700043360187 0.00237618182424618
granted 0.0013986013986013986 0.958607314841775 0.0013407095312472376
right 0.002797202797202797 0.39848321634998984 0.001114638367412559
late 0.002097902097902098 0.3665315444204135 0.0007689472959868816
available 0.0006993006993006993 1.3010299956639813 0.0009098111857790079
held 0.0006993006993006993 0.48148606012211254 0.00033670353854693187
restriction 0.0006993006993006993 1.1549019599857433 0.0008076237482417785
imposed 0.0006993006993006993 1.3010299956639813 0.0009098111857790079
measure 0.0006993006993006993 1.0 0.0006993006993006993
hair 0.0006993006993006993 1.3979400086720377 0.0009775804256447816
length 0.0006993006993006993 1.2218487496163564 0.0008544396850464031
summer 0.0006993006993006993 0.6989700043360189 0.0004887902128223908
threatened 0.0006993006993006993 0.958607314841775 0.0006703547656236188
rule 0.0006993006993006993 1.0 0.0006993006993006993
violation 0.0006993006993006993 1.3010299956639813 0.0009098111857790079
attorney 0.0013986013986013986 1.5228787452803376 0.002129900343049423
asserted 0.0006993006993006993 1.3010299956639813 0.0009098111857790079
veiled 0.0006993006993006993 1.5228787452803376 0.0010649501715247116
form 0.0013986013986013986 2.0457574905606752 0.0028611992874974478
harassment 0.0006993006993006993 1.0969100130080565 0.000767069939166473
authority 0.0006993006993006993 1.3010299956639813 0.0009098111857790079
filed 0.0006993006993006993 0.7958800173440752 0.0005565594526881645
appeal 0.0006993006993006993 0.958607314841775 0.0006703547656236188
stating 0.0006993006993006993 0.9208187539523752 0.0006439291985680946
x 0.007692307692307693 0.4559319556497244 0.0035071688896132647
c 0.0034965034965034965 0.35654732351381263 0.0012466689633350092
harshly 0.0006993006993006993 2.0 0.0013986013986013986
describing 0.0006993006993006993 1.5228787452803376 0.0010649501715247116
perhaps 0.0006993006993006993 1.1549019599857433 0.0008076237482417785
unjust 0.0006993006993006993 1.6989700043360187 0.00118809091212309
justice 0.0006993006993006993 0.5376020021010439 0.00037594545601471604
system 0.0006993006993006993 0.7958800173440752 0.0005565594526881645
hospitalized 0.0013986013986013986 1.0969100130080565 0.001534139878332946
disciplinary 0.0006993006993006993 1.6989700043360187 0.00118809091212309
hearing 0.0006993006993006993 1.0969100130080565 0.000767069939166473
related 0.0006993006993006993 0.7695510786217261 0.0005381476074277805
october 0.0013986013986013986 0.37675070960209955 0.0005269240693735658
spending 0.0006993006993006993 0.721246399047171 0.0005043681112217979
night 0.0006993006993006993 0.638272163982407 0.0004463441706170679
clemency 0.0013986013986013986 2.0 0.002797202797202797
grow 0.0006993006993006993 1.0969100130080565 0.000767069939166473
waning 0.0006993006993006993 2.0 0.0013986013986013986
presidency 0.0006993006993006993 0.4685210829577449 0.000327637120949472
signed 0.0006993006993006993 0.494850021680094 0.00034604896620985594
asking 0.0006993006993006993 1.045757490560675 0.0007312989444480245
commute 0.0006993006993006993 2.0 0.0013986013986013986
cutting 0.0006993006993006993 1.3010299956639813 0.0009098111857790079
short 0.0006993006993006993 0.8239087409443188 0.0005761599587023208
freed 0.0006993006993006993 2.0 0.0013986013986013986
official 0.0006993006993006993 0.721246399047171 0.0005043681112217979
immediately 0.0013986013986013986 0.853871964321762 0.00119422652352694
order 0.0006993006993006993 0.494850021680094 0.00034604896620985594
allow 0.0006993006993006993 1.045757490560675 0.0007312989444480245
handle 0.0006993006993006993 1.6989700043360187 0.00118809091212309
item 0.0006993006993006993 2.0 0.0013986013986013986
like 0.0013986013986013986 0.2365720064370627 0.00033086993907281497
procuring 0.0006993006993006993 2.0 0.0013986013986013986
housing 0.0006993006993006993 0.9208187539523752 0.0006439291985680946
served 0.0006993006993006993 0.2676062401770315 0.00018713723089302901
republican 0.0006993006993006993 0.9208187539523752 0.0006439291985680946
speaker 0.0006993006993006993 0.7447274948966939 0.000520788457969716
house 0.0006993006993006993 0.32790214206428253 0.00022930219724775003
paul 0.0006993006993006993 0.721246399047171 0.0005043681112217979
ryan 0.0006993006993006993 1.045757490560675 0.0007312989444480245
critiquing 0.0006993006993006993 2.0 0.0013986013986013986
act 0.0006993006993006993 0.4685210829577449 0.000327637120949472
perspective 0.0006993006993006993 1.6989700043360187 0.00118809091212309
gender 0.0006993006993006993 1.2218487496163564 0.0008544396850464031
political 0.0006993006993006993 0.3098039199714864 0.0002166460978821583
affair 0.0006993006993006993 0.7695510786217261 0.0005381476074277805
series 0.0006993006993006993 0.37675070960209955 0.0002634620346867829
column 0.0006993006993006993 1.6989700043360187 0.00118809091212309
written 0.0006993006993006993 1.0 0.0006993006993006993
guardian 0.0006993006993006993 1.045757490560675 0.0007312989444480245
four 0.0006993006993006993 0.28399665636520083 0.00019859906039524532
appeared 0.0006993006993006993 0.721246399047171 0.0005043681112217979
september 0.0006993006993006993 0.5086383061657272 0.00035569112319281624
vogu 0.0006993006993006993 2.0 0.0013986013986013986
e 0.002097902097902098 0.04575749056067514 9.599473544197582e-05
magazine 0.0006993006993006993 0.8239087409443188 0.0005761599587023208
featuring 0.0006993006993006993 1.2218487496163564 0.0008544396850464031
photograph 0.0013986013986013986 3.0969100130080562 0.004331342675535743
annie 0.0006993006993006993 1.5228787452803376 0.0010649501715247116
liebovitz 0.0006993006993006993 2.0 0.0013986013986013986
posted 0.0006993006993006993 1.1549019599857433 0.0008076237482417785
article 0.0013986013986013986 0.07058107428570728 9.871478921077941e-05
wearing 0.0006993006993006993 1.3010299956639813 0.0009098111857790079
red 0.0006993006993006993 0.8239087409443188 0.0005761599587023208
bathing 0.0006993006993006993 2.0 0.0013986013986013986
suit 0.0006993006993006993 1.0969100130080565 0.000767069939166473
beach 0.0006993006993006993 1.1549019599857433 0.0008076237482417785
writing 0.0006993006993006993 0.853871964321762 0.00059711326176347
guess 0.0006993006993006993 1.3010299956639813 0.0009098111857790079
freedom 0.0006993006993006993 0.619788758288394 0.000433418712089786
look 0.0013986013986013986 1.2924298239020637 0.0018075941593035856
goal 0.0006993006993006993 0.9208187539523752 0.0006439291985680946
six 0.0006993006993006993 0.5686362358410126 0.0003976477173713375
figure 0.0013986013986013986 0.6777807052660807 0.0009479450423301828
go 0.0006993006993006993 0.494850021680094 0.00034604896620985594
vogue 0.0006993006993006993 1.1549019599857433 0.0008076237482417785
interview 0.0006993006993006993 0.585026652029182 0.0004091095468735539
value 0.0006993006993006993 1.2218487496163564 0.0008544396850464031
connect 0.0006993006993006993 1.3979400086720377 0.0009775804256447816
responsibility 0.0006993006993006993 1.0969100130080565 0.000767069939166473
compassion 0.0006993006993006993 1.3979400086720377 0.0009775804256447816
really 0.0006993006993006993 0.721246399047171 0.0005043681112217979
foundational 0.0006993006993006993 2.0 0.0013986013986013986
say 0.0006993006993006993 0.721246399047171 0.0005043681112217979
matter 0.0006993006993006993 0.853871964321762 0.00059711326176347
happens 0.0006993006993006993 1.3010299956639813 0.0009098111857790079
loved 0.0006993006993006993 1.045757490560675 0.0007312989444480245
unconditionally 0.0006993006993006993 2.0 0.0013986013986013986
senate 0.0006993006993006993 0.5686362358410126 0.0003976477173713375
campaign 0.0006993006993006993 0.3872161432802645 0.00027078051977640874
challenging 0.0006993006993006993 1.2218487496163564 0.0008544396850464031
two 0.0006993006993006993 0.11918640771920867 8.33471382651809e-05
senator 0.0006993006993006993 0.5228787452803376 0.00036564947222401234
ben 0.0006993006993006993 1.3979400086720377 0.0009775804256447816
cardin 0.0006993006993006993 2.0 0.0013986013986013986
democratic 0.0006993006993006993 0.3872161432802645 0.00027078051977640874
primary 0.0006993006993006993 0.7695510786217261 0.0005381476074277805
positioning 0.0006993006993006993 1.5228787452803376 0.0010649501715247116
left 0.0006993006993006993 0.2924298239020636 0.00020449638035109345
opponent 0.0006993006993006993 0.958607314841775 0.0006703547656236188
dismissed 0.0013986013986013986 1.3979400086720377 0.001955160851289563
establishment 0.0006993006993006993 1.1549019599857433 0.0008076237482417785
insider 0.0006993006993006993 1.6989700043360187 0.00118809091212309
presence 0.0006993006993006993 0.958607314841775 0.0006703547656236188
street 0.0006993006993006993 1.3010299956639813 0.0009098111857790079
championed 0.0006993006993006993 1.1549019599857433 0.0008076237482417785
idea 0.0006993006993006993 0.8239087409443188 0.0005761599587023208
universal 0.0006993006993006993 1.045757490560675 0.0007312989444480245
basic 0.0006993006993006993 1.2218487496163564 0.0008544396850464031
income 0.0006993006993006993 1.2218487496163564 0.0008544396850464031
run 0.0006993006993006993 0.4559319556497244 0.0003188335354193877
office 0.0006993006993006993 0.31875876262441283 0.0002229082256114775
strongest 0.0006993006993006993 2.0 0.0013986013986013986
root 0.0006993006993006993 1.045757490560675 0.0007312989444480245
tie 0.0006993006993006993 0.9208187539523752 0.0006439291985680946
anywhere 0.0006993006993006993 1.6989700043360187 0.00118809091212309
else 0.0006993006993006993 1.0969100130080565 0.000767069939166473
easy 0.0006993006993006993 1.2218487496163564 0.0008544396850464031
bid 0.0006993006993006993 0.6020599913279624 0.00042102097295661705
considered 0.0006993006993006993 0.721246399047171 0.0005043681112217979
long 0.0006993006993006993 0.4559319556497244 0.0003188335354193877
popular 0.0006993006993006993 0.4685210829577449 0.000327637120949472
incumbent 0.0006993006993006993 0.8860566476931633 0.0006196200333518625
pair 0.0006993006993006993 0.7958800173440752 0.0005565594526881645
tweet 0.0006993006993006993 1.6989700043360187 0.00118809091212309
sparked 0.0006993006993006993 1.0 0.0006993006993006993
concern 0.0006993006993006993 1.0 0.0006993006993006993
custody 0.002097902097902098 1.045757490560675 0.0021938968333440733
revealed 0.0006993006993006993 0.5086383061657272 0.00035569112319281624
fighting 0.0006993006993006993 0.7958800173440752 0.0005565594526881645
subpoena 0.002097902097902098 1.5228787452803376 0.003194850514574135
testify 0.0006993006993006993 1.5228787452803376 0.0010649501715247116
grand 0.002797202797202797 1.3979400086720377 0.003910321702579126
jury 0.002797202797202797 0.853871964321762 0.00238845304705388
interaction 0.0006993006993006993 1.6989700043360187 0.00118809091212309
taken 0.0006993006993006993 0.6989700043360189 0.0004887902128223908
federal 0.0013986013986013986 0.6020599913279624 0.0008420419459132341
contempt 0.0006993006993006993 1.6989700043360187 0.00118809091212309
refusal 0.0006993006993006993 1.1549019599857433 0.0008076237482417785
cooperate 0.0006993006993006993 1.3979400086720377 0.0009775804256447816
spent 0.0006993006993006993 0.48148606012211254 0.00033670353854693187
general 0.0006993006993006993 0.4559319556497244 0.0003188335354193877
population 0.0006993006993006993 1.1549019599857433 0.0008076237482417785
london 0.0006993006993006993 1.0 0.0006993006993006993
testimony 0.0013986013986013986 1.3979400086720377 0.001955160851289563
stemmed 0.0006993006993006993 1.5228787452803376 0.0010649501715247116
alleged 0.0006993006993006993 0.958607314841775 0.0006703547656236188
conversation 0.0006993006993006993 1.3010299956639813 0.0009098111857790079
around 0.0006993006993006993 0.4559319556497244 0.0003188335354193877
forwarded 0.0006993006993006993 2.0 0.0013986013986013986
summoned 0.0006993006993006993 1.6989700043360187 0.00118809091212309
appear 0.0006993006993006993 1.1549019599857433 0.0008076237482417785
refused 0.0006993006993006993 0.7447274948966939 0.000520788457969716
comply 0.0006993006993006993 1.3979400086720377 0.0009775804256447816
attempting 0.0006993006993006993 1.1549019599857433 0.0008076237482417785
following 0.0006993006993006993 0.2518119729937996 0.00017609228880685287
ordered 0.0006993006993006993 0.9208187539523752 0.0006439291985680946
sought 0.0006993006993006993 0.721246399047171 0.0005043681112217979
still 0.0006993006993006993 0.431798275933005 0.00030195683631678675
fine 0.0006993006993006993 2.0 0.0013986013986013986
defying 0.0006993006993006993 1.6989700043360187 0.00118809091212309
check 0.0006993006993006993 0.07058107428570728 4.935739460538971e-05
strive 0.0006993006993006993 0.07058107428570728 4.935739460538971e-05
accuracy 0.0006993006993006993 0.07058107428570728 4.935739460538971e-05
fairness 0.0006993006993006993 0.07058107428570728 4.935739460538971e-05
citation 0.0006993006993006993 0.07058107428570728 4.935739460538971e-05
title 0.0006993006993006993 0.07058107428570728 4.935739460538971e-05
author 0.0006993006993006993 0.06048074738138145 4.229422893802899e-05
com 0.0013986013986013986 0.06048074738138145 8.458845787605798e-05
editor 0.0006993006993006993 0.1023729087095586 7.158944665004098e-05
website 0.0013986013986013986 0.0655015487564323 9.161055770130392e-05
url 0.0006993006993006993 0.07058107428570728 4.935739460538971e-05
publisher 0.0006993006993006993 0.07058107428570728 4.935739460538971e-05
television 0.0013986013986013986 0.04575749056067514 6.399649029465054e-05
last 0.0006993006993006993 0.0655015487564323 4.580527885065196e-05
updated 0.0006993006993006993 0.07058107428570728 4.935739460538971e-05
original 0.0006993006993006993 0.0655015487564323 4.580527885065196e-05
published 0.0006993006993006993 0.07058107428570728 4.935739460538971e-05
receive 0.0006993006993006993 0.05551732784983141 3.8823306188693294e-05
story 0.002097902097902098 0.05551732784983141 0.00011646991856607989
shaped 0.0013986013986013986 0.05551732784983141 7.764661237738659e-05
world 0.0006993006993006993 0.04575749056067514 3.199824514732527e-05
person 0.006293706293706294 0.05060999335508724 0.0003185244337033463
clinton 0.002797202797202797 0.5228787452803376 0.0014625978888960494
daughter 0.0006993006993006993 0.31875876262441283 0.0002229082256114775
hillary 0.0006993006993006993 0.853871964321762 0.00059711326176347
rodham 0.0006993006993006993 1.2218487496163564 0.0008544396850464031
bill 0.0006993006993006993 0.4202164033831899 0.00029385762474348943
man 0.0034965034965034965 0.37675070960209955 0.0013173101734339145
ray 0.0013986013986013986 1.0969100130080565 0.001534139878332946
primarily 0.0006993006993006993 1.045757490560675 0.0007312989444480245
known 0.002097902097902098 0.06048074738138145 0.00012688268681408695
photography 0.0006993006993006993 1.5228787452803376 0.0010649501715247116
spanned 0.0006993006993006993 1.3979400086720377 0.0009775804256447816
dada 0.0006993006993006993 1.6989700043360187 0.00118809091212309
surrealism 0.0006993006993006993 1.6989700043360187 0.00118809091212309
movement 0.0006993006993006993 1.3979400086720377 0.0009775804256447816
yip 0.0013986013986013986 2.0 0.002797202797202797
ip 0.0006993006993006993 2.0 0.0013986013986013986
art 0.0006993006993006993 1.045757490560675 0.0007312989444480245
master 0.0013986013986013986 0.853871964321762 0.00119422652352694
best 0.0013986013986013986 0.13667713987954408 0.00019115683899236934
teaching 0.0006993006993006993 1.1549019599857433 0.0008076237482417785
wing 0.0006993006993006993 1.3979400086720377 0.0009775804256447816
chun 0.0006993006993006993 2.0 0.0013986013986013986
kung 0.0006993006993006993 2.0 0.0013986013986013986
fu 0.0006993006993006993 2.0 0.0013986013986013986
icon 0.0006993006993006993 1.0 0.0006993006993006993
bruce 0.0006993006993006993 1.0969100130080565 0.000767069939166473
lee 0.0006993006993006993 0.7695510786217261 0.0005381476074277805
malcolm 0.0013986013986013986 1.2218487496163564 0.0017088793700928062
african 0.0006993006993006993 0.28399665636520083 0.00019859906039524532
civil 0.0006993006993006993 0.3467874862246563 0.0002425087316256338
leader 0.0006993006993006993 0.37675070960209955 0.0002634620346867829
prominent 0.0006993006993006993 0.7447274948966939 0.000520788457969716
nation 0.0006993006993006993 0.35654732351381263 0.0002493337926670018
islam 0.0006993006993006993 1.045757490560675 0.0007312989444480245
assassination 0.0006993006993006993 0.7447274948966939 0.000520788457969716
vigorously 0.0006993006993006993 1.5228787452803376 0.0010649501715247116
supported 0.0006993006993006993 0.6989700043360189 0.0004887902128223908
black 0.0006993006993006993 0.3872161432802645 0.00027078051977640874
nationalism 0.0006993006993006993 1.3979400086720377 0.0009775804256447816
john 0.0013986013986013986 0.37675070960209955 0.0005269240693735658
allen 0.0013986013986013986 1.3979400086720377 0.001955160851289563
muhammad 0.0013986013986013986 1.5228787452803376 0.002129900343049423
infamous 0.0006993006993006993 1.045757490560675 0.0007312989444480245
part 0.0006993006993006993 0.3372421683184259 0.0002358336841387594
sniper 0.0006993006993006993 1.5228787452803376 0.0010649501715247116
team 0.0006993006993006993 0.619788758288394 0.000433418712089786
terrorized 0.0006993006993006993 1.6989700043360187 0.00118809091212309
area 0.0006993006993006993 0.7447274948966939 0.000520788457969716
stanley 0.0013986013986013986 1.2218487496163564 0.0017088793700928062
tookie 0.0013986013986013986 2.0 0.002797202797202797
williams 0.0013986013986013986 0.8860566476931633 0.001239240066703725
founding 0.0006993006993006993 0.6777807052660807 0.0004739725211650914
violent 0.0006993006993006993 0.958607314841775 0.0006703547656236188
crips 0.0006993006993006993 2.0 0.0013986013986013986
gang 0.0006993006993006993 1.3979400086720377 0.0009775804256447816
stated 0.0006993006993006993 0.7447274948966939 0.000520788457969716
regret 0.0006993006993006993 2.0 0.0013986013986013986
executed 0.0006993006993006993 1.5228787452803376 0.0010649501715247116
san 0.0006993006993006993 0.8860566476931633 0.0006196200333518625
quentin 0.0006993006993006993 2.0 0.0013986013986013986
richard 0.0013986013986013986 0.6777807052660807 0.0009479450423301828
speck 0.0013986013986013986 1.6989700043360187 0.00237618182424618
committed 0.0006993006993006993 0.9208187539523752 0.0006439291985680946
horrifying 0.0006993006993006993 1.3979400086720377 0.0009775804256447816
mass 0.0006993006993006993 0.958607314841775 0.0006703547656236188
murder 0.0006993006993006993 1.3979400086720377 0.0009775804256447816
brutalized 0.0006993006993006993 1.6989700043360187 0.00118809091212309
nurse 0.0006993006993006993 1.6989700043360187 0.00118809091212309
chicago 0.0006993006993006993 0.638272163982407 0.0004463441706170679
south 0.0006993006993006993 0.40893539297350084 0.0002859688062751754
side 0.0006993006993006993 0.585026652029182 0.0004091095468735539
jack 0.0013986013986013986 0.853871964321762 0.00119422652352694
kevorkian 0.0013986013986013986 1.6989700043360187 0.00237618182424618
based 0.0006993006993006993 0.619788758288394 0.000433418712089786
physician 0.0006993006993006993 0.8239087409443188 0.0005761599587023208
assisted 0.0006993006993006993 1.1549019599857433 0.0008076237482417785
patient 0.0006993006993006993 1.2218487496163564 0.0008544396850464031
sparking 0.0006993006993006993 1.1549019599857433 0.0008076237482417785
increased 0.0006993006993006993 0.9208187539523752 0.0006439291985680946
hospice 0.0006993006993006993 1.5228787452803376 0.0010649501715247116
care 0.0006993006993006993 0.5376020021010439 0.00037594545601471604
die 0.0006993006993006993 1.0 0.0006993006993006993
legislative 0.0006993006993006993 0.8239087409443188 0.0005761599587023208
james 0.0013986013986013986 0.6020599913279624 0.0008420419459132341
holmes 0.0013986013986013986 1.5228787452803376 0.002129900343049423
killing 0.0006993006993006993 1.045757490560675 0.0007312989444480245
injuring 0.0006993006993006993 1.6989700043360187 0.00118809091212309
rampage 0.0006993006993006993 2.0 0.0013986013986013986
colorado 0.0006993006993006993 1.3010299956639813 0.0009098111857790079
movie 0.0006993006993006993 0.7447274948966939 0.000520788457969716
theater 0.0006993006993006993 1.045757490560675 0.0007312989444480245
loading 0.0006993006993006993 0.04575749056067514 3.199824514732527e-05
logo 0.0006993006993006993 0.04575749056067514 3.199824514732527e-05
registered 0.0006993006993006993 0.04575749056067514 3.199824514732527e-05
trademark 0.0006993006993006993 0.04575749056067514 3.199824514732527e-05
llc 0.0006993006993006993 0.04575749056067514 3.199824514732527e-05
close 0.002797202797202797 0.04575749056067514 0.0001279929805893011
