joseph 0.024774774774774775 0.585026652029182 0.014493903541263519
jackson 0.07657657657657659 1.4814860601221125 0.11344713073007169
death 0.0045045045045045045 0.2365720064370627 0.0010656396686354176
family 0.015765765765765764 0.11918640771920867 0.0018790649865641005
career 0.00563063063063063 0.17392519729917358 0.0009793085433512025
biography 0.012387387387387387 0.04575749056067514 0.0005668157614498047
skip 0.0011261261261261261 0.04575749056067514 5.152870558634588e-05
main 0.0011261261261261261 0.04575749056067514 5.152870558634588e-05
content 0.0011261261261261261 0.04575749056067514 5.152870558634588e-05
people 0.0045045045045045045 0.04575749056067514 0.00020611482234538352
nostalgia 0.0033783783783783786 0.04575749056067514 0.00015458611675903765
celebrity 0.0033783783783783786 0.04575749056067514 0.00015458611675903765
history 0.00563063063063063 0.04575749056067514 0.0002576435279317294
culture 0.0033783783783783786 0.04575749056067514 0.00015458611675903765
crime 0.0033783783783783786 0.04575749056067514 0.00015458611675903765
scandal 0.0033783783783783786 0.04575749056067514 0.00015458611675903765
video 0.00563063063063063 0.8696662315049939 0.004896769321537127
contact 0.0033783783783783786 0.04575749056067514 0.00015458611675903765
u 0.00563063063063063 0.20065945054641832 0.001129839248572175
advertise 0.0022522522522522522 0.04575749056067514 0.00010305741117269176
privacy 0.0033783783783783786 0.04575749056067514 0.00015458611675903765
notice 0.0022522522522522522 0.04575749056067514 0.00010305741117269176
term 0.0022522522522522522 0.04575749056067514 0.00010305741117269176
use 0.0022522522522522522 0.04575749056067514 0.00010305741117269176
copyright 0.0022522522522522522 0.04575749056067514 0.00010305741117269176
policy 0.0022522522522522522 0.04575749056067514 0.00010305741117269176
ad 0.0022522522522522522 0.04575749056067514 0.00010305741117269176
choice 0.0022522522522522522 0.04575749056067514 0.00010305741117269176
accessibility 0.0022522522522522522 0.04575749056067514 0.00010305741117269176
support 0.0033783783783783786 0.04575749056067514 0.00015458611675903765
setting 0.0011261261261261261 0.04575749056067514 5.152870558634588e-05
february 0.0011261261261261261 0.04575749056067514 5.152870558634588e-05
subscribe 0.0022522522522522522 0.04575749056067514 0.00010305741117269176
newsletter 0.0033783783783783786 0.04575749056067514 0.00015458611675903765
photo 0.0011261261261261261 0.12493873660829993 0.00014069677545979723
denise 0.0011261261261261261 2.0 0.0022522522522522522
truscello 0.0011261261261261261 2.0 0.0022522522522522522
wireimage 0.0011261261261261261 1.2218487496163564 0.0013759557991175184
quick 0.0011261261261261261 0.07058107428570728 7.948319176318388e-05
fact 0.0022522522522522522 0.14116214857141457 0.0003179327670527355
name 0.0022522522522522522 0.05551732784983141 0.0001250390266888095
birth 0.0045045045045045045 0.07058107428570728 0.0003179327670527355
date 0.00563063063063063 0.07058107428570728 0.0003974159588159194
july 0.0045045045045045045 0.37675070960209955 0.0016970752684779258
june 0.00563063063063063 0.28399665636520083 0.0015990802723265811
place 0.0022522522522522522 0.07572071393811834 0.00017054214850927555
fountain 0.0033783783783783786 2.0 0.006756756756756757
hill 0.0033783783783783786 0.8860566476931633 0.0029934346205850114
arkansas 0.0033783783783783786 1.5228787452803376 0.005144860625947087
la 0.0022522522522522522 1.3010299956639813 0.00293024773798194
vega 0.0022522522522522522 1.3010299956639813 0.00293024773798194
nevada 0.0022522522522522522 1.2218487496163564 0.0027519115982350367
early 0.0033783783783783786 0.07572071393811834 0.00025581322276391335
life 0.007882882882882884 0.13679614097137055 0.0010783479581076508
starting 0.0022522522522522522 0.958607314841775 0.0021590254838778715
issue 0.0045045045045045045 1.3979400086720377 0.00629702706609026
personal 0.0033783783783783786 0.3372421683184259 0.001139331649724412
related 0.0022522522522522522 0.7695510786217261 0.0017332231500489326
cite 0.0011261261261261261 0.07058107428570728 7.948319176318388e-05
page 0.0011261261261261261 0.07058107428570728 7.948319176318388e-05
publish 0.0011261261261261261 0.07058107428570728 7.948319176318388e-05
jul 0.0011261261261261261 1.3979400086720377 0.001574256766522565
comment 0.0022522522522522522 0.07058107428570728 0.00015896638352636775
best 0.0045045045045045045 0.13667713987954408 0.0006156627922501985
known 0.0033783783783783786 0.06048074738138145 0.00020432684926142383
father 0.007882882882882882 0.14874165128092467 0.0011725130168541357
international 0.0022522522522522522 0.40893539297350084 0.0009210256598502271
pop 0.006756756756756757 0.5686362358410126 0.003842136728655491
superstar 0.0022522522522522522 0.853871964321762 0.0019231350547787433
michael 0.021396396396396396 0.494850021680094 0.010588007220632642
rest 0.0033783783783783786 0.6020599913279624 0.0020339864571890624
famous 0.0033783783783783786 0.494850021680094 0.0016717906137841015
born 0.0033783783783783786 0.09151498112135023 0.00030917223351807513
married 0.0033783783783783786 0.24412514432750856 0.000824747109214556
katherine 0.009009009009009009 0.9208187539523752 0.008295664450021398
scruse 0.0022522522522522522 1.5228787452803376 0.0034299070839647243
together 0.0011261261261261261 0.431798275933005 0.00048625931974437503
child 0.01126126126126126 0.5000381344038097 0.005631060072114974
soon 0.0011261261261261261 0.40893539297350084 0.00046051282992511355
noticed 0.0022522522522522522 1.2218487496163564 0.0027519115982350367
musical 0.00563063063063063 0.48148606012211254 0.0027110701583452283
talent 0.0045045045045045045 1.853871964321762 0.00835077461406199
began 0.009009009009009009 0.20065945054641826 0.0018077427977154798
acting 0.0011261261261261261 0.6777807052660807 0.0007632665599843252
manager 0.0033783783783783786 0.9208187539523752 0.0031108741687580245
group 0.01126126126126126 0.37675070960209955 0.004242688171194815
enjoyed 0.0033783783783783786 0.6575773191777938 0.0022215449972222768
success 0.0033783783783783786 0.431798275933005 0.001458777959233125
tension 0.0022522522522522522 1.0969100130080565 0.0024705180473154425
eventually 0.0022522522522522522 0.3979400086720376 0.0008962612807928775
led 0.0011261261261261261 0.37675070960209955 0.00042426881711948145
firing 0.0011261261261261261 1.3010299956639813 0.00146512386899097
son 0.007882882882882884 1.1378686206869628 0.008969685072982816
later 0.0045045045045045045 0.09151498112135023 0.0004122296446907668
accused 0.0011261261261261261 0.8239087409443188 0.0009278251587210796
abuse 0.0033783783783783786 0.958607314841775 0.0032385382258168075
sibling 0.0033783783783783786 1.8068754016455384 0.0061043087893430355
confirmed 0.0011261261261261261 0.8860566476931633 0.0009978115401950037
others 0.0022522522522522522 0.494850021680094 0.0011145270758560677
denied 0.0011261261261261261 1.045757490560675 0.0011776548317124719
died 0.0045045045045045045 0.31875876262441283 0.0014358502820919496
battling 0.0011261261261261261 1.3979400086720377 0.001574256766522565
cancer 0.0022522522522522522 0.8239087409443188 0.0018556503174421593
walter 0.0011261261261261261 1.2218487496163564 0.0013759557991175184
eldest 0.0022522522522522522 1.0969100130080565 0.0024705180473154425
five 0.0011261261261261261 0.48148606012211254 0.0005422140316690456
samuel 0.0011261261261261261 1.3979400086720377 0.001574256766522565
high 0.0011261261261261261 0.27572413039921095 0.00031050014684595826
school 0.0011261261261261261 0.14874165128092467 0.00016750185955059085
teacher 0.0011261261261261261 0.6989700043360189 0.0007871283832612825
mother 0.00563063063063063 0.21467016498923297 0.0012087284064709063
crystal 0.0011261261261261261 1.6989700043360187 0.0019132545093874084
lee 0.0011261261261261261 0.7695510786217261 0.0008666115750244663
king 0.0011261261261261261 0.4685210829577449 0.0005276138321596227
housewife 0.0011261261261261261 1.6989700043360187 0.0019132545093874084
couple 0.0033783783783783786 0.40893539297350084 0.0013815384897753408
split 0.0033783783783783786 0.9208187539523752 0.0031108741687580245
moved 0.00563063063063063 0.3872161432802645 0.002180271077028516
oakland 0.0011261261261261261 1.6989700043360187 0.0019132545093874084
california 0.0022522522522522522 0.5528419686577808 0.0012451395690490558
east 0.0011261261261261261 0.8860566476931633 0.0009978115401950037
chicago 0.0011261261261261261 0.638272163982407 0.0007187749594396476
indiana 0.00563063063063063 0.7958800173440752 0.004481306403964387
lived 0.0011261261261261261 0.6020599913279624 0.0006779954857296874
lonely 0.0011261261261261261 1.3010299956639813 0.00146512386899097
childhood 0.0022522522522522522 0.6020599913279624 0.0013559909714593748
friend 0.0011261261261261261 0.5686362358410126 0.0006403561214425818
turned 0.0011261261261261261 0.638272163982407 0.0007187749594396476
live 0.0011261261261261261 0.431798275933005 0.00048625931974437503
near 0.0011261261261261261 0.8860566476931633 0.0009978115401950037
pursuing 0.0011261261261261261 1.0969100130080565 0.0012352590236577212
dream 0.0022522522522522522 1.045757490560675 0.0023553096634249438
becoming 0.0033783783783783786 0.3372421683184259 0.001139331649724412
boxer 0.0033783783783783786 1.1549019599857433 0.0039016958107626464
found 0.0011261261261261261 0.3372421683184259 0.00037977721657480397
golden 0.0011261261261261261 1.2218487496163564 0.0013759557991175184
glove 0.0011261261261261261 1.6989700043360187 0.0019132545093874084
preparing 0.0011261261261261261 1.6989700043360187 0.0019132545093874084
professional 0.0011261261261261261 0.8239087409443188 0.0009278251587210796
athletic 0.0011261261261261261 1.6989700043360187 0.0019132545093874084
met 0.0011261261261261261 0.44369749923271273 0.0004996593459827846
year 0.0045045045045045045 0.24995468798823245 0.0011259220179650111
old 0.0011261261261261261 0.28399665636520083 0.00031981605446531627
already 0.0011261261261261261 1.0 0.0011261261261261261
time 0.0033783783783783786 0.1023729087095586 0.0003458544213160764
union 0.0011261261261261261 0.7447274948966939 0.0008386570888476282
quickly 0.0011261261261261261 0.619788758288394 0.0006979603133878311
annuled 0.0011261261261261261 2.0 0.0022522522522522522
november 0.0011261261261261261 0.24412514432750856 0.0002749157030715186
two 0.0011261261261261261 0.11918640771920867 0.00013421892761172148
bedroom 0.0011261261261261261 2.0 0.0022522522522522522
house 0.0011261261261261261 0.32790214206428253 0.00036925916899130916
gary 0.0011261261261261261 1.2218487496163564 0.0013759557991175184
first 0.0045045045045045045 0.0655015487564323 0.0002950520214253707
maureen 0.0011261261261261261 1.5228787452803376 0.0017149535419823622
reilette 0.0011261261261261261 2.0 0.0022522522522522522
rebbie 0.0033783783783783786 1.3979400086720377 0.004722770299567696
six 0.0011261261261261261 0.5686362358410126 0.0006403561214425818
month 0.0022522522522522522 1.016824927962187 0.0022901462341490698
may 0.0033783783783783786 0.3098039199714864 0.001046634864768535
decided 0.0011261261261261261 0.494850021680094 0.0005572635379280338
leave 0.0011261261261261261 0.6575773191777938 0.0007405149990740922
order 0.0011261261261261261 0.494850021680094 0.0005572635379280338
work 0.0011261261261261261 0.2218487496163564 0.00024982967299139235
full 0.0022522522522522522 0.3010299956639812 0.0006779954857296874
crane 0.0011261261261261261 1.3979400086720377 0.001574256766522565
operator 0.0011261261261261261 1.3979400086720377 0.001574256766522565
steel 0.0022522522522522522 1.0969100130080565 0.0024705180473154425
meantime 0.0011261261261261261 1.5228787452803376 0.0017149535419823622
wife 0.0022522522522522522 0.3098039199714864 0.0006977565765123567
tended 0.0011261261261261261 1.6989700043360187 0.0019132545093874084
growing 0.0011261261261261261 0.585026652029182 0.00065881379733016
would 0.0022522522522522522 0.2291479883578558 0.0005160990728780536
go 0.0022522522522522522 0.494850021680094 0.0011145270758560677
ten 0.0011261261261261261 1.3010299956639813 0.00146512386899097
brandon 0.0011261261261261261 1.6989700043360187 0.0019132545093874084
given 0.0011261261261261261 0.6777807052660807 0.0007632665599843252
still 0.0011261261261261261 0.431798275933005 0.00048625931974437503
determined 0.0011261261261261261 0.7695510786217261 0.0008666115750244663
make 0.0011261261261261261 0.3872161432802645 0.00043605421540570327
big 0.0011261261261261261 0.5228787452803376 0.000588827415856236
mid 0.0011261261261261261 0.585026652029182 0.00065881379733016
started 0.0011261261261261261 0.6020599913279624 0.0006779954857296874
band 0.0022522522522522522 0.9208187539523752 0.0020739161125053495
called 0.0011261261261261261 0.3010299956639812 0.0003389977428648437
falcon 0.0011261261261261261 1.6989700043360187 0.0019132545093874084
brother 0.00563063063063063 1.2907300390241692 0.007267624093604556
luther 0.0011261261261261261 0.638272163982407 0.0007187749594396476
failed 0.0011261261261261261 0.5376020021010439 0.0006054076600236981
gain 0.0011261261261261261 0.958607314841775 0.0010795127419389358
notoriety 0.0011261261261261261 1.2218487496163564 0.0013759557991175184
returned 0.0022522522522522522 0.5086383061657272 0.0011455817706435298
job 0.0011261261261261261 0.5686362358410126 0.0006403561214425818
however 0.0022522522522522522 0.32790214206428253 0.0007385183379826183
caught 0.0011261261261261261 1.1549019599857433 0.0013005652702542153
tito 0.0022522522522522522 1.2218487496163564 0.0027519115982350367
playing 0.0011261261261261261 0.8860566476931633 0.0009978115401950037
guitar 0.0011261261261261261 1.0969100130080565 0.0012352590236577212
jackie 0.0011261261261261261 1.2218487496163564 0.0013759557991175184
jermaine 0.0033783783783783786 0.958607314841775 0.0032385382258168075
formed 0.0011261261261261261 0.721246399047171 0.0008122144133414089
serving 0.0011261261261261261 0.48148606012211254 0.0005422140316690456
entering 0.0011261261261261261 1.045757490560675 0.0011776548317124719
trio 0.0011261261261261261 1.0969100130080565 0.0012352590236577212
local 0.0011261261261261261 0.6989700043360189 0.0007871283832612825
competition 0.0011261261261261261 1.6989700043360187 0.0019132545093874084
younger 0.0011261261261261261 0.585026652029182 0.00065881379733016
marlon 0.0011261261261261261 1.2218487496163564 0.0013759557991175184
also 0.0033783783783783786 0.0861861476162833 0.00029116941762257875
involved 0.0011261261261261261 0.4559319556497244 0.0005134368869929329
renamed 0.0011261261261261261 1.5228787452803376 0.0017149535419823622
gaining 0.0011261261261261261 1.3979400086720377 0.001574256766522565
accolade 0.0011261261261261261 1.3979400086720377 0.001574256766522565
r 0.0033783783783783786 0.5086383061657272 0.0017183726559652948
b 0.0033783783783783786 0.37675070960209955 0.0012728064513584446
circuit 0.0011261261261261261 1.0 0.0011261261261261261
enforcing 0.0011261261261261261 2.0 0.0022522522522522522
long 0.0022522522522522522 0.4559319556497244 0.0010268737739858658
intense 0.0011261261261261261 1.2218487496163564 0.0013759557991175184
rehearsal 0.0011261261261261261 2.0 0.0022522522522522522
booked 0.0011261261261261261 1.5228787452803376 0.0017149535419823622
respectable 0.0011261261261261261 2.0 0.0022522522522522522
venue 0.0011261261261261261 2.0 0.0022522522522522522
landed 0.0011261261261261261 1.045757490560675 0.0011776548317124719
spot 0.0011261261261261261 1.1549019599857433 0.0013005652702542153
renowned 0.0011261261261261261 1.1549019599857433 0.0013005652702542153
apollo 0.0011261261261261261 1.1549019599857433 0.0013005652702542153
theater 0.0011261261261261261 1.045757490560675 0.0011776548317124719
harlem 0.0011261261261261261 1.1549019599857433 0.0013005652702542153
new 0.0011261261261261261 0.14266750356873154 0.0001606616031179409
york 0.0011261261261261261 0.3467874862246563 0.0003905264484511896
amateur 0.0011261261261261261 1.3010299956639813 0.00146512386899097
night 0.0011261261261261261 0.638272163982407 0.0007187749594396476
contest 0.0011261261261261261 1.5228787452803376 0.0017149535419823622
win 0.0011261261261261261 0.585026652029182 0.00065881379733016
earned 0.0022522522522522522 0.40893539297350084 0.0009210256598502271
motown 0.0011261261261261261 1.2218487496163564 0.0013759557991175184
record 0.0011261261261261261 0.494850021680094 0.0005572635379280338
contract 0.0011261261261261261 0.9208187539523752 0.0010369580562526748
immediate 0.0011261261261261261 1.0969100130080565 0.0012352590236577212
american 0.0011261261261261261 0.1023729087095586 0.00011528480710535879
four 0.0011261261261261261 0.28399665636520083 0.00031981605446531627
single 0.0022522522522522522 1.0 0.0022522522522522522
straight 0.0011261261261261261 1.2218487496163564 0.0013759557991175184
billboard 0.0011261261261261261 1.0 0.0011261261261261261
hot 0.0011261261261261261 0.958607314841775 0.0010795127419389358
chart 0.0022522522522522522 0.6777807052660807 0.0015265331199686503
money 0.0011261261261261261 0.6575773191777938 0.0007405149990740922
managing 0.0011261261261261261 1.3010299956639813 0.00146512386899097
mansion 0.0011261261261261261 1.045757490560675 0.0011776548317124719
encino 0.0011261261261261261 1.5228787452803376 0.0017149535419823622
read 0.0011261261261261261 0.0655015487564323 7.376300535634268e-05
next 0.0011261261261261261 0.07058107428570728 7.948319176318388e-05
bella 0.0011261261261261261 0.0655015487564323 7.376300535634268e-05
hadid 0.0011261261261261261 0.0655015487564323 7.376300535634268e-05
sadie 0.0011261261261261261 0.06048074738138145 6.810894975380794e-05
alexander 0.0011261261261261261 0.05551732784983141 6.251951334440475e-05
adrienne 0.0011261261261261261 0.0655015487564323 7.376300535634268e-05
kennedy 0.0011261261261261261 0.06048074738138145 6.810894975380794e-05
within 0.0022522522522522522 0.8239087409443188 0.0018556503174421593
caused 0.0011261261261261261 0.8860566476931633 0.0009978115401950037
deep 0.0011261261261261261 0.8860566476931633 0.0009978115401950037
rift 0.0011261261261261261 2.0 0.0022522522522522522
strict 0.0011261261261261261 1.3010299956639813 0.00146512386899097
disciplinarian 0.0011261261261261261 1.6989700043360187 0.0019132545093874084
report 0.0011261261261261261 0.7695510786217261 0.0008666115750244663
abusive 0.0011261261261261261 2.0 0.0022522522522522522
nature 0.0011261261261261261 1.3010299956639813 0.00146512386899097
leaking 0.0011261261261261261 1.3979400086720377 0.001574256766522565
press 0.0011261261261261261 0.7958800173440752 0.0008962612807928775
fired 0.0011261261261261261 1.045757490560675 0.0011776548317124719
took 0.0011261261261261261 0.28399665636520083 0.00031981605446531627
control 0.0022522522522522522 0.5528419686577808 0.0012451395690490558
follow 0.0011261261261261261 0.7958800173440752 0.0008962612807928775
suit 0.0011261261261261261 1.0969100130080565 0.0012352590236577212
suffer 0.0011261261261261261 1.6989700043360187 0.0019132545093874084
publicly 0.0011261261261261261 0.619788758288394 0.0006979603133878311
denounced 0.0011261261261261261 1.3979400086720377 0.001574256766522565
another 0.0011261261261261261 0.40893539297350084 0.00046051282992511355
woman 0.0011261261261261261 0.3979400086720376 0.00044813064039643877
gave 0.0011261261261261261 0.6020599913279624 0.0006779954857296874
daughter 0.0033783783783783786 0.31875876262441283 0.0010768877115689623
filed 0.0011261261261261261 0.7958800173440752 0.0008962612807928775
divorce 0.0011261261261261261 1.0 0.0011261261261261261
twice 0.0011261261261261261 0.958607314841775 0.0010795127419389358
dropped 0.0011261261261261261 0.853871964321762 0.0009615675273893716
case 0.0011261261261261261 0.958607314841775 0.0010795127419389358
spoke 0.0011261261261261261 0.7695510786217261 0.0008666115750244663
popular 0.0011261261261261261 0.4685210829577449 0.0005276138321596227
oprah 0.0011261261261261261 1.1549019599857433 0.0013005652702542153
winfrey 0.0011261261261261261 1.1549019599857433 0.0013005652702542153
show 0.0011261261261261261 0.494850021680094 0.0005572635379280338
detailing 0.0011261261261261261 2.0 0.0022522522522522522
physical 0.0011261261261261261 1.1549019599857433 0.0013005652702542153
mental 0.0011261261261261261 1.3010299956639813 0.00146512386899097
endured 0.0011261261261261261 1.0 0.0011261261261261261
hand 0.0011261261261261261 1.1549019599857433 0.0013005652702542153
throughout 0.0011261261261261261 0.6020599913279624 0.0006779954857296874
many 0.0011261261261261261 0.28399665636520083 0.00031981605446531627
claimed 0.0022522522522522522 0.7447274948966939 0.0016773141776952564
several 0.0011261261261261261 0.32790214206428253 0.00036925916899130916
never 0.0011261261261261261 0.431798275933005 0.00048625931974437503
occurred 0.0011261261261261261 1.3979400086720377 0.001574256766522565
suddenly 0.0011261261261261261 1.3979400086720377 0.001574256766522565
listed 0.0011261261261261261 1.3010299956639813 0.00146512386899097
guardian 0.0011261261261261261 1.045757490560675 0.0011776548317124719
three 0.0011261261261261261 0.2076083105017461 0.0002337931424569213
received 0.0011261261261261261 0.28399665636520083 0.00031981605446531627
nothing 0.0011261261261261261 0.958607314841775 0.0010795127419389358
estate 0.0022522522522522522 0.853871964321762 0.0019231350547787433
health 0.0022522522522522522 0.5528419686577808 0.0012451395690490558
rushed 0.0011261261261261261 1.5228787452803376 0.0017149535419823622
hospital 0.0022522522522522522 0.8239087409443188 0.0018556503174421593
brazil 0.0011261261261261261 2.0 0.0022522522522522522
suffering 0.0011261261261261261 0.7958800173440752 0.0008962612807928775
stroke 0.0022522522522522522 1.5228787452803376 0.0034299070839647243
heart 0.0011261261261261261 0.5228787452803376 0.000588827415856236
arrhythmia 0.0011261261261261261 1.6989700043360187 0.0019132545093874084
visiting 0.0011261261261261261 1.3010299956639813 0.00146512386899097
country 0.0011261261261261261 0.27572413039921095 0.00031050014684595826
celebrate 0.0011261261261261261 1.1549019599857433 0.0013005652702542153
th 0.0022522522522522522 0.2076083105017461 0.0004675862849138426
birthday 0.0022522522522522522 1.2218487496163564 0.0027519115982350367
treated 0.0011261261261261261 1.0969100130080565 0.0012352590236577212
united 0.0011261261261261261 0.18708664335714445 0.00021068315693372123
state 0.0011261261261261261 0.20065945054641826 0.00022596784971443498
remained 0.0011261261261261261 0.585026652029182 0.00065881379733016
frail 0.0011261261261261261 2.0 0.0022522522522522522
recovered 0.0011261261261261261 1.0969100130080565 0.0012352590236577212
previously 0.0011261261261261261 0.7695510786217261 0.0008666115750244663
reportedly 0.0011261261261261261 0.721246399047171 0.0008122144133414089
admitted 0.0011261261261261261 0.7958800173440752 0.0008962612807928775
los 0.0011261261261261261 0.6020599913279624 0.0006779954857296874
angeles 0.0011261261261261261 0.6020599913279624 0.0006779954857296874
posted 0.0011261261261261261 1.1549019599857433 0.0013005652702542153
message 0.0011261261261261261 0.9208187539523752 0.0010369580562526748
via 0.0011261261261261261 0.5086383061657272 0.0005727908853217649
publicist 0.0011261261261261261 2.0 0.0022522522522522522
okay 0.0011261261261261261 1.3979400086720377 0.001574256766522565
reported 0.0011261261261261261 0.7447274948966939 0.0008386570888476282
hospitalized 0.0011261261261261261 1.0969100130080565 0.0012352590236577212
terminal 0.0011261261261261261 1.6989700043360187 0.0019132545093874084
janet 0.0033783783783783786 0.8860566476931633 0.0029934346205850114
subsequently 0.0011261261261261261 0.7695510786217261 0.0008666115750244663
praised 0.0011261261261261261 1.2218487496163564 0.0013759557991175184
honored 0.0011261261261261261 1.0 0.0011261261261261261
radio 0.0011261261261261261 0.8860566476931633 0.0009978115401950037
disney 0.0011261261261261261 1.3010299956639813 0.00146512386899097
music 0.0022522522522522522 0.4559319556497244 0.0010268737739858658
award 0.0011261261261261261 0.721246399047171 0.0008122144133414089
calling 0.0011261261261261261 0.7958800173440752 0.0008962612807928775
incredible 0.0011261261261261261 1.2218487496163564 0.0013759557991175184
morning 0.0011261261261261261 0.958607314841775 0.0010795127419389358
xa 0.0011261261261261261 0.17392519729917358 0.00019586170867024052
nathan 0.0011261261261261261 1.5228787452803376 0.0017149535419823622
adelson 0.0011261261261261261 2.0 0.0022522522522522522
hospice 0.0011261261261261261 1.5228787452803376 0.0017149535419823622
shy 0.0011261261261261261 1.5228787452803376 0.0017149535419823622
deeply 0.0011261261261261261 1.0969100130080565 0.0012352590236577212
saddened 0.0011261261261261261 1.6989700043360187 0.0019132545093874084
mr 0.0022522522522522522 2.7958800173440754 0.00629702706609026
passing 0.0011261261261261261 1.045757490560675 0.0011776548317124719
extend 0.0011261261261261261 2.0 0.0022522522522522522
heartfelt 0.0011261261261261261 1.6989700043360187 0.0019132545093874084
condolence 0.0011261261261261261 2.0 0.0022522522522522522
said 0.0011261261261261261 0.2518119729937996 0.0002835720416596842
statement 0.0011261261261261261 0.638272163982407 0.0007187749594396476
executor 0.0011261261261261261 1.3979400086720377 0.001574256766522565
developed 0.0011261261261261261 0.7958800173440752 0.0008962612807928775
warm 0.0011261261261261261 1.5228787452803376 0.0017149535419823622
relationship 0.0011261261261261261 0.5228787452803376 0.000588827415856236
joe 0.0011261261261261261 0.5228787452803376 0.000588827415856236
recent 0.0011261261261261261 1.045757490560675 0.0011776548317124719
miss 0.0011261261261261261 1.0969100130080565 0.0012352590236577212
tremendously 0.0011261261261261261 2.0 0.0022522522522522522
tv 0.0033783783783783786 0.5228787452803376 0.0017664822475687084
discovery 0.0011261261261261261 1.5228787452803376 0.0017149535419823622
mini 0.0011261261261261261 1.2218487496163564 0.0013759557991175184
check 0.0011261261261261261 0.07058107428570728 7.948319176318388e-05
strive 0.0011261261261261261 0.07058107428570728 7.948319176318388e-05
accuracy 0.0011261261261261261 0.07058107428570728 7.948319176318388e-05
fairness 0.0011261261261261261 0.07058107428570728 7.948319176318388e-05
see 0.0022522522522522522 0.04575749056067514 0.00010305741117269176
something 0.0011261261261261261 0.07058107428570728 7.948319176318388e-05
look 0.0011261261261261261 0.07058107428570728 7.948319176318388e-05
right 0.0011261261261261261 0.07058107428570728 7.948319176318388e-05
citation 0.0011261261261261261 0.07058107428570728 7.948319176318388e-05
information 0.0011261261261261261 0.07058107428570728 7.948319176318388e-05
article 0.0011261261261261261 0.07058107428570728 7.948319176318388e-05
title 0.0011261261261261261 0.07058107428570728 7.948319176318388e-05
author 0.0011261261261261261 0.06048074738138145 6.810894975380794e-05
com 0.0022522522522522522 0.06048074738138145 0.00013621789950761588
editor 0.0011261261261261261 0.1023729087095586 0.00011528480710535879
website 0.0022522522522522522 0.0655015487564323 0.00014752601071268536
url 0.0011261261261261261 0.07058107428570728 7.948319176318388e-05
access 0.0011261261261261261 0.07058107428570728 7.948319176318388e-05
publisher 0.0011261261261261261 0.07058107428570728 7.948319176318388e-05
e 0.0022522522522522522 0.04575749056067514 0.00010305741117269176
television 0.0022522522522522522 0.04575749056067514 0.00010305741117269176
network 0.0022522522522522522 0.04575749056067514 0.00010305741117269176
last 0.0011261261261261261 0.0655015487564323 7.376300535634268e-05
updated 0.0011261261261261261 0.07058107428570728 7.948319176318388e-05
april 0.0022522522522522522 0.1549019599857432 0.00034887828825617837
original 0.0011261261261261261 0.0655015487564323 7.376300535634268e-05
published 0.0011261261261261261 0.07058107428570728 7.948319176318388e-05
receive 0.0011261261261261261 0.05551732784983141 6.251951334440475e-05
story 0.0033783783783783786 0.05551732784983141 0.00018755854003321424
shaped 0.0022522522522522522 0.05551732784983141 0.0001250390266888095
world 0.0011261261261261261 0.04575749056067514 5.152870558634588e-05
sign 0.0011261261261261261 0.05551732784983141 6.251951334440475e-05
person 0.010135135135135136 0.05060999335508724 0.0005129391218421004
multi 0.0011261261261261261 0.6020599913279624 0.0006779954857296874
talented 0.0011261261261261261 0.7447274948966939 0.0008386570888476282
entertainer 0.0011261261261261261 0.8239087409443188 0.0009278251587210796
topping 0.0011261261261261261 0.7958800173440752 0.0008962612807928775
solo 0.0022522522522522522 0.6575773191777938 0.0014810299981481844
artist 0.0033783783783783786 1.341035157335565 0.00453052418018772
released 0.0011261261261261261 0.3010299956639812 0.0003389977428648437
one 0.0033783783783783786 0.08092190762392613 0.0002733848230538045
selling 0.0022522522522522522 0.6575773191777938 0.0014810299981481844
album 0.0022522522522522522 0.5686362358410126 0.0012807122428851636
thriller 0.0011261261261261261 0.7958800173440752 0.0008962612807928775
number 0.0011261261261261261 0.4685210829577449 0.0005276138321596227
hit 0.0022522522522522522 0.8751698505861407 0.0019711032670859025
bad 0.0011261261261261261 0.6020599913279624 0.0006779954857296874
wall 0.0011261261261261261 0.5528419686577808 0.0006225697845245279
paris 0.0022522522522522522 0.6020599913279624 0.0013559909714593748
second 0.0011261261261261261 0.19382002601611284 0.00021826579506319013
legend 0.0022522522522522522 0.5686362358410126 0.0012807122428851636
member 0.0022522522522522522 0.3010299956639812 0.0006779954857296874
prince 0.0033783783783783786 0.6989700043360189 0.002361385149783848
jr 0.0011261261261261261 0.32790214206428253 0.00036925916899130916
nicknamed 0.0011261261261261261 0.9208187539523752 0.0010369580562526748
late 0.0011261261261261261 0.3665315444204135 0.0004127607482211864
star 0.0011261261261261261 0.32790214206428253 0.00036925916899130916
youngest 0.0011261261261261261 0.5228787452803376 0.000588827415856236
contemporary 0.0011261261261261261 0.7958800173440752 0.0008962612807928775
roster 0.0011261261261261261 0.958607314841775 0.0010795127419389358
includes 0.0011261261261261261 0.8860566476931633 0.0009978115401950037
rhythm 0.0011261261261261261 1.0 0.0011261261261261261
nation 0.0011261261261261261 0.35654732351381263 0.0004015172562092485
velvet 0.0011261261261261261 0.9208187539523752 0.0010369580562526748
rope 0.0011261261261261261 0.958607314841775 0.0010795127419389358
unbreakable 0.0011261261261261261 0.8860566476931633 0.0009978115401950037
randy 0.0022522522522522522 0.9208187539523752 0.0020739161125053495
singer 0.0011261261261261261 0.4202164033831899 0.0004732166704765652
musician 0.0011261261261261261 0.6575773191777938 0.0007405149990740922
came 0.0011261261261261261 0.3010299956639812 0.0003389977428648437
fame 0.0011261261261261261 0.48148606012211254 0.0005422140316690456
blanket 0.0022522522522522522 0.9208187539523752 0.0020739161125053495
ii 0.0011261261261261261 0.48148606012211254 0.0005422140316690456
bigi 0.0011261261261261261 1.045757490560675 0.0011776548317124719
third 0.0011261261261261261 0.4202164033831899 0.0004732166704765652
loading 0.0011261261261261261 0.04575749056067514 5.152870558634588e-05
logo 0.0011261261261261261 0.04575749056067514 5.152870558634588e-05
registered 0.0011261261261261261 0.04575749056067514 5.152870558634588e-05
trademark 0.0011261261261261261 0.04575749056067514 5.152870558634588e-05
llc 0.0011261261261261261 0.04575749056067514 5.152870558634588e-05
close 0.0045045045045045045 0.04575749056067514 0.00020611482234538352
