sasha 0.024918743228602384 1.2218487496163564 0.030446935255878868
obama 0.02925243770314193 0.37675070960209955 0.011020876662249933
college 0.0010834236186348862 0.40893539297350084 0.00044305026324322947
age 0.0021668472372697724 0.11350927482751813 0.00024595725856450297
fact 0.0032502708559046583 0.14116214857141457 0.0004588152174585522
biography 0.010834236186348862 0.04575749056067514 0.0004957474600289832
skip 0.0010834236186348862 0.04575749056067514 4.9574746002898314e-05
main 0.0010834236186348862 0.04575749056067514 4.9574746002898314e-05
content 0.0010834236186348862 0.04575749056067514 4.9574746002898314e-05
people 0.004333694474539545 0.04575749056067514 0.00019829898401159325
nostalgia 0.0032502708559046588 0.04575749056067514 0.00014872423800869495
celebrity 0.0032502708559046588 0.04575749056067514 0.00014872423800869495
history 0.004333694474539545 0.04575749056067514 0.00019829898401159325
culture 0.0032502708559046588 0.04575749056067514 0.00014872423800869495
crime 0.0032502708559046588 0.04575749056067514 0.00014872423800869495
scandal 0.0032502708559046588 0.04575749056067514 0.00014872423800869495
video 0.004333694474539545 0.8696662315049939 0.0037688677421668206
contact 0.0032502708559046588 0.04575749056067514 0.00014872423800869495
u 0.015167930660888408 0.20065945054641832 0.0030435886323400396
advertise 0.0021668472372697724 0.04575749056067514 9.914949200579663e-05
privacy 0.004333694474539545 0.04575749056067514 0.00019829898401159325
notice 0.0021668472372697724 0.04575749056067514 9.914949200579663e-05
term 0.005417118093174431 0.5406075122407692 0.0029285347358654888
use 0.0021668472372697724 0.04575749056067514 9.914949200579663e-05
copyright 0.0021668472372697724 0.04575749056067514 9.914949200579663e-05
policy 0.0021668472372697724 0.04575749056067514 9.914949200579663e-05
ad 0.0021668472372697724 0.04575749056067514 9.914949200579663e-05
choice 0.0021668472372697724 0.04575749056067514 9.914949200579663e-05
accessibility 0.0021668472372697724 0.04575749056067514 9.914949200579663e-05
support 0.0021668472372697724 0.04575749056067514 9.914949200579663e-05
setting 0.0010834236186348862 0.04575749056067514 4.9574746002898314e-05
february 0.0010834236186348862 0.04575749056067514 4.9574746002898314e-05
subscribe 0.0021668472372697724 0.04575749056067514 9.914949200579663e-05
newsletter 0.0032502708559046588 0.04575749056067514 0.00014872423800869495
photo 0.0021668472372697724 0.12493873660829993 0.00027072315624767046
chip 0.0010834236186348862 1.5228787452803376 0.0016499228009537784
somodevilla 0.0010834236186348862 1.5228787452803376 0.0016499228009537784
getty 0.0010834236186348862 0.2291479883578558 0.0002482643427495729
image 0.0010834236186348862 0.2218487496163564 0.00024035617509897766
quick 0.0010834236186348862 0.07058107428570728 7.64692029097587e-05
name 0.004333694474539545 0.05551732784983141 0.00024059513694401477
birth 0.0021668472372697724 0.07058107428570728 0.0001529384058195174
date 0.004333694474539545 0.07058107428570728 0.0003058768116390348
june 0.005417118093174431 0.28399665636520083 0.0015384434255969709
place 0.0010834236186348862 0.07572071393811834 8.203760990045323e-05
chicago 0.007583965330444204 0.638272163982407 0.0048406339630301725
illinois 0.004333694474539545 1.045757490560675 0.004531993458551138
full 0.0010834236186348862 0.3010299956639812 0.0003261430072199146
natasha 0.0021668472372697724 2.0 0.004333694474539545
marian 0.0032502708559046588 1.6989700043360187 0.005522112690149574
cite 0.0010834236186348862 0.07058107428570728 7.64692029097587e-05
page 0.0010834236186348862 0.07058107428570728 7.64692029097587e-05
publish 0.0010834236186348862 0.07058107428570728 7.64692029097587e-05
jun 0.0010834236186348862 1.045757490560675 0.0011329983646377845
comment 0.0021668472372697724 0.07058107428570728 0.0001529384058195174
younger 0.004333694474539545 0.585026652029182 0.002535326769357235
daughter 0.009750812567713976 1.1426675035687315 0.011141936654516342
former 0.005417118093174431 0.27572413039921095 0.0014936301755103518
president 0.018418201516793065 0.16749108729376372 0.003084884598043319
barack 0.010834236186348862 0.3872161432802645 0.004195191151465488
first 0.014084507042253521 0.0655015487564323 0.0009225570247384831
lady 0.0065005417118093175 0.6575773191777938 0.004274608792054998
michelle 0.0065005417118093175 1.0 0.0065005417118093175
born 0.0021668472372697724 0.09151498112135023 0.00019829898401159312
state 0.005417118093174431 0.4930892744484819 0.002671122830165124
senator 0.0032502708559046588 0.5228787452803376 0.0016994975469566771
became 0.007583965330444204 0.07572071393811834 0.0005742632693031727
youngest 0.0021668472372697724 0.5228787452803376 0.0011329983646377847
white 0.0065005417118093175 0.3872161432802645 0.0025171146908792926
house 0.0065005417118093175 0.32790214206428253 0.0021315415518804934
resident 0.0021668472372697724 2.0 0.004333694474539545
since 0.0032502708559046588 0.3372421683184259 0.0010961283910674731
child 0.005417118093174431 0.5000381344038097 0.0027087656251560655
john 0.0021668472372697724 0.37675070960209955 0.0008163612342407357
f 0.0032502708559046588 0.721246399047171 0.0023442461507492017
kennedy 0.007583965330444204 0.06048074738138145 0.000458683891299751
following 0.004333694474539545 0.2518119729937996 0.0010912761559861304
father 0.007583965330444204 0.14874165128092467 0.0011280515265075545
election 0.0010834236186348862 0.44369749923271273 0.00048071235019795527
carefully 0.0021668472372697724 1.5228787452803376 0.003299845601907557
guarded 0.0021668472372697724 1.6989700043360187 0.0036814084600997154
two 0.0010834236186348862 0.11918640771920867 0.000129129369143238
administration 0.0021668472372697724 0.6575773191777938 0.0014248695973516658
played 0.0010834236186348862 0.6575773191777938 0.0007124347986758329
basketball 0.0021668472372697724 1.045757490560675 0.002265996729275569
prestigious 0.0010834236186348862 1.1549019599857433 0.0012512480606562766
sidwell 0.004333694474539545 1.5228787452803376 0.006599691203815114
friend 0.004333694474539545 0.5686362358410126 0.002464295713287162
school 0.005417118093174431 1.0026136156026868 0.005431276357544349
joined 0.0021668472372697724 0.4685210829577449 0.0010152136142096313
parent 0.005417118093174431 0.4559319556497244 0.0024698372462065243
older 0.0021668472372697724 0.721246399047171 0.0015628307671661343
sister 0.0021668472372697724 0.721246399047171 0.0015628307671661343
malia 0.007583965330444204 1.2218487496163564 0.009266458556137048
official 0.0021668472372697724 0.721246399047171 0.0015628307671661343
trip 0.0032502708559046588 1.3979400086720377 0.00454368366848983
overseas 0.0010834236186348862 1.2218487496163564 0.0013237797937338638
enrolling 0.0021668472372697724 1.5228787452803376 0.003299845601907557
university 0.005417118093174431 0.2596373105057561 0.0014064859724038793
michigan 0.0021668472372697724 1.0969100130080565 0.0023768364312200573
early 0.0032502708559046588 0.07572071393811834 0.00024611282970135975
year 0.0065005417118093175 0.24995468798823245 0.0016248408753297885
mother 0.004333694474539545 0.21467016498923297 0.0009303149078623313
soon 0.0010834236186348862 0.40893539297350084 0.00044305026324322947
begin 0.0010834236186348862 1.0 0.0010834236186348862
job 0.0021668472372697724 0.5686362358410126 0.001232147856643581
executive 0.0021668472372697724 0.5528419686577808 0.0011979240924328944
director 0.0010834236186348862 0.5686362358410126 0.0006160739283217905
community 0.0021668472372697724 0.48148606012211254 0.001043306739159507
affair 0.0010834236186348862 0.7695510786217261 0.0008337498143247303
medical 0.0010834236186348862 0.7447274948966939 0.0008068553574178698
center 0.0010834236186348862 0.585026652029182 0.0006338316923393088
meningitis 0.0010834236186348862 2.0 0.0021668472372697724
scare 0.0010834236186348862 1.5228787452803376 0.0016499228009537784
grew 0.0010834236186348862 0.494850021680094 0.0005361322011701994
become 0.0021668472372697724 0.3372421683184259 0.0007307522607116488
healthy 0.0010834236186348862 2.0 0.0021668472372697724
active 0.0010834236186348862 0.8239087409443188 0.0008926421895388069
remaining 0.0010834236186348862 1.0 0.0010834236186348862
big 0.0010834236186348862 0.5228787452803376 0.0005664991823188923
hyde 0.0010834236186348862 1.2218487496163564 0.0013237797937338638
park 0.0010834236186348862 1.2218487496163564 0.0013237797937338638
neighborhood 0.0021668472372697724 0.7958800173440752 0.0017245504167802278
elected 0.004333694474539545 0.3665315444204135 0.0015884357287991918
senate 0.0021668472372697724 0.5686362358410126 0.001232147856643581
attended 0.0032502708559046588 0.5376020021010439 0.0017473521195050183
laboratory 0.0010834236186348862 1.6989700043360187 0.0018407042300498577
kept 0.0010834236186348862 0.8860566476931633 0.0009599746995592234
busy 0.0010834236186348862 1.0969100130080565 0.0011884182156100286
piano 0.0010834236186348862 1.5228787452803376 0.0016499228009537784
tennis 0.0010834236186348862 1.3010299956639813 0.0014095666258548008
gymnastics 0.0010834236186348862 2.0 0.0021668472372697724
tap 0.0010834236186348862 1.3979400086720377 0.0015145612228299433
dance 0.0010834236186348862 1.1549019599857433 0.0012512480606562766
lesson 0.0010834236186348862 1.5228787452803376 0.0016499228009537784
way 0.0010834236186348862 0.431798275933005 0.00046782045063164135
becoming 0.0021668472372697724 0.3372421683184259 0.0007307522607116488
national 0.0010834236186348862 0.3010299956639812 0.0003261430072199146
figure 0.0010834236186348862 0.6777807052660807 0.0007343236243402824
ambitious 0.0010834236186348862 1.1549019599857433 0.0012512480606562766
campaigned 0.0010834236186348862 1.045757490560675 0.0011329983646377845
presidency 0.0021668472372697724 0.4685210829577449 0.0010152136142096313
made 0.0021668472372697724 0.1804560644581313 0.0003910207247196778
television 0.0032502708559046588 0.04575749056067514 0.00014872423800869495
appearance 0.0010834236186348862 0.8860566476931633 0.0009599746995592234
july 0.0021668472372697724 0.37675070960209955 0.0008163612342407357
part 0.0021668472372697724 0.3372421683184259 0.0007307522607116488
access 0.0021668472372697724 0.07058107428570728 0.0001529384058195174
hollywood 0.0010834236186348862 0.7958800173440752 0.0008622752083901139
segment 0.0010834236186348862 1.6989700043360187 0.0018407042300498577
candidate 0.0010834236186348862 0.585026652029182 0.0006338316923393088
family 0.004333694474539545 0.11918640771920867 0.000516517476572952
though 0.0021668472372697724 0.3665315444204135 0.0007942178643995959
later 0.0021668472372697724 0.09151498112135023 0.00019829898401159312
regretted 0.0010834236186348862 2.0 0.0021668472372697724
including 0.0010834236186348862 0.2365720064370627 0.00025630769928175804
interview 0.0010834236186348862 0.585026652029182 0.0006338316923393088
life 0.004333694474539545 0.13679614097137055 0.0005928326802659611
th 0.0021668472372697724 0.2076083105017461 0.00044985549404495364
november 0.0010834236186348862 0.24412514432750856 0.0002644909472670732
old 0.004333694474539545 0.28399665636520083 0.0012307547404775767
month 0.0010834236186348862 0.585026652029182 0.0006338316923393088
jr 0.0010834236186348862 0.32790214206428253 0.0003552569253134155
caroline 0.0010834236186348862 1.6989700043360187 0.0018407042300498577
receiving 0.0010834236186348862 0.619788758288394 0.0006714937792940346
personal 0.0021668472372697724 0.3372421683184259 0.0007307522607116488
tour 0.0010834236186348862 0.7447274948966939 0.0008068553574178698
new 0.0021668472372697724 0.14266750356873154 0.0003091386859560813
home 0.0021668472372697724 0.31875876262441283 0.0006907015441482401
outgoing 0.0010834236186348862 1.3979400086720377 0.0015145612228299433
presidential 0.0032502708559046588 0.3665315444204135 0.001191326796599394
jenna 0.0010834236186348862 1.3979400086720377 0.0015145612228299433
barbara 0.0010834236186348862 1.045757490560675 0.0011329983646377845
bush 0.0010834236186348862 0.7447274948966939 0.0008068553574178698
settled 0.0010834236186348862 1.1549019599857433 0.0012512480606562766
mansion 0.0010834236186348862 1.045757490560675 0.0011329983646377845
watch 0.0010834236186348862 1.2218487496163564 0.0013237797937338638
maternal 0.0010834236186348862 1.0969100130080565 0.0011884182156100286
grandmother 0.0010834236186348862 0.6777807052660807 0.0007343236243402824
robinson 0.0010834236186348862 0.958607314841775 0.0010385778058957474
fulfilled 0.0010834236186348862 1.3010299956639813 0.0014095666258548008
campaign 0.0010834236186348862 0.3872161432802645 0.00041951911514654874
promise 0.0010834236186348862 0.9208187539523752 0.0009976367865139493
gifting 0.0010834236186348862 2.0 0.0021668472372697724
portuguese 0.0010834236186348862 1.6989700043360187 0.0018407042300498577
water 0.0010834236186348862 1.045757490560675 0.0011329983646377845
dog 0.0010834236186348862 1.3979400086720377 0.0015145612228299433
named 0.0021668472372697724 0.494850021680094 0.0010722644023403987
bo 0.0010834236186348862 1.3010299956639813 0.0014095666258548008
second 0.0032502708559046588 0.19382002601611284 0.0006299675818508543
one 0.0010834236186348862 0.08092190762392613 8.767270598475203e-05
sunny 0.0010834236186348862 1.3979400086720377 0.0015145612228299433
set 0.0010834236186348862 0.494850021680094 0.0005361322011701994
series 0.0010834236186348862 0.37675070960209955 0.00040818061712036784
ground 0.0010834236186348862 1.045757490560675 0.0011329983646377845
rule 0.0010834236186348862 1.0 0.0010834236186348862
included 0.0021668472372697724 0.48148606012211254 0.001043306739159507
limited 0.0010834236186348862 0.9208187539523752 0.0009976367865139493
tv 0.0010834236186348862 0.5228787452803376 0.0005664991823188923
time 0.0010834236186348862 0.1023729087095586 0.00011091322720428884
facebook 0.0010834236186348862 1.3979400086720377 0.0015145612228299433
largely 0.0010834236186348862 0.853871964321762 0.0009251050534363618
sheltered 0.0010834236186348862 2.0 0.0021668472372697724
medium 0.0010834236186348862 0.5086383061657272 0.0005510707542423914
secret 0.0010834236186348862 0.8860566476931633 0.0009599746995592234
service 0.0010834236186348862 0.5086383061657272 0.0005510707542423914
agent 0.0010834236186348862 1.3010299956639813 0.0014095666258548008
assigned 0.0010834236186348862 1.1549019599857433 0.0012512480606562766
code 0.0010834236186348862 1.3010299956639813 0.0014095666258548008
rosebud 0.0010834236186348862 2.0 0.0021668472372697724
enjoyed 0.0021668472372697724 0.6575773191777938 0.0014248695973516658
normal 0.0010834236186348862 1.3010299956639813 0.0014095666258548008
childhood 0.0010834236186348862 0.6020599913279624 0.0006522860144398292
activity 0.0010834236186348862 1.0969100130080565 0.0011884182156100286
like 0.0032502708559046588 0.2365720064370627 0.0007689230978452742
sleepover 0.0010834236186348862 2.0 0.0021668472372697724
class 0.0021668472372697724 1.598599459218456 0.0034639208217084635
forged 0.0010834236186348862 1.5228787452803376 0.0016499228009537784
close 0.0065005417118093175 0.04575749056067514 0.0002974484760173899
friendship 0.0010834236186348862 1.2218487496163564 0.0013237797937338638
maisy 0.0032502708559046588 2.0 0.0065005417118093175
biden 0.005417118093174431 0.6575773191777938 0.0035621739933791646
granddaughter 0.0010834236186348862 1.6989700043360187 0.0018407042300498577
vice 0.004333694474539545 0.5376020021010439 0.0023298028260066907
joe 0.0032502708559046588 0.5228787452803376 0.0016994975469566771
still 0.0010834236186348862 0.431798275933005 0.00046782045063164135
occasionally 0.0010834236186348862 1.2218487496163564 0.0013237797937338638
business 0.0010834236186348862 0.6989700043360189 0.0007572806114149716
august 0.0010834236186348862 0.494850021680094 0.0005361322011701994
op 0.0010834236186348862 2.0 0.0021668472372697724
sought 0.0010834236186348862 0.721246399047171 0.0007814153835830671
portray 0.0010834236186348862 2.0 0.0021668472372697724
gulf 0.0010834236186348862 1.5228787452803376 0.0016499228009537784
mexico 0.0010834236186348862 1.0 0.0010834236186348862
safe 0.0010834236186348862 1.5228787452803376 0.0016499228009537784
bp 0.0010834236186348862 2.0 0.0021668472372697724
oil 0.0010834236186348862 1.0 0.0010834236186348862
spill 0.0010834236186348862 2.0 0.0021668472372697724
international 0.0010834236186348862 0.40893539297350084 0.00044305026324322947
brought 0.0010834236186348862 0.619788758288394 0.0006714937792940346
kremlin 0.0010834236186348862 1.6989700043360187 0.0018407042300498577
moscow 0.0021668472372697724 2.0 0.004333694474539545
russia 0.0010834236186348862 0.853871964321762 0.0009251050534363618
vatican 0.0010834236186348862 1.6989700043360187 0.0018407042300498577
rome 0.0010834236186348862 1.6989700043360187 0.0018407042300498577
italy 0.0010834236186348862 1.3010299956639813 0.0014095666258548008
according 0.0010834236186348862 0.638272163982407 0.0006915191375757389
memoir 0.0010834236186348862 1.045757490560675 0.0011329983646377845
began 0.0010834236186348862 0.20065945054641826 0.00021739918802428845
asserting 0.0010834236186348862 2.0 0.0021668472372697724
independent 0.0010834236186348862 1.0 0.0010834236186348862
personality 0.0010834236186348862 0.853871964321762 0.0009251050534363618
start 0.0010834236186348862 0.7695510786217261 0.0008337498143247303
longer 0.0010834236186348862 0.8239087409443188 0.0008926421895388069
eager 0.0010834236186348862 2.0 0.0021668472372697724
join 0.0021668472372697724 0.9208187539523752 0.0019952735730278987
traditional 0.0010834236186348862 1.3010299956639813 0.0014095666258548008
event 0.0010834236186348862 0.853871964321762 0.0009251050534363618
annual 0.0010834236186348862 0.958607314841775 0.0010385778058957474
pardoning 0.0010834236186348862 1.6989700043360187 0.0018407042300498577
thanksgiving 0.0010834236186348862 1.5228787452803376 0.0016499228009537784
turkey 0.0010834236186348862 1.3979400086720377 0.0015145612228299433
devotee 0.0010834236186348862 1.5228787452803376 0.0016499228009537784
cooking 0.0010834236186348862 1.3979400086720377 0.0015145612228299433
show 0.0010834236186348862 0.6777807052660807 0.0007343236243402824
commandeered 0.0010834236186348862 2.0 0.0021668472372697724
residence 0.0010834236186348862 1.1549019599857433 0.0012512480606562766
kitchen 0.0010834236186348862 1.6989700043360187 0.0018407042300498577
sport 0.0010834236186348862 1.0 0.0010834236186348862
fan 0.0010834236186348862 1.5228787452803376 0.0016499228009537784
fifa 0.0010834236186348862 2.0 0.0021668472372697724
woman 0.0021668472372697724 0.7958800173440752 0.0017245504167802278
world 0.0032502708559046588 0.04575749056067514 0.00014872423800869495
cup 0.0010834236186348862 1.2218487496163564 0.0013237797937338638
final 0.0010834236186348862 0.6989700043360189 0.0007572806114149716
vancouver 0.0010834236186348862 2.0 0.0021668472372697724
canada 0.0010834236186348862 1.0 0.0010834236186348862
read 0.0010834236186348862 0.0655015487564323 7.09659249798833e-05
next 0.0010834236186348862 0.07058107428570728 7.64692029097587e-05
bella 0.0010834236186348862 0.0655015487564323 7.09659249798833e-05
hadid 0.0010834236186348862 0.0655015487564323 7.09659249798833e-05
sadie 0.0010834236186348862 0.06048074738138145 6.55262701856787e-05
alexander 0.0010834236186348862 0.05551732784983141 6.014878423600369e-05
adrienne 0.0010834236186348862 0.0655015487564323 7.09659249798833e-05
took 0.0021668472372697724 0.28399665636520083 0.0006153773702387884
dinner 0.0010834236186348862 1.3979400086720377 0.0015145612228299433
march 0.0010834236186348862 0.27572413039921095 0.00029872603510207037
photographed 0.0021668472372697724 1.3979400086720377 0.0030291224456598866
getting 0.0010834236186348862 0.7695510786217261 0.0008337498143247303
thumb 0.0010834236186348862 1.6989700043360187 0.0018407042300498577
chatted 0.0010834236186348862 2.0 0.0021668472372697724
heartthrob 0.0010834236186348862 2.0 0.0021668472372697724
actor 0.0010834236186348862 0.4685210829577449 0.0005076068071048157
ryan 0.0010834236186348862 1.045757490560675 0.0011329983646377845
reynolds 0.0010834236186348862 1.6989700043360187 0.0018407042300498577
landed 0.0010834236186348862 1.045757490560675 0.0011329983646377845
popular 0.0010834236186348862 0.4685210829577449 0.0005076068071048157
martha 0.0010834236186348862 1.3010299956639813 0.0014095666258548008
vineyard 0.0010834236186348862 2.0 0.0021668472372697724
seafood 0.0010834236186348862 2.0 0.0021668472372697724
restaurant 0.0010834236186348862 1.2218487496163564 0.0013237797937338638
summer 0.0021668472372697724 0.6989700043360189 0.0015145612228299433
unlike 0.0010834236186348862 1.1549019599857433 0.0012512480606562766
enjoying 0.0010834236186348862 1.3979400086720377 0.0015145612228299433
break 0.0010834236186348862 0.8860566476931633 0.0009599746995592234
study 0.0010834236186348862 0.9208187539523752 0.0009976367865139493
entering 0.0010834236186348862 1.045757490560675 0.0011329983646377845
harvard 0.0010834236186348862 0.7447274948966939 0.0008068553574178698
young 0.0010834236186348862 0.3010299956639812 0.0003261430072199146
head 0.0010834236186348862 0.5228787452803376 0.0005664991823188923
moved 0.0010834236186348862 0.3872161432802645 0.00041951911514654874
another 0.0010834236186348862 0.40893539297350084 0.00044305026324322947
washington 0.0010834236186348862 0.3979400086720376 0.00043113760419505694
c 0.0032502708559046588 0.35654732351381263 0.001158875374367755
reportedly 0.0010834236186348862 0.721246399047171 0.0007814153835830671
scored 0.0010834236186348862 1.3979400086720377 0.0015145612228299433
favorable 0.0010834236186348862 1.5228787452803376 0.0016499228009537784
living 0.0010834236186348862 0.619788758288394 0.0006714937792940346
arrangement 0.0010834236186348862 1.6989700043360187 0.0018407042300498577
finished 0.0010834236186348862 1.045757490560675 0.0011329983646377845
high 0.0010834236186348862 0.27572413039921095 0.00029872603510207037
january 0.0021668472372697724 0.2676062401770315 0.0005798618422037518
jaunt 0.0010834236186348862 2.0 0.0021668472372697724
miami 0.0010834236186348862 1.3010299956639813 0.0014095666258548008
beach 0.0010834236186348862 1.1549019599857433 0.0012512480606562766
indonesian 0.0010834236186348862 2.0 0.0021668472372697724
vacation 0.0010834236186348862 2.0 0.0021668472372697724
rest 0.0021668472372697724 0.6020599913279624 0.0013045720288796584
spring 0.0010834236186348862 1.0969100130080565 0.0011884182156100286
broccoli 0.0010834236186348862 2.0 0.0021668472372697724
city 0.0021668472372697724 0.3665315444204135 0.0007942178643995959
festival 0.0010834236186348862 1.045757490560675 0.0011329983646377845
rapper 0.0010834236186348862 1.6989700043360187 0.0018407042300498577
cardi 0.0010834236186348862 2.0 0.0021668472372697724
b 0.0010834236186348862 0.37675070960209955 0.00040818061712036784
offset 0.0010834236186348862 1.3979400086720377 0.0015145612228299433
beyonc 0.0010834236186348862 1.5228787452803376 0.0016499228009537784
xe 0.0010834236186348862 0.853871964321762 0.0009251050534363618
jay 0.0010834236186348862 1.3010299956639813 0.0014095666258548008
z 0.0010834236186348862 1.3979400086720377 0.0015145612228299433
concert 0.0010834236186348862 0.853871964321762 0.0009251050534363618
paris 0.0010834236186348862 0.6020599913279624 0.0006522860144398292
education 0.0021668472372697724 0.19382002601611284 0.0004199783879005695
entered 0.0010834236186348862 0.721246399047171 0.0007814153835830671
private 0.0010834236186348862 0.6020599913279624 0.0006522860144398292
quaker 0.0010834236186348862 1.6989700043360187 0.0018407042300498577
institution 0.0010834236186348862 1.3010299956639813 0.0014095666258548008
previously 0.0010834236186348862 0.7695510786217261 0.0008337498143247303
served 0.0032502708559046588 0.2676062401770315 0.0008697927633056279
theodore 0.0010834236186348862 1.3979400086720377 0.0015145612228299433
roosevelt 0.0010834236186348862 1.0 0.0010834236186348862
richard 0.0010834236186348862 0.6777807052660807 0.0007343236243402824
nixon 0.0021668472372697724 0.8860566476931633 0.0019199493991184468
bill 0.0021668472372697724 0.4202164033831899 0.0009105447527263052
clinton 0.007583965330444204 0.5228787452803376 0.003965494276232246
al 0.0010834236186348862 0.7447274948966939 0.0008068553574178698
gore 0.0010834236186348862 1.1549019599857433 0.0012512480606562766
competitive 0.0010834236186348862 1.5228787452803376 0.0016499228009537784
swimmer 0.0010834236186348862 1.6989700043360187 0.0018407042300498577
especially 0.0010834236186348862 1.0 0.0010834236186348862
famously 0.0010834236186348862 1.3010299956639813 0.0014095666258548008
helped 0.0010834236186348862 0.3372421683184259 0.0003653761303558244
coach 0.0010834236186348862 1.2218487496163564 0.0013237797937338638
hoop 0.0010834236186348862 2.0 0.0021668472372697724
team 0.0010834236186348862 0.619788758288394 0.0006714937792940346
league 0.0021668472372697724 0.8239087409443188 0.0017852843790776137
title 0.0021668472372697724 0.07058107428570728 0.0001529384058195174
negative 0.0010834236186348862 1.3010299956639813 0.0014095666258548008
attention 0.0010834236186348862 0.6777807052660807 0.0007343236243402824
forced 0.0010834236186348862 0.721246399047171 0.0007814153835830671
step 0.0010834236186348862 0.7958800173440752 0.0008622752083901139
aside 0.0010834236186348862 1.0969100130080565 0.0011884182156100286
also 0.0032502708559046588 0.0861861476162833 0.0002801283237799024
involved 0.0010834236186348862 0.4559319556497244 0.0004939674492413049
performing 0.0010834236186348862 0.8239087409443188 0.0008926421895388069
art 0.0010834236186348862 1.045757490560675 0.0011329983646377845
among 0.0010834236186348862 0.35654732351381263 0.0003862917914559183
area 0.0010834236186348862 0.7447274948966939 0.0008068553574178698
tapped 0.0010834236186348862 1.3979400086720377 0.0015145612228299433
ballet 0.0010834236186348862 1.6989700043360187 0.0018407042300498577
production 0.0010834236186348862 1.0 0.0010834236186348862
nutcracker 0.0010834236186348862 2.0 0.0021668472372697724
late 0.0010834236186348862 0.3665315444204135 0.00039710893219979795
graduating 0.0010834236186348862 0.5528419686577808 0.0005989620462164472
caused 0.0010834236186348862 0.8860566476931633 0.0009599746995592234
stir 0.0010834236186348862 1.3979400086720377 0.0015145612228299433
bypassing 0.0010834236186348862 1.5228787452803376 0.0016499228009537784
allure 0.0010834236186348862 2.0 0.0021668472372697724
ivy 0.0010834236186348862 1.6989700043360187 0.0018407042300498577
many 0.0010834236186348862 0.28399665636520083 0.0003076886851193942
student 0.0010834236186348862 0.853871964321762 0.0009251050534363618
affected 0.0010834236186348862 1.045757490560675 0.0011329983646377845
covid 0.0010834236186348862 1.045757490560675 0.0011329983646377845
pandemic 0.0010834236186348862 0.9208187539523752 0.0009976367865139493
spent 0.0010834236186348862 0.48148606012211254 0.0005216533695797535
sophomore 0.0010834236186348862 1.5228787452803376 0.0016499228009537784
tuning 0.0010834236186348862 2.0 0.0021668472372697724
remotely 0.0010834236186348862 2.0 0.0021668472372697724
tempting 0.0010834236186348862 1.6989700043360187 0.0018407042300498577
midnight 0.0010834236186348862 1.0969100130080565 0.0011884182156100286
baking 0.0010834236186348862 2.0 0.0021668472372697724
session 0.0010834236186348862 1.2218487496163564 0.0013237797937338638
xa 0.0010834236186348862 0.17392519729917358 0.00018843466662965717
known 0.0021668472372697724 0.06048074738138145 0.0001310525403713574
sassy 0.0010834236186348862 2.0 0.0021668472372697724
described 0.0010834236186348862 0.6989700043360189 0.0007572806114149716
cutup 0.0010834236186348862 2.0 0.0021668472372697724
joked 0.0010834236186348862 1.2218487496163564 0.0013237797937338638
afraid 0.0010834236186348862 1.0 0.0010834236186348862
refers 0.0010834236186348862 2.0 0.0021668472372697724
music 0.0010834236186348862 0.4559319556497244 0.0004939674492413049
guru 0.0010834236186348862 2.0 0.0021668472372697724
provided 0.0010834236186348862 0.958607314841775 0.0010385778058957474
glimpse 0.0010834236186348862 2.0 0.0021668472372697724
musical 0.0010834236186348862 0.48148606012211254 0.0005216533695797535
taste 0.0010834236186348862 1.5228787452803376 0.0016499228009537784
singing 0.0010834236186348862 1.1549019599857433 0.0012512480606562766
dancing 0.0010834236186348862 1.5228787452803376 0.0016499228009537784
couple 0.0010834236186348862 0.40893539297350084 0.00044305026324322947
deleted 0.0010834236186348862 2.0 0.0021668472372697724
tiktok 0.0010834236186348862 1.5228787452803376 0.0016499228009537784
revealed 0.0010834236186348862 0.5086383061657272 0.0005510707542423914
serious 0.0010834236186348862 0.958607314841775 0.0010385778058957474
side 0.0010834236186348862 0.585026652029182 0.0006338316923393088
participating 0.0010834236186348862 1.2218487496163564 0.0013237797937338638
demonstration 0.0010834236186348862 1.0 0.0010834236186348862
protest 0.0010834236186348862 0.7447274948966939 0.0008068553574178698
police 0.0010834236186348862 0.5376020021010439 0.0005824507065016727
brutality 0.0010834236186348862 1.3010299956639813 0.0014095666258548008
death 0.0010834236186348862 1.0969100130080565 0.0011884182156100286
george 0.0010834236186348862 0.4685210829577449 0.0005076068071048157
floyd 0.0010834236186348862 1.3979400086720377 0.0015145612228299433
breonna 0.0010834236186348862 2.0 0.0021668472372697724
taylor 0.0010834236186348862 1.0 0.0010834236186348862
check 0.0010834236186348862 0.07058107428570728 7.64692029097587e-05
strive 0.0010834236186348862 0.07058107428570728 7.64692029097587e-05
accuracy 0.0010834236186348862 0.07058107428570728 7.64692029097587e-05
fairness 0.0010834236186348862 0.07058107428570728 7.64692029097587e-05
see 0.0021668472372697724 0.04575749056067514 9.914949200579663e-05
something 0.0010834236186348862 0.07058107428570728 7.64692029097587e-05
look 0.0010834236186348862 0.07058107428570728 7.64692029097587e-05
right 0.0010834236186348862 0.07058107428570728 7.64692029097587e-05
citation 0.0010834236186348862 0.07058107428570728 7.64692029097587e-05
information 0.0010834236186348862 0.07058107428570728 7.64692029097587e-05
article 0.0010834236186348862 0.07058107428570728 7.64692029097587e-05
author 0.0010834236186348862 0.06048074738138145 6.55262701856787e-05
com 0.0021668472372697724 0.06048074738138145 0.0001310525403713574
editor 0.0010834236186348862 0.1023729087095586 0.00011091322720428884
website 0.0021668472372697724 0.0655015487564323 0.0001419318499597666
url 0.0010834236186348862 0.07058107428570728 7.64692029097587e-05
publisher 0.0010834236186348862 0.07058107428570728 7.64692029097587e-05
e 0.0021668472372697724 0.04575749056067514 9.914949200579663e-05
network 0.0021668472372697724 0.04575749056067514 9.914949200579663e-05
last 0.0010834236186348862 0.0655015487564323 7.09659249798833e-05
updated 0.0010834236186348862 0.07058107428570728 7.64692029097587e-05
original 0.0010834236186348862 0.0655015487564323 7.09659249798833e-05
published 0.0010834236186348862 0.07058107428570728 7.64692029097587e-05
receive 0.0010834236186348862 0.05551732784983141 6.014878423600369e-05
story 0.0032502708559046588 0.05551732784983141 0.00018044635270801109
shaped 0.0021668472372697724 0.05551732784983141 0.00012029756847200739
sign 0.0010834236186348862 0.05551732784983141 6.014878423600369e-05
person 0.009750812567713976 0.05060999335508724 0.0004934885592587055
lawyer 0.0021668472372697724 0.48148606012211254 0.001043306739159507
writer 0.0010834236186348862 0.6989700043360189 0.0007572806114149716
wife 0.0010834236186348862 0.3098039199714864 0.00033564888404278046
prior 0.0010834236186348862 0.853871964321762 0.0009251050534363618
role 0.0010834236186348862 0.3665315444204135 0.00039710893219979795
administrator 0.0010834236186348862 1.3010299956639813 0.0014095666258548008
outreach 0.0010834236186348862 1.1549019599857433 0.0012512480606562766
worker 0.0010834236186348862 1.2218487496163564 0.0013237797937338638
united 0.0021668472372697724 0.18708664335714445 0.00040538817628850367
african 0.0010834236186348862 0.28399665636520083 0.0003076886851193942
american 0.0021668472372697724 0.1023729087095586 0.0002218264544085777
serve 0.0010834236186348862 0.5086383061657272 0.0005510707542423914
office 0.0021668472372697724 0.31875876262441283 0.0006907015441482401
rahm 0.0021668472372697724 1.3979400086720377 0.0030291224456598866
emanuel 0.0021668472372697724 1.3979400086720377 0.0030291224456598866
politician 0.0010834236186348862 0.6575773191777938 0.0007124347986758329
chief 0.0010834236186348862 0.5686362358410126 0.0006160739283217905
staff 0.0010834236186348862 0.9208187539523752 0.0009976367865139493
mayor 0.0010834236186348862 0.6777807052660807 0.0007343236243402824
ethel 0.0021668472372697724 1.6989700043360187 0.0036814084600997154
best 0.0010834236186348862 0.13667713987954408 0.00014807924147296217
widow 0.0010834236186348862 1.1549019599857433 0.0012512480606562766
robert 0.0010834236186348862 0.5528419686577808 0.0005989620462164472
attorney 0.0010834236186348862 0.494850021680094 0.0005361322011701994
general 0.0010834236186348862 0.4559319556497244 0.0004939674492413049
york 0.0010834236186348862 0.3467874862246563 0.0003757177532228129
assassinated 0.0010834236186348862 1.0969100130080565 0.0011884182156100286
hillary 0.0032502708559046588 0.853871964321762 0.002775315160309086
win 0.0010834236186348862 0.585026652029182 0.0006338316923393088
public 0.0010834236186348862 0.2596373105057561 0.00028129719448077584
seat 0.0010834236186348862 0.619788758288394 0.0006714937792940346
nominee 0.0010834236186348862 0.7695510786217261 0.0008337498143247303
major 0.0010834236186348862 0.4202164033831899 0.0004552723763631526
political 0.0010834236186348862 0.3098039199714864 0.00033564888404278046
party 0.0010834236186348862 0.3979400086720376 0.00043113760419505694
betty 0.0021668472372697724 1.3979400086720377 0.0030291224456598866
ford 0.0032502708559046588 0.958607314841775 0.0031157334176872427
resigned 0.0010834236186348862 0.9208187539523752 0.0009976367865139493
husband 0.0010834236186348862 0.7447274948966939 0.0008068553574178698
gerald 0.0010834236186348862 1.045757490560675 0.0011329983646377845
acting 0.0010834236186348862 0.6777807052660807 0.0007343236243402824
chelsea 0.0021668472372697724 1.1549019599857433 0.002502496121312553
rodham 0.0010834236186348862 1.2218487496163564 0.0013237797937338638
loading 0.0010834236186348862 0.04575749056067514 4.9574746002898314e-05
logo 0.0010834236186348862 0.04575749056067514 4.9574746002898314e-05
registered 0.0010834236186348862 0.04575749056067514 4.9574746002898314e-05
trademark 0.0010834236186348862 0.04575749056067514 4.9574746002898314e-05
llc 0.0010834236186348862 0.04575749056067514 4.9574746002898314e-05
