joe 0.009386523633925578 0.5228787452803376 0.004908013700251241
biden 0.04190412336573919 0.6575773191777938 0.027555201105338326
age 0.0016761649346295677 1.6363880201078558 0.002742856218752692
politics 0.0010056989607777405 0.4685210829577449 0.0004711911662330656
family 0.0036875628561850483 1.0777937225609837 0.003974432097945297
biography 0.003352329869259135 0.04575749056067514 0.0001533942023488942
skip 0.00033523298692591353 0.04575749056067514 1.533942023488942e-05
main 0.00033523298692591353 0.04575749056067514 1.533942023488942e-05
content 0.00033523298692591353 0.04575749056067514 1.533942023488942e-05
people 0.00670465973851827 0.04575749056067514 0.0003067884046977884
nostalgia 0.0010056989607777405 0.04575749056067514 4.601826070466826e-05
celebrity 0.0010056989607777405 0.04575749056067514 4.601826070466826e-05
history 0.004022795843110962 0.04575749056067514 0.00018407304281867304
culture 0.0010056989607777405 0.04575749056067514 4.601826070466826e-05
crime 0.002011397921555481 1.2006594505464185 0.002415003923325012
scandal 0.0013409319477036541 0.04575749056067514 6.135768093955769e-05
video 0.0013409319477036541 0.04575749056067514 6.135768093955769e-05
contact 0.0010056989607777405 0.04575749056067514 4.601826070466826e-05
u 0.005698960777740529 0.20065945054641832 0.0011435503383470035
advertise 0.0006704659738518271 0.04575749056067514 3.067884046977884e-05
privacy 0.0010056989607777405 0.04575749056067514 4.601826070466826e-05
notice 0.0006704659738518271 0.04575749056067514 3.067884046977884e-05
term 0.002346630908481395 0.5406075122407692 0.001268606297581423
use 0.0006704659738518271 0.04575749056067514 3.067884046977884e-05
copyright 0.0006704659738518271 0.04575749056067514 3.067884046977884e-05
policy 0.0036875628561850488 0.7670038896078462 0.002828375053867351
ad 0.0006704659738518271 0.04575749056067514 3.067884046977884e-05
choice 0.0006704659738518271 0.04575749056067514 3.067884046977884e-05
accessibility 0.0006704659738518271 0.04575749056067514 3.067884046977884e-05
support 0.0016761649346295675 0.04575749056067514 7.66971011744471e-05
setting 0.00033523298692591353 0.04575749056067514 1.533942023488942e-05
february 0.0006704659738518271 0.04575749056067514 3.067884046977884e-05
subscribe 0.0006704659738518271 0.04575749056067514 3.067884046977884e-05
newsletter 0.0010056989607777405 0.04575749056067514 4.601826070466826e-05
photo 0.0006704659738518271 1.0457574905606752 0.0007011448143216059
david 0.00033523298692591353 0.7695510786217261 0.00025797890667841975
lienemann 0.00033523298692591353 1.6989700043360187 0.0005695507892510958
white 0.0016761649346295675 0.3872161432802645 0.0006490381214888778
house 0.002011397921555481 0.32790214206428253 0.0006595416870216879
via 0.00033523298692591353 0.5086383061657272 0.00017051233864087405
getty 0.00033523298692591353 0.2291479883578558 7.681796458526846e-05
image 0.0006704659738518271 0.2218487496163564 0.00014874203795934053
quick 0.00033523298692591353 0.07058107428570728 2.3661104353237442e-05
fact 0.0006704659738518271 0.14116214857141457 9.464441741294977e-05
name 0.0010056989607777405 0.05551732784983141 5.583371892373256e-05
birth 0.0006704659738518271 0.07058107428570728 4.7322208706474885e-05
date 0.0016761649346295675 0.07058107428570728 0.0001183055217661872
november 0.0026818638954073082 0.24412514432750856 0.0006547104105330434
education 0.00033523298692591353 0.19382002601611284 6.497486624743978e-05
st 0.0013409319477036541 0.721246399047171 0.00096714233864857
helena 0.0006704659738518271 1.6989700043360187 0.0011391015785021917
school 0.00469326181696279 1.0026136156026868 0.004705528199275098
paul 0.0010056989607777405 0.721246399047171 0.0007253567539864275
elementary 0.0010056989607777405 0.8860566476931633 0.0008911062497752229
university 0.0023466309084813944 0.2596373105057561 0.0006092729378277884
delaware 0.0030170968823332216 1.0 0.0030170968823332216
archmere 0.0013409319477036541 1.5228787452803376 0.00204207676202526
academy 0.0006704659738518271 0.6020599913279624 0.00040366073840292487
syracuse 0.0013409319477036541 1.5228787452803376 0.00204207676202526
law 0.004022795843110962 1.2873502983727887 0.0051787474289217116
place 0.0006704659738518271 1.2306226739238617 0.0008250906295165013
scranton 0.0010056989607777405 1.6989700043360187 0.0017086523677532874
pennsylvania 0.0016761649346295675 0.8860566476931633 0.0014851770829587046
full 0.00033523298692591353 0.3010299956639812 0.00010091518460073122
joseph 0.0010056989607777405 0.585026652029182 0.0005883606959730292
robinette 0.00033523298692591353 1.5228787452803376 0.000510519190506315
jr 0.00033523298692591353 0.32790214206428253 0.00010992361450361467
zodiac 0.00033523298692591353 0.3010299956639812 0.00010091518460073122
sign 0.0006704659738518271 0.05551732784983141 3.7222479282488375e-05
scorpio 0.00033523298692591353 1.0969100130080565 0.0003677204200496334
early 0.002011397921555481 0.07572071393811834 0.0001523044866338284
year 0.007375125712370097 0.24995468798823245 0.001843447246309458
college 0.0016761649346295675 0.40893539297350084 0.0006854431662311445
marriage 0.0006704659738518271 0.5376020021010439 0.0003604438498833684
political 0.002011397921555481 0.3098039199714864 0.0006231389607203883
career 0.002011397921555481 0.17392519729917358 0.00034983278035368473
tragedy 0.0013409319477036541 0.853871964321762 0.0011449841962075254
cite 0.0006704659738518271 0.07058107428570728 4.7322208706474885e-05
page 0.00033523298692591353 0.07058107428570728 2.3661104353237442e-05
quote 0.00033523298692591353 0.3872161432802645 0.00012980762429777557
president 0.01843781428092524 0.16749108729376372 0.0030881695612326528
asked 0.00033523298692591353 1.0 0.00033523298692591353
join 0.00033523298692591353 0.9208187539523752 0.0003086888213048526
ticket 0.0006704659738518271 1.1549019599857433 0.0007743224673052251
joked 0.00033523298692591353 1.2218487496163564 0.0004096040059055838
said 0.0053637277908146165 0.2518119729937996 0.0013506508776067025
two 0.0026818638954073082 0.11918640771920867 0.00031964172368544063
condition 0.00033523298692591353 1.3010299956639813 0.00043614817152664475
one 0.004022795843110962 0.08092190762392613 0.00032553231360613933
gonna 0.0006704659738518271 1.5228787452803376 0.00102103838101263
wear 0.00033523298692591353 1.1549019599857433 0.0003871612336526126
funny 0.00033523298692591353 1.5228787452803376 0.000510519190506315
hat 0.00033523298692591353 1.6989700043360187 0.0005695507892510958
change 0.0010056989607777405 0.5686362358410126 0.0005718768714458726
brand 0.00033523298692591353 1.1549019599857433 0.0003871612336526126
view 0.0010056989607777405 1.812479279163537 0.0018228085274859572
cannot 0.00033523298692591353 1.045757490560675 0.0003505724071608029
conduct 0.00033523298692591353 1.0969100130080565 0.0003677204200496334
foreign 0.0023466309084813944 0.7447274948966939 0.0017476005579205019
extreme 0.00033523298692591353 1.6989700043360187 0.0005695507892510958
devastating 0.0006704659738518271 1.5228787452803376 0.00102103838101263
punch 0.00033523298692591353 1.5228787452803376 0.000510519190506315
took 0.0023466309084813944 0.28399665636520083 0.0006664353317319496
september 0.0016761649346295675 0.5086383061657272 0.0008525616932043702
th 0.003352329869259135 0.2076083105017461 0.0006959715404014284
still 0.0013409319477036541 0.431798275933005 0.0005790121031619243
reverberates 0.00033523298692591353 1.6989700043360187 0.0005695507892510958
throughout 0.00033523298692591353 0.6020599913279624 0.00020183036920146244
american 0.005028494803888703 0.6552148773673394 0.00329474460627224
society 0.00033523298692591353 0.7695510786217261 0.00025797890667841975
stock 0.00033523298692591353 1.0969100130080565 0.0003677204200496334
market 0.00033523298692591353 0.9208187539523752 0.0003086888213048526
crashed 0.00033523298692591353 1.5228787452803376 0.000510519190506315
franklin 0.00033523298692591353 0.8239087409443188 0.0002762013881811327
roosevelt 0.00033523298692591353 1.0 0.00033523298692591353
got 0.0013409319477036541 0.5376020021010439 0.0007208876997667368
television 0.0013409319477036541 0.04575749056067514 6.135768093955769e-05
talk 0.0006704659738518271 0.6989700043360189 0.0004686356046503647
prince 0.00033523298692591353 1.6989700043360187 0.0005695507892510958
greed 0.00033523298692591353 1.6989700043360187 0.0005695507892510958
look 0.0010056989607777405 0.07058107428570728 7.098331305971232e-05
happened 0.00033523298692591353 1.3010299956639813 0.00043614817152664475
let 0.0006704659738518271 0.6777807052660807 0.00045442890061420094
smart 0.0006704659738518271 1.3979400086720377 0.0009372712093007294
time 0.003352329869259135 0.1023729087095586 0.00034318775966999196
looking 0.00033523298692591353 0.853871964321762 0.00028624604905188135
say 0.0013409319477036541 0.721246399047171 0.00096714233864857
talking 0.00033523298692591353 1.0969100130080565 0.0003677204200496334
telling 0.0006704659738518271 1.045757490560675 0.0007011448143216058
go 0.0010056989607777405 0.494850021680094 0.0004976701525445129
spend 0.0006704659738518271 1.1549019599857433 0.0007743224673052251
money 0.00033523298692591353 0.6575773191777938 0.00022044160884270662
keep 0.0006704659738518271 0.6575773191777938 0.00044088321768541325
going 0.00033523298692591353 0.6020599913279624 0.00020183036920146244
bankrupt 0.00033523298692591353 1.6989700043360187 0.0005695507892510958
answer 0.0006704659738518271 1.1549019599857433 0.0007743224673052251
yes 0.00033523298692591353 1.3979400086720377 0.0004686356046503647
started 0.0010056989607777405 0.6020599913279624 0.0006054911076043873
fighting 0.0006704659738518271 0.7958800173440752 0.0005336104708978044
civil 0.0006704659738518271 0.3467874862246563 0.00023250920967124127
right 0.0010056989607777405 0.39848321634998984 0.00040075415657055634
part 0.0013409319477036541 0.3372421683184259 0.0004522187976110304
moment 0.0023466309084813944 1.0 0.0023466309084813944
best 0.003352329869259135 0.13667713987954408 0.0004581868584631045
idea 0.0006704659738518271 1.2218487496163564 0.0008192080118111676
single 0.0006704659738518271 0.585026652029182 0.0003922404639820195
reflection 0.0013409319477036541 1.3979400086720377 0.0018745424186014587
called 0.0026818638954073082 0.3010299956639812 0.0008073214768058497
upon 0.0010056989607777405 0.721246399047171 0.0007253567539864275
guy 0.0010056989607777405 1.1549019599857433 0.0011614837009578376
incredible 0.0006704659738518271 1.2218487496163564 0.0008192080118111676
talent 0.0006704659738518271 0.853871964321762 0.0005724920981037627
also 0.0036875628561850488 0.0861861476162833 0.0003178168366674879
breakthrough 0.0006704659738518271 1.2218487496163564 0.0008192080118111676
figure 0.0010056989607777405 0.6777807052660807 0.0006816433509213014
multiple 0.0010056989607777405 0.721246399047171 0.0007253567539864275
way 0.0013409319477036541 1.3526170298853804 0.0018137673883813349
genuinely 0.0006704659738518271 1.5228787452803376 0.00102103838101263
find 0.0006704659738518271 0.7958800173440752 0.0005336104708978044
exciting 0.0006704659738518271 1.6989700043360187 0.0011391015785021917
new 0.004693261816962789 0.14266750356873154 0.0006695759470205301
america 0.003352329869259135 0.37675070960209955 0.0012629926570636926
hillary 0.0010056989607777405 0.853871964321762 0.0008587381471556441
clinton 0.0013409319477036541 0.5228787452803376 0.0007011448143216059
qualified 0.0010056989607777405 1.5228787452803376 0.001531557571518945
vice 0.005028494803888703 0.5376020021010439 0.0027033288741252627
quite 0.0006704659738518271 1.3979400086720377 0.0009372712093007294
frankly 0.00033523298692591353 1.6989700043360187 0.0005695507892510958
might 0.00033523298692591353 0.853871964321762 0.00028624604905188135
better 0.0006704659738518271 0.638272163982407 0.0004279397680069776
pick 0.00033523298692591353 1.6989700043360187 0.0005695507892510958
nobody 0.00033523298692591353 1.3010299956639813 0.00043614817152664475
owes 0.00033523298692591353 1.6989700043360187 0.0005695507892510958
living 0.00033523298692591353 0.619788758288394 0.00020777363670412136
everyone 0.0006704659738518271 1.0 0.0006704659738518271
entitled 0.00033523298692591353 1.045757490560675 0.0003505724071608029
dignity 0.00033523298692591353 1.6989700043360187 0.0005695507892510958
terrorist 0.00033523298692591353 1.1549019599857433 0.0003871612336526126
win 0.0030170968823332216 1.8068754016455384 0.005451518141069342
hate 0.00033523298692591353 1.0 0.00033523298692591353
stand 0.0006704659738518271 0.9208187539523752 0.0006173776426097051
lead 0.0010056989607777405 2.0457574905606752 0.0020574161822601495
example 0.0006704659738518271 1.3979400086720377 0.0009372712093007294
power 0.0016761649346295675 0.5376020021010439 0.0009011096247084209
get 0.0013409319477036541 1.5406075122407692 0.0020658498320358957
deer 0.00033523298692591353 1.6989700043360187 0.0005695507892510958
three 0.0010056989607777405 0.2076083105017461 0.00020879146212042854
shot 0.0006704659738518271 1.5228787452803376 0.00102103838101263
hunting 0.00033523298692591353 1.6989700043360187 0.0005695507892510958
embarrassment 0.00033523298692591353 1.6989700043360187 0.0005695507892510958
think 0.0010056989607777405 0.585026652029182 0.0005883606959730292
republican 0.0013409319477036541 1.5985994592184558 0.002143613086447812
sort 0.00033523298692591353 1.5228787452803376 0.000510519190506315
mistrust 0.00033523298692591353 1.6989700043360187 0.0005695507892510958
average 0.00033523298692591353 1.3979400086720377 0.0004686356046503647
middle 0.0006704659738518271 0.585026652029182 0.0003922404639820195
class 0.0013409319477036541 0.44369749923271273 0.0005949681518373621
little 0.0006704659738518271 0.6989700043360189 0.0004686356046503647
bit 0.00033523298692591353 1.5228787452803376 0.000510519190506315
like 0.0010056989607777405 0.2365720064370627 0.0002379202210228589
folk 0.0006704659738518271 1.3979400086720377 0.0009372712093007294
know 0.0006704659738518271 0.4559319556497244 0.00030568686265486047
good 0.0006704659738518271 0.585026652029182 0.0003922404639820195
want 0.00033523298692591353 0.585026652029182 0.00019612023199100975
job 0.0010056989607777405 1.4225082001627747 0.0014306150186015167
first 0.005028494803888703 0.0655015487564323 0.00032937419756838234
would 0.003352329869259135 0.2291479883578558 0.0007681796458526845
particularly 0.0010056989607777405 1.0 0.0010056989607777405
partnership 0.00033523298692591353 1.1549019599857433 0.0003871612336526126
engaged 0.00033523298692591353 1.045757490560675 0.0003505724071608029
used 0.0010056989607777405 0.5086383061657272 0.0005115370159226221
rewarding 0.00033523298692591353 1.5228787452803376 0.000510519190506315
found 0.0013409319477036541 0.3372421683184259 0.0004522187976110304
candor 0.00033523298692591353 1.6989700043360187 0.0005695507892510958
generates 0.00033523298692591353 1.6989700043360187 0.0005695507892510958
trust 0.00033523298692591353 1.3010299956639813 0.00043614817152664475
sound 0.0006704659738518271 2.346787486224656 0.001573441157374895
corny 0.00033523298692591353 1.6989700043360187 0.0005695507892510958
definition 0.00033523298692591353 1.6989700043360187 0.0005695507892510958
ability 0.00033523298692591353 0.7958800173440752 0.0002668052354489022
help 0.0013409319477036541 0.4559319556497244 0.0006113737253097209
publish 0.00033523298692591353 0.07058107428570728 2.3661104353237442e-05
apr 0.00033523298692591353 0.5528419686577808 0.00018533086445115014
comment 0.0006704659738518271 0.07058107428570728 4.7322208706474885e-05
united 0.0030170968823332216 0.18708664335714445 0.0005644585283990279
state 0.004693261816962789 0.4930892744484819 0.0023141970641229453
served 0.0016761649346295675 0.2676062401770315 0.0004485521960727983
barack 0.002011397921555481 0.3872161432802645 0.0007788457457866534
obama 0.007039892725444184 0.37675070960209955 0.0026522845798337548
briefly 0.00033523298692591353 1.0 0.00033523298692591353
worked 0.0013409319477036541 0.3098039199714864 0.00041542597381359224
attorney 0.0010056989607777405 0.494850021680094 0.0004976701525445129
turning 0.00033523298692591353 1.0 0.00033523298692591353
became 0.0026818638954073082 0.07572071393811834 0.0002030726488451045
fifth 0.0010056989607777405 1.2218487496163564 0.0012288120177167514
youngest 0.0006704659738518271 0.5228787452803376 0.00035057240716080296
senator 0.0023466309084813944 1.5228787452803376 0.003573634333544205
well 0.0016761649346295675 0.20065945054641826 0.0003363383348079421
longest 0.00033523298692591353 0.958607314841775 0.0003213567934434378
serving 0.0010056989607777405 0.48148606012211254 0.0004842300302937773
presidential 0.005028494803888703 0.3665315444204135 0.0018431019665793506
campaign 0.004358028830036876 0.3872161432802645 0.0016874991158710823
never 0.0010056989607777405 0.431798275933005 0.0004342590773714432
gained 0.0006704659738518271 0.853871964321762 0.0005724920981037627
momentum 0.0010056989607777405 1.3979400086720377 0.001405906813951094
democratic 0.0036875628561850488 0.3872161432802645 0.0014278838672755311
nominee 0.0013409319477036541 0.7695510786217261 0.001031915626713679
xa 0.009721756620851492 0.17392519729917358 0.0016908584383761426
selected 0.0010056989607777405 1.2218487496163564 0.0012288120177167514
running 0.0030170968823332216 0.721246399047171 0.0021760702619592824
mate 0.0016761649346295675 1.0 0.0016761649346295675
went 0.00033523298692591353 0.32790214206428253 0.00010992361450361467
serve 0.0013409319477036541 0.5086383061657272 0.0006820493545634962
close 0.0023466309084813944 1.744727494896694 0.0040942314664018965
administration 0.0010056989607777405 0.6575773191777938 0.0006613248265281198
presented 0.0010056989607777405 1.0 0.0010056989607777405
medal 0.0006704659738518271 0.6575773191777938 0.00044088321768541325
freedom 0.0006704659738518271 0.619788758288394 0.0004155472734082427
later 0.003352329869259135 0.09151498112135023 0.0003067884046977882
launched 0.0010056989607777405 0.6777807052660807 0.0006816433509213014
elected 0.0013409319477036541 0.3665315444204135 0.0004914938577544935
long 0.0016761649346295675 0.4559319556497244 0.0007642171566371511
reaching 0.00033523298692591353 0.958607314841775 0.0003213567934434378
highest 0.0006704659738518271 1.0 0.0006704659738518271
office 0.0016761649346295677 1.7166987712964505 0.002877470283768774
nation 0.0033523298692591354 1.0141246426916064 0.0033996803308468204
born 0.0016761649346295675 0.09151498112135023 0.0001533942023488941
grew 0.00033523298692591353 0.494850021680094 0.00016589005084817097
blue 0.0006704659738518271 0.8239087409443188 0.0005524027763622654
collar 0.0006704659738518271 1.3979400086720377 0.0009372712093007294
city 0.00033523298692591353 0.3665315444204135 0.00012287346443862337
northeast 0.00033523298692591353 1.5228787452803376 0.000510519190506315
father 0.0006704659738518271 0.14874165128092467 9.972621607839402e-05
sr 0.00033523298692591353 1.0969100130080565 0.0003677204200496334
cleaning 0.00033523298692591353 1.6989700043360187 0.0005695507892510958
furnace 0.00033523298692591353 1.6989700043360187 0.0005695507892510958
car 0.0010056989607777405 0.8860566476931633 0.0008911062497752229
salesman 0.00033523298692591353 1.6989700043360187 0.0005695507892510958
mother 0.0006704659738518271 0.21467016498923297 0.00014392904122643847
catherine 0.00033523298692591353 1.2218487496163564 0.0004096040059055838
eugenia 0.00033523298692591353 1.6989700043360187 0.0005695507892510958
jean 0.00033523298692591353 1.2218487496163564 0.0004096040059055838
finnegan 0.00033523298692591353 1.6989700043360187 0.0005695507892510958
credit 0.00033523298692591353 1.2218487496163564 0.0004096040059055838
parent 0.0013409319477036541 0.4559319556497244 0.0006113737253097209
instilling 0.00033523298692591353 1.6989700043360187 0.0005695507892510958
toughness 0.00033523298692591353 1.6989700043360187 0.0005695507892510958
hard 0.0010056989607777405 0.638272163982407 0.0006419096520104663
work 0.0013409319477036541 0.2218487496163564 0.00029748407591868105
perseverance 0.00033523298692591353 1.5228787452803376 0.000510519190506315
recalled 0.0006704659738518271 1.3010299956639813 0.0008722963430532895
frequently 0.00033523298692591353 1.3010299956639813 0.00043614817152664475
saying 0.0006704659738518271 0.7958800173440752 0.0005336104708978044
champ 0.00033523298692591353 1.5228787452803376 0.000510519190506315
measure 0.0006704659738518271 1.1549019599857433 0.0007743224673052251
man 0.0010056989607777405 0.37675070960209955 0.0003788977971191078
often 0.0006704659738518271 0.5376020021010439 0.0003604438498833684
knocked 0.00033523298692591353 1.2218487496163564 0.0004096040059055838
quickly 0.0010056989607777405 0.619788758288394 0.0006233209101123641
come 0.00033523298692591353 0.5528419686577808 0.00018533086445115014
home 0.00033523298692591353 0.31875876262441283 0.00010685845210339017
sullen 0.00033523298692591353 1.6989700043360187 0.0005695507892510958
bullied 0.00033523298692591353 1.1549019599857433 0.0003871612336526126
bigger 0.00033523298692591353 1.3010299956639813 0.00043614817152664475
kid 0.0013409319477036541 2.2218487496163566 0.0029793479713259895
neighborhood 0.00033523298692591353 0.7958800173440752 0.0002668052354489022
tell 0.00033523298692591353 0.9208187539523752 0.0003086888213048526
bloody 0.00033523298692591353 1.1549019599857433 0.0003871612336526126
nose 0.00033523298692591353 1.6989700043360187 0.0005695507892510958
walk 0.0010056989607777405 0.8860566476931633 0.0008911062497752229
street 0.00033523298692591353 0.8239087409443188 0.0002762013881811327
next 0.0013409319477036541 0.07058107428570728 9.464441741294977e-05
day 0.004693261816962789 0.7013652168755644 0.003291690592107912
attended 0.0010056989607777405 0.5376020021010439 0.0005406657748250526
old 0.0013409319477036541 0.28399665636520083 0.0003808201895611141
moved 0.0010056989607777405 0.3872161432802645 0.0003894228728933267
mayfield 0.00033523298692591353 1.6989700043360187 0.0005695507892510958
rapidly 0.00033523298692591353 1.6989700043360187 0.0005695507892510958
growing 0.00033523298692591353 0.585026652029182 0.00019612023199100975
community 0.00033523298692591353 0.48148606012211254 0.00016141001009792577
sustained 0.00033523298692591353 1.5228787452803376 0.000510519190506315
primarily 0.00033523298692591353 1.045757490560675 0.0003505724071608029
nearby 0.0006704659738518271 1.0969100130080565 0.0007354408400992668
dupont 0.00033523298692591353 1.5228787452803376 0.000510519190506315
chemical 0.00033523298692591353 1.0969100130080565 0.0003677204200496334
company 0.0006704659738518271 0.494850021680094 0.00033178010169634194
child 0.0023466309084813944 0.5000381344038097 0.0011734049416113536
struggled 0.00033523298692591353 0.853871964321762 0.00028624604905188135
stutter 0.00033523298692591353 1.5228787452803376 0.000510519190506315
dash 0.00033523298692591353 1.6989700043360187 0.0005695507892510958
impedimenta 0.00033523298692591353 1.6989700043360187 0.0005695507892510958
mock 0.00033523298692591353 1.6989700043360187 0.0005695507892510958
eventually 0.00033523298692591353 0.3979400086720376 0.0001334026177244511
overcame 0.00033523298692591353 1.3010299956639813 0.00043614817152664475
speech 0.0016761649346295675 0.7447274948966939 0.0012482861128003584
impediment 0.00033523298692591353 1.5228787452803376 0.000510519190506315
memorizing 0.00033523298692591353 1.5228787452803376 0.000510519190506315
passage 0.0010056989607777405 2.6989700043360187 0.0027143513285310277
poetry 0.00033523298692591353 1.5228787452803376 0.000510519190506315
reciting 0.00033523298692591353 1.6989700043360187 0.0005695507892510958
loud 0.00033523298692591353 1.3979400086720377 0.0004686356046503647
front 0.0006704659738518271 1.0969100130080565 0.0007354408400992668
mirror 0.00033523298692591353 1.2218487496163564 0.0004096040059055838
acceptance 0.00033523298692591353 1.3010299956639813 0.00043614817152664475
prestigious 0.00033523298692591353 1.1549019599857433 0.0003871612336526126
although 0.002011397921555481 0.431798275933005 0.0008685181547428863
washing 0.00033523298692591353 1.6989700043360187 0.0005695507892510958
window 0.0006704659738518271 3.0 0.002011397921555481
weeding 0.00033523298692591353 1.6989700043360187 0.0005695507892510958
garden 0.0006704659738518271 2.3767507096020997 0.0015935304791163927
afford 0.00033523298692591353 1.3010299956639813 0.00043614817152664475
tuition 0.00033523298692591353 1.2218487496163564 0.0004096040059055838
dreamed 0.00033523298692591353 1.3010299956639813 0.00043614817152664475
attending 0.00033523298692591353 0.9208187539523752 0.0003086888213048526
object 0.00033523298692591353 1.5228787452803376 0.000510519190506315
deepest 0.00033523298692591353 1.6989700043360187 0.0005695507892510958
desire 0.00033523298692591353 1.0 0.00033523298692591353
oz 0.00033523298692591353 1.3010299956639813 0.00043614817152664475
solid 0.00033523298692591353 1.3010299956639813 0.00043614817152664475
student 0.0010056989607777405 0.6020599913279624 0.0006054911076043873
despite 0.0006704659738518271 0.4202164033831899 0.0002817408001228226
small 0.00033523298692591353 0.721246399047171 0.0002417855846621425
size 0.00033523298692591353 1.3979400086720377 0.0004686356046503647
standout 0.00033523298692591353 1.5228787452803376 0.000510519190506315
receiver 0.0006704659738518271 3.3979400086720375 0.0022782031570043834
football 0.0023466309084813944 1.2218487496163564 0.002867228041339086
team 0.0006704659738518271 0.619788758288394 0.0004155472734082427
skinny 0.00033523298692591353 1.5228787452803376 0.000510519190506315
coach 0.0013409319477036541 2.619788758288394 0.0035129584422237937
remembered 0.00033523298692591353 1.0 0.00033523298692591353
pas 0.00033523298692591353 1.1549019599857433 0.0003871612336526126
graduated 0.00033523298692591353 0.6575773191777938 0.00022044160884270662
studied 0.00033523298692591353 0.7958800173440752 0.0002668052354489022
science 0.00033523298692591353 0.7958800173440752 0.0002668052354489022
played 0.0006704659738518271 0.6575773191777938 0.00044088321768541325
admit 0.00033523298692591353 1.3979400086720377 0.0004686356046503647
spent 0.00033523298692591353 0.48148606012211254 0.00016141001009792577
far 0.00033523298692591353 1.0 0.00033523298692591353
interested 0.00033523298692591353 1.0969100130080565 0.0003677204200496334
girl 0.00033523298692591353 0.7958800173440752 0.0002668052354489022
party 0.002011397921555481 1.4436974992327127 0.002903850149311524
academic 0.00033523298692591353 1.2218487496163564 0.0004096040059055838
developed 0.00033523298692591353 0.7958800173440752 0.0002668052354489022
sharp 0.00033523298692591353 1.0969100130080565 0.0003677204200496334
interest 0.00033523298692591353 0.7695510786217261 0.00025797890667841975
spurred 0.00033523298692591353 1.3979400086720377 0.0004686356046503647
inspiring 0.00033523298692591353 1.3979400086720377 0.0004686356046503647
inauguration 0.0006704659738518271 1.0 0.0006704659738518271
john 0.0010056989607777405 0.37675070960209955 0.0003788977971191078
f 0.00033523298692591353 0.721246399047171 0.0002417855846621425
kennedy 0.0006704659738518271 0.06048074738138145 4.055028319234425e-05
spring 0.0006704659738518271 1.0969100130080565 0.0007354408400992668
break 0.00033523298692591353 0.8860566476931633 0.000297035416591741
trip 0.00033523298692591353 0.8860566476931633 0.000297035416591741
bahamas 0.00033523298692591353 1.6989700043360187 0.0005695507892510958
junior 0.00033523298692591353 0.853871964321762 0.00028624604905188135
met 0.00033523298692591353 0.44369749923271273 0.00014874203795934053
named 0.0010056989607777405 0.494850021680094 0.0004976701525445129
neilia 0.0006704659738518271 1.3979400086720377 0.0009372712093007294
hunter 0.0026818638954073082 1.1549019599857433 0.0030972898692209006
word 0.0006704659738518271 0.7447274948966939 0.0004993144451201434
fell 0.00033523298692591353 0.8860566476931633 0.000297035416591741
as 0.00033523298692591353 1.5228787452803376 0.000510519190506315
tin 0.00033523298692591353 1.3010299956639813 0.00043614817152664475
cup 0.00033523298692591353 1.2218487496163564 0.0004096040059055838
love 0.0010056989607777405 0.5086383061657272 0.0005115370159226221
sight 0.00033523298692591353 1.3010299956639813 0.00043614817152664475
encouraged 0.0006704659738518271 0.8239087409443188 0.0005524027763622654
applied 0.00033523298692591353 1.2218487496163564 0.0004096040059055838
fully 0.00033523298692591353 1.1549019599857433 0.0003871612336526126
study 0.00033523298692591353 0.9208187539523752 0.0003086888213048526
accepted 0.00033523298692591353 0.619788758288394 0.00020777363670412136
graduation 0.00033523298692591353 1.045757490560675 0.0003505724071608029
married 0.0006704659738518271 0.24412514432750856 0.00016367760263326085
mediocre 0.00033523298692591353 1.5228787452803376 0.000510519190506315
flunked 0.00033523298692591353 1.6989700043360187 0.0005695507892510958
failing 0.00033523298692591353 1.3979400086720377 0.0004686356046503647
properly 0.00033523298692591353 1.3979400086720377 0.0004686356046503647
reference 0.00033523298692591353 1.5228787452803376 0.000510519190506315
review 0.00033523298692591353 1.045757490560675 0.0003505724071608029
article 0.0006704659738518271 0.07058107428570728 4.7322208706474885e-05
claimed 0.00033523298692591353 0.7447274948966939 0.0002496572225600717
accidental 0.00033523298692591353 1.2218487496163564 0.0004096040059055838
oversight 0.00033523298692591353 1.2218487496163564 0.0004096040059055838
incident 0.00033523298692591353 0.8860566476931633 0.000297035416591741
haunt 0.00033523298692591353 1.6989700043360187 0.0005695507892510958
album 0.00033523298692591353 0.5528419686577808 0.00018533086445115014
gallery 0.00033523298692591353 1.0 0.00033523298692591353
graduating 0.00033523298692591353 0.5528419686577808 0.00018533086445115014
wilmington 0.0006704659738518271 1.3979400086720377 0.0009372712093007294
begin 0.00033523298692591353 1.0 0.00033523298692591353
practicing 0.00033523298692591353 1.1549019599857433 0.0003871612336526126
firm 0.0006704659738518271 0.6020599913279624 0.00040366073840292487
active 0.0006704659738518271 0.8239087409443188 0.0005524027763622654
member 0.0010056989607777405 0.8386319977650252 0.0008434113286272463
castle 0.00033523298692591353 1.3979400086720377 0.0004686356046503647
county 0.00033523298692591353 0.8239087409443188 0.0002762013881811327
council 0.00033523298692591353 0.7695510786217261 0.00025797890667841975
councilman 0.00033523298692591353 1.5228787452803376 0.000510519190506315
addition 0.0006704659738518271 0.6777807052660807 0.00045442890061420094
increasingly 0.0006704659738518271 1.2218487496163564 0.0008192080118111676
busy 0.00033523298692591353 1.0969100130080565 0.0003677204200496334
professional 0.0006704659738518271 0.8239087409443188 0.0005524027763622654
life 0.0016761649346295677 0.13679614097137055 0.00022929289468885444
beau 0.0030170968823332216 1.3010299956639813 0.003925333543739803
robert 0.0006704659738518271 0.5528419686577808 0.0003706617289023003
naomi 0.00033523298692591353 1.3979400086720377 0.0004686356046503647
amy 0.0006704659738518271 0.9208187539523752 0.0006173776426097051
everything 0.00033523298692591353 0.853871964321762 0.00028624604905188135
happening 0.00033523298692591353 1.5228787452803376 0.000510519190506315
faster 0.00033523298692591353 1.5228787452803376 0.000510519190506315
expected 0.0006704659738518271 0.8860566476931633 0.000594070833183482
run 0.002011397921555481 0.4559319556497244 0.0009170605879645814
popular 0.0006704659738518271 0.4685210829577449 0.0003141274441553771
incumbent 0.0006704659738518271 0.8860566476931633 0.000594070833183482
j 0.00033523298692591353 0.7958800173440752 0.0002668052354489022
caleb 0.00033523298692591353 1.6989700043360187 0.0005695507892510958
boggs 0.00033523298692591353 1.6989700043360187 0.0005695507892510958
senate 0.004022795843110962 0.5686362358410126 0.0022875074857834905
thought 0.0006704659738518271 1.9507819773298185 0.0013079329382030295
stood 0.00033523298692591353 0.8860566476931633 0.000297035416591741
chance 0.0006704659738518271 0.853871964321762 0.0005724920981037627
ran 0.00033523298692591353 0.48148606012211254 0.00016141001009792577
tireless 0.00033523298692591353 1.5228787452803376 0.000510519190506315
organized 0.00033523298692591353 0.7958800173440752 0.0002668052354489022
mostly 0.0006704659738518271 0.8239087409443188 0.0005524027763622654
sister 0.00033523298692591353 0.721246399047171 0.0002417855846621425
valerie 0.00033523298692591353 1.5228787452803376 0.000510519190506315
owen 0.00033523298692591353 1.6989700043360187 0.0005695507892510958
manager 0.00033523298692591353 0.9208187539523752 0.0003086888213048526
campaigned 0.00033523298692591353 1.045757490560675 0.0003505724071608029
daily 0.00033523298692591353 1.0969100130080565 0.0003677204200496334
tight 0.0006704659738518271 1.3010299956639813 0.0008722963430532895
race 0.0013409319477036541 0.619788758288394 0.0008310945468164854
large 0.00033523298692591353 0.8860566476931633 0.000297035416591741
turnout 0.00033523298692591353 1.6989700043360187 0.0005695507892510958
upset 0.0006704659738518271 1.1549019599857433 0.0007743224673052251
victory 0.0013409319477036541 2.0915149811213505 0.0028045792572864237
become 0.0006704659738518271 0.3372421683184259 0.0002261093988055152
wildest 0.00033523298692591353 1.5228787452803376 0.000510519190506315
dream 0.00033523298692591353 1.045757490560675 0.0003505724071608029
seemed 0.0006704659738518271 0.9208187539523752 0.0006173776426097051
coming 0.00033523298692591353 0.8239087409443188 0.0002762013881811327
true 0.00033523298692591353 0.8239087409443188 0.0002762013881811327
struck 0.00033523298692591353 0.9208187539523752 0.0003086888213048526
week 0.0006704659738518271 1.5654310959658013 0.001049568284254644
christmas 0.0006704659738518271 1.045757490560675 0.0007011448143216058
wife 0.0030170968823332216 0.3098039199714864 0.0009347084410805825
involved 0.00033523298692591353 0.4559319556497244 0.00015284343132743023
terrible 0.00033523298692591353 1.0969100130080565 0.0003677204200496334
accident 0.0010056989607777405 1.1549019599857433 0.0011614837009578376
shopping 0.00033523298692591353 1.5228787452803376 0.000510519190506315
tree 0.00033523298692591353 1.3010299956639813 0.00043614817152664475
killed 0.0010056989607777405 0.6989700043360189 0.000702953406975547
daughter 0.0013409319477036541 0.31875876262441283 0.00042743380841356066
severely 0.00033523298692591353 1.3010299956639813 0.00043614817152664475
injured 0.00033523298692591353 1.0969100130080565 0.0003677204200496334
son 0.0036875628561850488 1.1378686206869628 0.004195962060863759
inconsolable 0.00033523298692591353 1.6989700043360187 0.0005695507892510958
even 0.0006704659738518271 0.3665315444204135 0.00024574692887724674
considered 0.0006704659738518271 0.721246399047171 0.000483571169324285
suicide 0.0006704659738518271 0.958607314841775 0.0006427135868868756
recall 0.00033523298692591353 1.6989700043360187 0.0005695507892510958
began 0.0006704659738518271 0.20065945054641826 0.00013453533392317684
understand 0.0006704659738518271 1.1549019599857433 0.0007743224673052251
despair 0.00033523298692591353 1.5228787452803376 0.000510519190506315
led 0.0013409319477036541 0.37675070960209955 0.0005051970628254771
cash 0.00033523298692591353 1.5228787452803376 0.000510519190506315
option 0.0006704659738518271 1.2218487496163564 0.0008192080118111676
rational 0.00033523298692591353 1.6989700043360187 0.0005695507892510958
felt 0.00033523298692591353 0.6020599913279624 0.00020183036920146244
god 0.00033523298692591353 0.9208187539523752 0.0003086888213048526
horrible 0.00033523298692591353 1.3979400086720377 0.0004686356046503647
trick 0.00033523298692591353 1.5228787452803376 0.000510519190506315
angry 0.00033523298692591353 1.2218487496163564 0.0004096040059055838
nevertheless 0.00033523298692591353 1.2218487496163564 0.0004096040059055838
encouragement 0.00033523298692591353 1.5228787452803376 0.000510519190506315
decided 0.0013409319477036541 0.494850021680094 0.0006635602033926839
honor 0.0010056989607777405 0.7695510786217261 0.0007739367200352593
commitment 0.00033523298692591353 1.045757490560675 0.0003505724071608029
representing 0.00033523298692591353 0.8860566476931633 0.000297035416591741
skipped 0.00033523298692591353 1.3979400086720377 0.0004686356046503647
swearing 0.00033523298692591353 1.5228787452803376 0.000510519190506315
ceremony 0.0006704659738518271 0.958607314841775 0.0006427135868868756
washington 0.0010056989607777405 0.3979400086720376 0.0004002078531733533
instead 0.0006704659738518271 0.7447274948966939 0.0004993144451201434
oath 0.0006704659738518271 1.1549019599857433 0.0007743224673052251
hospital 0.00033523298692591353 0.8239087409443188 0.0002762013881811327
room 0.00033523298692591353 0.8860566476931633 0.000297035416591741
order 0.0010056989607777405 1.494850021680094 0.0015033691133222533
much 0.0016761649346295675 0.37675070960209955 0.0006314963285318463
possible 0.00033523298692591353 0.7695510786217261 0.00025797890667841975
continue 0.00033523298692591353 0.6777807052660807 0.00022721445030710047
live 0.00033523298692591353 0.431798275933005 0.00014475302579048107
commuting 0.00033523298692591353 1.3979400086720377 0.0004686356046503647
amtrak 0.00033523298692591353 1.6989700043360187 0.0005695507892510958
train 0.00033523298692591353 1.0 0.00033523298692591353
practice 0.00033523298692591353 0.9208187539523752 0.0003086888213048526
maintained 0.00033523298692591353 1.0969100130080565 0.0003677204200496334
entire 0.00033523298692591353 1.045757490560675 0.0003505724071608029
tenure 0.00033523298692591353 0.9208187539523752 0.0003086888213048526
read 0.0010056989607777405 0.0655015487564323 6.587483951367647e-05
heartbreaking 0.00033523298692591353 1.5228787452803376 0.000510519190506315
distinguished 0.00033523298692591353 1.3010299956639813 0.00043614817152664475
respect 0.00033523298692591353 1.5228787452803376 0.000510519190506315
body 0.00033523298692591353 0.5686362358410126 0.00019062562381529089
leading 0.0006704659738518271 0.5228787452803376 0.00035057240716080296
expert 0.00033523298692591353 1.2218487496163564 0.0004096040059055838
chairman 0.0006704659738518271 0.8860566476931633 0.000594070833183482
committee 0.0006704659738518271 0.638272163982407 0.0004279397680069776
relation 0.00033523298692591353 0.7958800173440752 0.0002668052354489022
several 0.0013409319477036541 0.32790214206428253 0.0004396944580144587
many 0.00033523298692591353 0.28399665636520083 9.520504739027853e-05
position 0.0010056989607777405 1.7166987712964503 0.0017264821702612642
included 0.00033523298692591353 0.48148606012211254 0.00016141001009792577
advocating 0.00033523298692591353 1.2218487496163564 0.0004096040059055838
strategic 0.0006704659738518271 1.2218487496163564 0.0008192080118111676
arm 0.0006704659738518271 1.2218487496163564 0.0008192080118111676
limitation 0.00033523298692591353 1.6989700043360187 0.0005695507892510958
soviet 0.0006704659738518271 1.3010299956639813 0.0008722963430532895
union 0.00033523298692591353 0.7447274948966939 0.0002496572225600717
promoting 0.00033523298692591353 1.2218487496163564 0.0004096040059055838
peace 0.00033523298692591353 0.7695510786217261 0.00025797890667841975
stability 0.00033523298692591353 1.5228787452803376 0.000510519190506315
balkan 0.00033523298692591353 1.6989700043360187 0.0005695507892510958
expanding 0.00033523298692591353 1.045757490560675 0.0003505724071608029
nato 0.00033523298692591353 1.2218487496163564 0.0004096040059055838
include 0.00033523298692591353 0.619788758288394 0.00020777363670412136
former 0.0026818638954073082 0.27572413039921095 0.0007394545904102205
bloc 0.00033523298692591353 1.6989700043360187 0.0005695507892510958
opposing 0.0006704659738518271 1.3010299956639813 0.0008722963430532895
gulf 0.00033523298692591353 1.5228787452803376 0.000510519190506315
war 0.0006704659738518271 0.35654732351381263 0.0002390528484839508
action 0.0010056989607777405 1.2628073572952627 0.0012700040468943306
end 0.0016761649346295675 0.44369749923271273 0.0007437101897967025
genocide 0.00033523298692591353 1.6989700043360187 0.0005695507892510958
darfur 0.00033523298692591353 1.6989700043360187 0.0005695507892510958
spoke 0.00033523298692591353 0.7695510786217261 0.00025797890667841975
george 0.00033523298692591353 0.4685210829577449 0.00015706372207768856
w 0.00033523298692591353 0.6989700043360189 0.00023431780232518234
bush 0.00033523298692591353 0.7447274948966939 0.0002496572225600717
handling 0.0006704659738518271 0.958607314841775 0.0006427135868868756
iraq 0.0006704659738518271 0.853871964321762 0.0005724920981037627
troop 0.00033523298692591353 1.6989700043360187 0.0005695507892510958
surge 0.0010056989607777405 1.3010299956639813 0.0013084445145799342
outspoken 0.00033523298692591353 1.3010299956639813 0.00043614817152664475
proponent 0.00033523298692591353 1.3010299956639813 0.00043614817152664475
tougher 0.00033523298692591353 1.6989700043360187 0.0005695507892510958
supreme 0.00033523298692591353 0.585026652029182 0.00019612023199100975
court 0.00033523298692591353 0.4202164033831899 0.0001408704000614113
bork 0.00033523298692591353 1.6989700043360187 0.0005695507892510958
failure 0.00033523298692591353 0.9208187539523752 0.0003086888213048526
receive 0.0006704659738518271 0.05551732784983141 3.7222479282488375e-05
confirmation 0.00033523298692591353 0.958607314841775 0.0003213567934434378
largely 0.00033523298692591353 0.853871964321762 0.00028624604905188135
attributed 0.00033523298692591353 1.5228787452803376 0.000510519190506315
harsh 0.00033523298692591353 1.2218487496163564 0.0004096040059055838
questioning 0.00033523298692591353 1.3979400086720377 0.0004686356046503647
judiciary 0.00033523298692591353 1.045757490560675 0.0003505724071608029
sponsored 0.00033523298692591353 1.045757490560675 0.0003505724071608029
violent 0.0006704659738518271 0.958607314841775 0.0006427135868868756
control 0.0010056989607777405 0.5528419686577808 0.0005559925933534503
enforcement 0.0006704659738518271 1.045757490560675 0.0007011448143216058
act 0.0006704659738518271 0.4685210829577449 0.0003141274441553771
add 0.00033523298692591353 1.3010299956639813 0.00043614817152664475
police 0.0006704659738518271 0.5376020021010439 0.0003604438498833684
officer 0.00033523298692591353 0.8860566476931633 0.000297035416591741
increase 0.0006704659738518271 2.552841968657781 0.0017115936766059546
sentence 0.00033523298692591353 1.5228787452803376 0.000510519190506315
host 0.0006704659738518271 0.853871964321762 0.0005724920981037627
ambition 0.00033523298692591353 1.3010299956639813 0.00043614817152664475
established 0.0006704659738518271 0.7447274948966939 0.0004993144451201434
prominent 0.00033523298692591353 0.7447274948966939 0.0002496572225600717
lawmaker 0.0006704659738518271 1.2218487496163564 0.0008192080118111676
presidency 0.0016761649346295675 0.4685210829577449 0.0007853186103884427
dropped 0.0010056989607777405 0.853871964321762 0.0008587381471556441
primary 0.0010056989607777405 0.7695510786217261 0.0007739367200352593
however 0.0016761649346295675 0.32790214206428253 0.0005496180725180732
report 0.0006704659738518271 0.7695510786217261 0.0005159578133568395
surfaced 0.0010056989607777405 1.045757490560675 0.0010517172214824088
plagiarized 0.00033523298692591353 1.6989700043360187 0.0005695507892510958
suffering 0.00033523298692591353 0.7958800173440752 0.0002668052354489022
severe 0.00033523298692591353 1.045757490560675 0.0003505724071608029
headache 0.00033523298692591353 1.5228787452803376 0.000510519190506315
shortly 0.0010056989607777405 0.585026652029182 0.0005883606959730292
doctor 0.00033523298692591353 1.3010299956639813 0.00043614817152664475
discovered 0.00033523298692591353 0.7958800173440752 0.0002668052354489022
threatening 0.00033523298692591353 1.5228787452803376 0.000510519190506315
brain 0.0013409319477036541 1.0 0.0013409319477036541
aneurysm 0.00033523298692591353 1.6989700043360187 0.0005695507892510958
complication 0.00033523298692591353 1.3010299956639813 0.00043614817152664475
ensuing 0.00033523298692591353 1.045757490560675 0.0003505724071608029
surgery 0.0006704659738518271 0.8239087409443188 0.0005524027763622654
blood 0.00033523298692591353 1.045757490560675 0.0003505724071608029
clot 0.00033523298692591353 1.6989700043360187 0.0005695507892510958
lung 0.00033523298692591353 1.6989700043360187 0.0005695507892510958
turn 0.00033523298692591353 0.7958800173440752 0.0002668052354489022
caused 0.00033523298692591353 0.8860566476931633 0.000297035416591741
undergo 0.00033523298692591353 1.3010299956639813 0.00043614817152664475
another 0.0013409319477036541 0.40893539297350084 0.0005483545329849157
always 0.00033523298692591353 0.638272163982407 0.0002139698840034888
resilient 0.00033523298692591353 1.6989700043360187 0.0005695507892510958
returned 0.00033523298692591353 0.5086383061657272 0.00017051233864087405
surviving 0.00033523298692591353 1.5228787452803376 0.000510519190506315
seven 0.00033523298692591353 0.619788758288394 0.00020777363670412136
month 0.0016761649346295677 1.016824927962187 0.001704366288907454
recovery 0.0010056989607777405 1.0969100130080565 0.0011031612601489003
period 0.0006704659738518271 0.958607314841775 0.0006427135868868756
unsuccessful 0.00033523298692591353 0.8860566476931633 0.000297035416591741
bid 0.00033523298692591353 0.6020599913279624 0.00020183036920146244
experience 0.00033523298692591353 0.619788758288394 0.00020777363670412136
failed 0.00033523298692591353 0.5376020021010439 0.0001802219249416842
generate 0.00033523298692591353 1.3010299956639813 0.00043614817152664475
field 0.00033523298692591353 1.0 0.00033523298692591353
dominated 0.00033523298692591353 1.3979400086720377 0.0004686356046503647
receiving 0.00033523298692591353 0.619788758288394 0.00020777363670412136
le 0.00033523298692591353 0.8239087409443188 0.0002762013881811327
percent 0.0016761649346295675 0.8860566476931633 0.0014851770829587046
vote 0.002011397921555481 1.5590909179347823 0.0031359522318500483
crucial 0.0010056989607777405 1.3010299956639813 0.0013084445145799342
iowa 0.0006704659738518271 1.3979400086720377 0.0009372712093007294
caucus 0.0006704659738518271 1.5228787452803376 0.00102103838101263
though 0.0010056989607777405 0.3665315444204135 0.0003686203933158701
secured 0.00033523298692591353 1.3010299956639813 0.00043614817152664475
nomination 0.0010056989607777405 0.5086383061657272 0.0005115370159226221
fought 0.00033523298692591353 0.7958800173440752 0.0002668052354489022
working 0.0006704659738518271 0.35654732351381263 0.0002390528484839508
root 0.00033523298692591353 1.045757490560675 0.0003505724071608029
helped 0.0006704659738518271 0.3372421683184259 0.0002261093988055152
communicate 0.00033523298692591353 1.3010299956639813 0.00043614817152664475
message 0.00033523298692591353 0.9208187539523752 0.0003086888213048526
economic 0.0006704659738518271 0.585026652029182 0.0003922404639820195
voter 0.0006704659738518271 2.045757490560675 0.0013716107881734327
swing 0.00033523298692591353 1.6989700043360187 0.0005695507892510958
ohio 0.00033523298692591353 1.0 0.00033523298692591353
convincingly 0.00033523298692591353 1.6989700043360187 0.0005695507892510958
defeated 0.0006704659738518271 0.8239087409443188 0.0005524027763622654
arizona 0.0006704659738518271 0.958607314841775 0.0006427135868868756
mccain 0.0016761649346295675 1.0969100130080565 0.001838602100248167
alaska 0.00033523298692591353 1.6989700043360187 0.0005695507892510958
governor 0.0006704659738518271 0.6575773191777938 0.00044088321768541325
sarah 0.00033523298692591353 1.3010299956639813 0.00043614817152664475
palin 0.00033523298692591353 1.6989700043360187 0.0005695507892510958
january 0.0023466309084813944 0.2676062401770315 0.0006279730745019176
sworn 0.0006704659738518271 1.045757490560675 0.0007011448143216058
role 0.0010056989607777405 0.9863203027088074 0.000991941303428234
behind 0.00033523298692591353 0.6777807052660807 0.00022721445030710047
scene 0.00033523298692591353 1.5228787452803376 0.000510519190506315
adviser 0.00033523298692591353 0.7447274948966939 0.0002496572225600717
formulating 0.00033523298692591353 1.6989700043360187 0.0005695507892510958
federal 0.0016761649346295675 0.6020599913279624 0.001009151846007312
relating 0.00033523298692591353 1.3979400086720377 0.0004686356046503647
afghanistan 0.0006704659738518271 1.1549019599857433 0.0007743224673052251
connection 0.00033523298692591353 1.2218487496163564 0.0004096040059055838
secure 0.00033523298692591353 0.958607314841775 0.0003213567934434378
reduction 0.00033523298692591353 1.1549019599857433 0.0003871612336526126
treaty 0.00033523298692591353 1.0969100130080565 0.0003677204200496334
russian 0.00033523298692591353 0.958607314841775 0.0003213567934434378
federation 0.00033523298692591353 1.3979400086720377 0.0004686356046503647
relish 0.00033523298692591353 1.6989700043360187 0.0005695507892510958
opportunity 0.00033523298692591353 0.8239087409443188 0.0002762013881811327
play 0.00033523298692591353 0.7958800173440752 0.0002668052354489022
following 0.002011397921555481 0.2518119729937996 0.0005064940791025134
election 0.0023466309084813944 0.44369749923271273 0.0010411942657153836
historic 0.00033523298692591353 0.6989700043360189 0.00023431780232518234
second 0.002011397921555481 0.19382002601611284 0.0003898491974846386
faced 0.0010056989607777405 0.7695510786217261 0.0007739367200352593
challenger 0.00033523298692591353 1.3979400086720377 0.0004686356046503647
mitt 0.00033523298692591353 1.1549019599857433 0.0003871612336526126
romney 0.0010056989607777405 1.1549019599857433 0.0011614837009578376
massachusetts 0.00033523298692591353 0.7695510786217261 0.00025797890667841975
representative 0.0006704659738518271 1.4814860601221125 0.0009932859940476786
ryan 0.00033523298692591353 1.045757490560675 0.0003505724071608029
wisconsin 0.0006704659738518271 1.2218487496163564 0.0008192080118111676
earning 0.0006704659738518271 0.6989700043360189 0.0004686356046503647
received 0.0010056989607777405 0.28399665636520083 0.00028561514217083557
nearly 0.00033523298692591353 0.721246399047171 0.0002417855846621425
electoral 0.0010056989607777405 1.0 0.0010056989607777405
million 0.0010056989607777405 0.5228787452803376 0.0005258586107412045
ballot 0.0010056989607777405 2.619788758288394 0.002634718831667845
showed 0.00033523298692591353 0.8239087409443188 0.0002762013881811327
influential 0.00033523298692591353 0.6777807052660807 0.00022721445030710047
could 0.0010056989607777405 0.4202164033831899 0.00042261120018423386
instrumental 0.00033523298692591353 1.1549019599857433 0.0003871612336526126
achieving 0.00033523298692591353 1.5228787452803376 0.000510519190506315
bipartisan 0.00033523298692591353 1.0 0.00033523298692591353
agreement 0.0006704659738518271 0.958607314841775 0.0006427135868868756
tax 0.00033523298692591353 0.7958800173440752 0.0002668052354489022
spending 0.00033523298692591353 0.721246399047171 0.0002417855846621425
cut 0.00033523298692591353 1.0969100130080565 0.0003677204200496334
avoid 0.00033523298692591353 1.1549019599857433 0.0003871612336526126
fiscal 0.0006704659738518271 1.3979400086720377 0.0009372712093007294
cliff 0.0006704659738518271 1.3979400086720377 0.0009372712093007294
crisis 0.00033523298692591353 0.8860566476931633 0.000297035416591741
looming 0.00033523298692591353 1.3979400086720377 0.0004686356046503647
deadline 0.00033523298692591353 1.2218487496163564 0.0004096040059055838
able 0.0006704659738518271 0.7447274948966939 0.0004993144451201434
hammer 0.00033523298692591353 1.2218487496163564 0.0004096040059055838
deal 0.00033523298692591353 0.5528419686577808 0.00018533086445115014
minority 0.00033523298692591353 0.8860566476931633 0.000297035416591741
leader 0.00033523298692591353 0.37675070960209955 0.00012629926570636928
mitch 0.00033523298692591353 1.1549019599857433 0.0003871612336526126
mcconnell 0.00033523298692591353 1.1549019599857433 0.0003871612336526126
bill 0.00033523298692591353 0.4202164033831899 0.0001408704000614113
passed 0.00033523298692591353 0.6777807052660807 0.00022721445030710047
tough 0.00033523298692591353 0.8860566476931633 0.000297035416591741
negotiation 0.00033523298692591353 1.0 0.00033523298692591353
approved 0.00033523298692591353 1.045757490560675 0.0003505724071608029
around 0.00033523298692591353 0.4559319556497244 0.00015284343132743023
national 0.0010056989607777405 0.3010299956639812 0.00030274555380219365
debate 0.0030170968823332216 2.0087739243075053 0.006060665544340445
gun 0.0006704659738518271 0.8860566476931633 0.000594070833183482
head 0.0010056989607777405 0.5228787452803376 0.0005258586107412045
special 0.00033523298692591353 0.638272163982407 0.0002139698840034888
task 0.0010056989607777405 1.5228787452803376 0.001531557571518945
force 0.0006704659738518271 0.6575773191777938 0.00044088321768541325
issue 0.0013409319477036541 0.6989700043360189 0.0009372712093007294
shooting 0.00033523298692591353 0.958607314841775 0.0003213567934434378
newtown 0.00033523298692591353 1.3979400086720377 0.0004686356046503647
connecticut 0.00033523298692591353 1.1549019599857433 0.0003871612336526126
december 0.0006704659738518271 0.40893539297350084 0.00027417726649245784
delivered 0.0010056989607777405 0.8239087409443188 0.000828604164543398
solution 0.00033523298692591353 1.1549019599857433 0.0003871612336526126
reducing 0.00033523298692591353 1.045757490560675 0.0003505724071608029
violence 0.0006704659738518271 0.8239087409443188 0.0005524027763622654
across 0.00033523298692591353 0.8239087409443188 0.0002762013881811327
craft 0.00033523298692591353 1.3979400086720377 0.0004686356046503647
take 0.00033523298692591353 0.48148606012211254 0.00016141001009792577
using 0.00033523298692591353 0.7958800173440752 0.0002668052354489022
executive 0.0006704659738518271 0.5528419686577808 0.0003706617289023003
among 0.0006704659738518271 0.35654732351381263 0.0002390528484839508
recommendation 0.00033523298692591353 1.3979400086720377 0.0004686356046503647
personal 0.0006704659738518271 0.3372421683184259 0.0002261093988055152
post 0.00033523298692591353 0.6989700043360189 0.00023431780232518234
jill 0.002011397921555481 1.3010299956639813 0.0026168890291598684
since 0.00033523298692591353 0.3372421683184259 0.0001130546994027576
couple 0.00033523298692591353 0.40893539297350084 0.00013708863324622892
ashley 0.0010056989607777405 1.2218487496163564 0.0012288120177167514
may 0.0013409319477036541 0.3098039199714864 0.00041542597381359224
suffered 0.00033523298692591353 0.6575773191777938 0.00022044160884270662
loss 0.00033523298692591353 0.7447274948966939 0.0002496572225600717
died 0.00033523298692591353 0.31875876262441283 0.00010685845210339017
battling 0.00033523298692591353 1.3979400086720377 0.0004686356046503647
cancer 0.0006704659738518271 0.8239087409443188 0.0005524027763622654
simply 0.00033523298692591353 1.045757490560675 0.0003505724071608029
finest 0.0006704659738518271 1.5228787452803376 0.00102103838101263
ever 0.0010056989607777405 0.6989700043360189 0.000702953406975547
known 0.0006704659738518271 0.06048074738138145 4.055028319234425e-05
wrote 0.00033523298692591353 0.5528419686577808 0.00018533086445115014
statement 0.0006704659738518271 0.638272163982407 0.0004279397680069776
inside 0.00033523298692591353 0.958607314841775 0.0003213567934434378
unbreakable 0.00033523298692591353 0.8860566476931633 0.000297035416591741
bond 0.00033523298692591353 1.0969100130080565 0.0003677204200496334
put 0.0006704659738518271 0.6777807052660807 0.00045442890061420094
speculation 0.00033523298692591353 1.045757490560675 0.0003505724071608029
rest 0.00033523298692591353 0.6020599913279624 0.00020183036920146244
october 0.0013409319477036541 0.37675070960209955 0.0005051970628254771
announced 0.0010056989607777405 0.40893539297350084 0.0004112658997386867
seek 0.00033523298692591353 1.045757490560675 0.0003505724071608029
rose 0.00033523298692591353 0.7447274948966939 0.0002496572225600717
side 0.0006704659738518271 1.5058454059815571 0.0010096181065917245
made 0.0006704659738518271 0.1804560644581313 0.00012098965099438908
announcement 0.0010056989607777405 3.0969100130080562 0.003114559181704381
referring 0.00033523298692591353 1.3979400086720377 0.0004686356046503647
recent 0.00033523298692591353 1.045757490560675 0.0003505724071608029
death 0.0010056989607777405 1.3334820194451191 0.0013410814811717592
decision 0.00033523298692591353 0.585026652029182 0.00019612023199100975
making 0.00033523298692591353 0.3979400086720376 0.0001334026177244511
grieving 0.00033523298692591353 1.6989700043360187 0.0005695507892510958
process 0.0010056989607777405 0.7958800173440752 0.0008004157063467066
along 0.0013409319477036541 0.4202164033831899 0.0005634816002456452
others 0.00033523298692591353 0.494850021680094 0.00016589005084817097
concluded 0.00033523298692591353 1.0969100130080565 0.0003677204200496334
closed 0.00033523298692591353 1.045757490560675 0.0003505724071608029
added 0.00033523298692591353 0.853871964321762 0.00028624604905188135
candidate 0.0010056989607777405 1.4710832997223453 0.001479466945748252
silent 0.00033523298692591353 1.2218487496163564 0.0004096040059055838
intend 0.00033523298692591353 1.5228787452803376 0.000510519190506315
speak 0.00033523298692591353 0.958607314841775 0.0003213567934434378
clearly 0.00033523298692591353 1.5228787452803376 0.000510519190506315
forcefully 0.00033523298692591353 1.5228787452803376 0.000510519190506315
influence 0.00033523298692591353 0.6989700043360189 0.00023431780232518234
need 0.00033523298692591353 0.638272163982407 0.0002139698840034888
distinction 0.0006704659738518271 1.2218487496163564 0.0008192080118111676
civilian 0.00033523298692591353 1.1549019599857433 0.0003871612336526126
surprise 0.00033523298692591353 1.1549019599857433 0.0003871612336526126
lion 0.00033523298692591353 1.2218487496163564 0.0004096040059055838
told 0.00033523298692591353 0.44369749923271273 0.00014874203795934053
honored 0.0006704659738518271 1.0 0.0006704659738518271
faith 0.0006704659738518271 0.7958800173440752 0.0005336104708978044
fellow 0.00033523298692591353 0.6020599913279624 0.00020183036920146244
country 0.0016761649346295675 0.27572413039921095 0.00046215911900638777
lifetime 0.0006704659738518271 0.7958800173440752 0.0005336104708978044
service 0.0006704659738518271 1.5086383061657274 0.0010114906511335753
endure 0.00033523298692591353 1.1549019599857433 0.0003871612336526126
generation 0.00033523298692591353 0.8860566476931633 0.000297035416591741
gave 0.0006704659738518271 0.6020599913279624 0.00040366073840292487
emotional 0.00033523298692591353 0.9208187539523752 0.0003086888213048526
impromptu 0.00033523298692591353 1.6989700043360187 0.0005695507892510958
thanking 0.00033523298692591353 1.6989700043360187 0.0005695507892510958
lady 0.0006704659738518271 0.6575773191777938 0.00044088321768541325
michelle 0.00033523298692591353 1.0 0.00033523298692591353
promised 0.0006704659738518271 0.8860566476931633 0.000594070833183482
refused 0.0006704659738518271 0.7447274948966939 0.0004993144451201434
remain 0.00033523298692591353 0.853871964321762 0.00028624604905188135
quiet 0.00033523298692591353 0.958607314841775 0.0003213567934434378
leaving 0.00033523298692591353 0.5686362358410126 0.00019062562381529089
opposition 0.0006704659738518271 0.958607314841775 0.0006427135868868756
successor 0.00033523298692591353 1.0969100130080565 0.0003677204200496334
donald 0.00033523298692591353 0.494850021680094 0.00016589005084817097
trump 0.0053637277908146165 0.5086383061657272 0.0027281974182539847
occasionally 0.0006704659738518271 1.2218487496163564 0.0008192080118111676
criticize 0.00033523298692591353 1.5228787452803376 0.000510519190506315
event 0.0006704659738518271 0.721246399047171 0.000483571169324285
declared 0.0006704659738518271 0.5528419686577808 0.0003706617289023003
governance 0.00033523298692591353 1.6989700043360187 0.0005695507892510958
blasted 0.00033523298692591353 1.6989700043360187 0.0005695507892510958
seeming 0.00033523298692591353 1.3979400086720377 0.0004686356046503647
defense 0.00033523298692591353 0.7695510786217261 0.00025797890667841975
nationalist 0.00033523298692591353 1.3010299956639813 0.00043614817152664475
group 0.00033523298692591353 0.853871964321762 0.00028624604905188135
bella 0.00033523298692591353 0.0655015487564323 2.1958279837892156e-05
hadid 0.00033523298692591353 0.0655015487564323 2.1958279837892156e-05
sadie 0.00033523298692591353 0.06048074738138145 2.0275141596172126e-05
alexander 0.00033523298692591353 0.05551732784983141 1.8611239641244188e-05
adrienne 0.00033523298692591353 0.0655015487564323 2.1958279837892156e-05
additionally 0.0006704659738518271 0.9208187539523752 0.0006173776426097051
revealed 0.00033523298692591353 0.5086383061657272 0.00017051233864087405
mixed 0.00033523298692591353 1.0969100130080565 0.0003677204200496334
feeling 0.00033523298692591353 1.3010299956639813 0.00043614817152664475
bypassing 0.00033523298692591353 1.5228787452803376 0.000510519190506315
march 0.0016761649346295675 0.27572413039921095 0.00046215911900638777
elaborated 0.00033523298692591353 1.6989700043360187 0.0005695507892510958
interview 0.0006704659738518271 0.585026652029182 0.0003922404639820195
oprah 0.00033523298692591353 1.1549019599857433 0.0003871612336526126
winfrey 0.00033523298692591353 1.1549019599857433 0.0003871612336526126
woman 0.0010056989607777405 0.7958800173440752 0.0008004157063467066
announce 0.0006704659738518271 1.0969100130080565 0.0007354408400992668
unless 0.00033523298692591353 1.2218487496163564 0.0004096040059055838
question 0.00033523298692591353 0.9208187539523752 0.0003086888213048526
truly 0.00033523298692591353 0.958607314841775 0.0003213567934434378
believe 0.0006704659738518271 0.853871964321762 0.0005724920981037627
person 0.003352329869259135 0.05060999335508724 0.0001696613924072653
believed 0.00033523298692591353 0.6020599913279624 0.00020183036920146244
prepared 0.00033523298692591353 1.045757490560675 0.0003505724071608029
give 0.00033523298692591353 0.721246399047171 0.0002417855846621425
whole 0.0006704659738518271 0.958607314841775 0.0006427135868868756
heart 0.00033523298692591353 0.5228787452803376 0.00017528620358040148
soul 0.00033523298692591353 0.853871964321762 0.00028624604905188135
intention 0.0006704659738518271 1.1549019599857433 0.0007743224673052251
endeavor 0.00033523298692591353 1.6989700043360187 0.0005695507892510958
knew 0.0006704659738518271 0.9208187539523752 0.0006173776426097051
show 0.00033523298692591353 0.494850021680094 0.00016589005084817097
publicized 0.00033523298692591353 1.3010299956639813 0.00043614817152664475
interaction 0.00033523298692591353 1.6989700043360187 0.0005695507892510958
co 0.00033523298692591353 0.4202164033831899 0.0001408704000614113
meghan 0.0006704659738518271 1.5228787452803376 0.00102103838101263
whose 0.00033523298692591353 0.7695510786217261 0.00025797890667841975
dad 0.0006704659738518271 0.958607314841775 0.0006427135868868756
diagnosed 0.00033523298692591353 1.0 0.00033523298692591353
visibly 0.00033523298692591353 1.6989700043360187 0.0005695507892510958
discussing 0.00033523298692591353 1.5228787452803376 0.000510519190506315
disease 0.00033523298692591353 0.8860566476931633 0.000297035416591741
vp 0.0006704659738518271 1.3979400086720377 0.0009372712093007294
gently 0.00033523298692591353 1.6989700043360187 0.0005695507892510958
hand 0.00033523298692591353 0.7958800173440752 0.0002668052354489022
console 0.00033523298692591353 1.6989700043360187 0.0005695507892510958
pointing 0.00033523298692591353 1.1549019599857433 0.0003871612336526126
inspired 0.00033523298692591353 0.6989700043360189 0.00023431780232518234
courage 0.00033523298692591353 0.958607314841775 0.0003213567934434378
hope 0.0006704659738518271 0.9208187539523752 0.0006173776426097051
anybody 0.00033523298692591353 1.5228787452803376 0.000510519190506315
make 0.00033523298692591353 0.3872161432802645 0.00012980762429777557
al 0.00033523298692591353 0.7447274948966939 0.0002496572225600717
sharpton 0.00033523298692591353 1.6989700043360187 0.0005695507892510958
ruled 0.00033523298692591353 0.7958800173440752 0.0002668052354489022
recovered 0.00033523298692591353 1.0969100130080565 0.0003677204200496334
enough 0.00033523298692591353 0.6575773191777938 0.00022044160884270662
devote 0.00033523298692591353 1.6989700043360187 0.0005695507892510958
effort 0.0010056989607777405 1.391473966422806 0.0013994039219806967
really 0.0006704659738518271 0.721246399047171 0.000483571169324285
hoping 0.00033523298692591353 1.5228787452803376 0.000510519190506315
step 0.00033523298692591353 0.7958800173440752 0.0002668052354489022
away 0.0006704659738518271 0.5376020021010439 0.0003604438498833684
knowing 0.00033523298692591353 1.3010299956639813 0.00043614817152664475
somebody 0.00033523298692591353 1.3979400086720377 0.0004686356046503647
result 0.0010056989607777405 1.045757490560675 0.0010517172214824088
harvard 0.00033523298692591353 0.7447274948966939 0.0002496572225600717
cap 0.0006704659738518271 3.221848749616356 0.0021601399595148215
harris 0.0013409319477036541 1.045757490560675 0.0014022896286432116
poll 0.0010056989607777405 2.2676062401770314 0.00228052923919916
june 0.0006704659738518271 0.28399665636520083 0.00019041009478055706
suggested 0.0006704659738518271 0.8239087409443188 0.0005524027763622654
democrat 0.00033523298692591353 0.7695510786217261 0.00025797890667841975
ready 0.00033523298692591353 1.045757490560675 0.0003505724071608029
yet 0.00033523298692591353 0.6777807052660807 0.00022721445030710047
topped 0.00033523298692591353 1.3010299956639813 0.00043614817152664475
participant 0.00033523298692591353 1.5228787452803376 0.000510519190506315
naming 0.00033523298692591353 1.5228787452803376 0.000510519190506315
favorite 0.00033523298692591353 0.8239087409443188 0.0002762013881811327
came 0.0013409319477036541 0.3010299956639812 0.00040366073840292487
bernie 0.00033523298692591353 1.1549019599857433 0.0003871612336526126
sander 0.0010056989607777405 1.0969100130080565 0.0011031612601489003
finishing 0.00033523298692591353 1.5228787452803376 0.000510519190506315
third 0.0010056989607777405 0.4202164033831899 0.00042261120018423386
contemplating 0.00033523298692591353 1.5228787452803376 0.000510519190506315
problem 0.00033523298692591353 0.958607314841775 0.0003213567934434378
lucy 0.00033523298692591353 1.3979400086720377 0.0004686356046503647
flores 0.00033523298692591353 1.5228787452803376 0.000510519190506315
nevada 0.0006704659738518271 1.2218487496163564 0.0008192080118111676
assemblywoman 0.00033523298692591353 1.6989700043360187 0.0005695507892510958
published 0.0006704659738518271 0.07058107428570728 4.7322208706474885e-05
essay 0.00033523298692591353 1.5228787452803376 0.000510519190506315
described 0.00033523298692591353 0.6989700043360189 0.00023431780232518234
inappropriately 0.0006704659738518271 1.6989700043360187 0.0011391015785021917
kissing 0.00033523298692591353 1.5228787452803376 0.000510519190506315
responded 0.00033523298692591353 1.0969100130080565 0.0003677204200496334
countless 0.00033523298692591353 1.0 0.00033523298692591353
handshake 0.00033523298692591353 1.6989700043360187 0.0005695507892510958
hug 0.00033523298692591353 1.6989700043360187 0.0005695507892510958
expression 0.00033523298692591353 1.5228787452803376 0.000510519190506315
affection 0.00033523298692591353 1.6989700043360187 0.0005695507892510958
comfort 0.00033523298692591353 1.3010299956639813 0.00043614817152664475
offered 0.00033523298692591353 1.3010299956639813 0.00043614817152664475
ally 0.00033523298692591353 0.958607314841775 0.0003213567934434378
adding 0.00033523298692591353 0.958607314841775 0.0003213567934434378
acted 0.00033523298692591353 1.0969100130080565 0.0003677204200496334
listen 0.00033523298692591353 1.0969100130080565 0.0003677204200496334
respectfully 0.00033523298692591353 1.6989700043360187 0.0005695507892510958
congressional 0.0010056989607777405 0.721246399047171 0.0007253567539864275
aide 0.0006704659738518271 1.1549019599857433 0.0007743224673052251
lappos 0.00033523298692591353 1.6989700043360187 0.0005695507892510958
forward 0.0006704659738518271 0.7695510786217261 0.0005159578133568395
story 0.0013409319477036541 0.7332980331159121 0.0009833027597933787
uncomfortable 0.00033523298692591353 1.5228787452803376 0.000510519190506315
fundraiser 0.00033523298692591353 1.6989700043360187 0.0005695507892510958
indicating 0.00033523298692591353 1.5228787452803376 0.000510519190506315
likely 0.00033523298692591353 1.0969100130080565 0.0003677204200496334
linger 0.00033523298692591353 1.5228787452803376 0.000510519190506315
april 0.0016761649346295675 0.1549019599857432 0.0002596412336334951
news 0.00033523298692591353 0.585026652029182 0.00019612023199100975
minute 0.00033523298692591353 1.0 0.00033523298692591353
referenced 0.00033523298692591353 1.6989700043360187 0.0005695507892510958
attempt 0.0006704659738518271 1.540607512240769 0.0010329249160179476
equate 0.00033523298692591353 1.5228787452803376 0.000510519190506315
racially 0.00033523298692591353 1.1549019599857433 0.0003871612336526126
charged 0.00033523298692591353 0.7695510786217261 0.00025797890667841975
clash 0.00033523298692591353 1.3979400086720377 0.0004686356046503647
charlottesville 0.00033523298692591353 1.3010299956639813 0.00043614817152664475
virginia 0.00033523298692591353 0.8239087409443188 0.0002762013881811327
threat 0.00033523298692591353 1.045757490560675 0.0003505724071608029
unlike 0.00033523298692591353 1.1549019599857433 0.0003871612336526126
seen 0.00033523298692591353 0.619788758288394 0.00020777363670412136
easily 0.00033523298692591353 1.2218487496163564 0.0004096040059055838
entered 0.00033523298692591353 0.721246399047171 0.0002417855846621425
candidacy 0.00033523298692591353 0.9208187539523752 0.0003086888213048526
soon 0.0010056989607777405 0.40893539297350084 0.0004112658997386867
litmus 0.00033523298692591353 1.6989700043360187 0.0005695507892510958
test 0.00033523298692591353 1.0 0.00033523298692591353
progressive 0.00033523298692591353 1.045757490560675 0.0003505724071608029
base 0.00033523298692591353 1.0 0.00033523298692591353
underscoring 0.00033523298692591353 1.3010299956639813 0.00043614817152664475
challenge 0.0006704659738518271 1.899629454882437 0.0012736369124253686
presenting 0.00033523298692591353 1.3979400086720377 0.0004686356046503647
moderate 0.00033523298692591353 1.2218487496163564 0.0004096040059055838
drew 0.00033523298692591353 0.8239087409443188 0.0002762013881811327
criticism 0.00033523298692591353 0.9208187539523752 0.0003086888213048526
affirming 0.00033523298692591353 1.3979400086720377 0.0004686356046503647
hyde 0.00033523298692591353 1.2218487496163564 0.0004096040059055838
amendment 0.00033523298692591353 1.1549019599857433 0.0003871612336526126
banned 0.00033523298692591353 1.2218487496163564 0.0004096040059055838
funding 0.0006704659738518271 1.1549019599857433 0.0007743224673052251
abortion 0.00033523298692591353 1.3979400086720377 0.0004686356046503647
reversing 0.00033523298692591353 1.3979400086720377 0.0004686356046503647
afterward 0.0006704659738518271 0.853871964321762 0.0005724920981037627
late 0.0006704659738518271 0.3665315444204135 0.00024574692887724674
track 0.00033523298692591353 0.8860566476931633 0.000297035416591741
record 0.0016761649346295675 0.494850021680094 0.0008294502542408548
targeted 0.0006704659738518271 1.0969100130080565 0.0007354408400992668
kamala 0.0013409319477036541 1.1549019599857433 0.0015486449346104503
busing 0.00033523298692591353 1.5228787452803376 0.000510519190506315
mean 0.00033523298692591353 1.0969100130080565 0.0003677204200496334
integrating 0.00033523298692591353 1.0969100130080565 0.0003677204200496334
fared 0.00033523298692591353 1.5228787452803376 0.000510519190506315
subsequent 0.00033523298692591353 0.9208187539523752 0.0003086888213048526
demonstrated 0.00033523298692591353 1.1549019599857433 0.0003871612336526126
grasp 0.00033523298692591353 1.6989700043360187 0.0005695507892510958
tied 0.00033523298692591353 1.2218487496163564 0.0004096040059055838
accomplishment 0.00033523298692591353 0.8860566476931633 0.000297035416591741
meanwhile 0.0010056989607777405 1.0969100130080565 0.0011031612601489003
revelation 0.00033523298692591353 1.6989700043360187 0.0005695507892510958
pressured 0.00033523298692591353 1.3979400086720377 0.0004686356046503647
ukrainian 0.0006704659738518271 1.3010299956639813 0.0008722963430532895
government 0.00033523298692591353 0.494850021680094 0.00016589005084817097
investigating 0.00033523298692591353 1.3010299956639813 0.00043614817152664475
stemmed 0.00033523298692591353 1.5228787452803376 0.000510519190506315
involvement 0.00033523298692591353 0.958607314841775 0.0003213567934434378
energy 0.00033523298692591353 0.8239087409443188 0.0002762013881811327
burisma 0.00033523298692591353 1.6989700043360187 0.0005695507892510958
holding 0.00033523298692591353 1.5228787452803376 0.000510519190506315
prosecutor 0.00033523298692591353 1.1549019599857433 0.0003871612336526126
general 0.0013409319477036541 0.4559319556497244 0.0006113737253097209
fired 0.00033523298692591353 1.045757490560675 0.0003505724071608029
abuse 0.0010056989607777405 0.958607314841775 0.0009640703803303134
impeachment 0.0010056989607777405 1.3010299956639813 0.0013084445145799342
cooperate 0.00033523298692591353 1.3979400086720377 0.0004686356046503647
congress 0.0006704659738518271 0.4202164033831899 0.0002817408001228226
topic 0.0006704659738518271 1.3979400086720377 0.0009372712093007294
additional 0.00033523298692591353 0.853871964321762 0.00028624604905188135
urgency 0.00033523298692591353 1.6989700043360187 0.0005695507892510958
speaker 0.00033523298692591353 0.7447274948966939 0.0002496572225600717
nancy 0.00033523298692591353 1.0 0.00033523298692591353
pelosi 0.00033523298692591353 1.0969100130080565 0.0003677204200496334
ignited 0.00033523298692591353 1.6989700043360187 0.0005695507892510958
proceeding 0.00033523298692591353 1.3010299956639813 0.00043614817152664475
trial 0.00033523298692591353 0.7447274948966939 0.0002496572225600717
ended 0.0006704659738518271 0.5686362358410126 0.00038125124763058177
acquittal 0.00033523298692591353 1.3010299956639813 0.00043614817152664475
finished 0.00033523298692591353 1.045757490560675 0.0003505724071608029
fourth 0.00033523298692591353 0.721246399047171 0.0002417855846621425
hampshire 0.00033523298692591353 1.045757490560675 0.0003505724071608029
rebounded 0.00033523298692591353 1.5228787452803376 0.000510519190506315
resounding 0.00033523298692591353 1.3010299956639813 0.00043614817152664475
south 0.00033523298692591353 0.40893539297350084 0.00013708863324622892
carolina 0.00033523298692591353 0.7958800173440752 0.0002668052354489022
continued 0.0006704659738518271 0.3372421683184259 0.0002261093988055152
claiming 0.00033523298692591353 1.045757490560675 0.0003505724071608029
majority 0.0006704659738518271 0.7447274948966939 0.0004993144451201434
delegate 0.00033523298692591353 1.1549019599857433 0.0003871612336526126
super 0.0006704659738518271 1.3010299956639813 0.0008722963430532895
tuesday 0.00033523298692591353 1.5228787452803376 0.000510519190506315
voting 0.00033523298692591353 0.7958800173440752 0.0002668052354489022
driving 0.00033523298692591353 1.3979400086720377 0.0004686356046503647
top 0.00033523298692591353 0.48148606012211254 0.00016141001009792577
competitor 0.00033523298692591353 1.6989700043360187 0.0005695507892510958
mid 0.0006704659738518271 0.585026652029182 0.0003922404639820195
committed 0.0006704659738518271 0.9208187539523752 0.0006173776426097051
nominating 0.00033523298692591353 1.5228787452803376 0.000510519190506315
presumptive 0.00033523298692591353 1.3979400086720377 0.0004686356046503647
facing 0.00033523298692591353 1.1549019599857433 0.0003871612336526126
allegation 0.00033523298692591353 1.0969100130080565 0.0003677204200496334
sexual 0.00033523298692591353 0.7958800173440752 0.0002668052354489022
assault 0.00033523298692591353 0.958607314841775 0.0003213567934434378
tara 0.00033523298692591353 1.6989700043360187 0.0005695507892510958
reade 0.00033523298692591353 1.6989700043360187 0.0005695507892510958
august 0.0006704659738518271 0.494850021680094 0.00033178010169634194
great 0.0006704659738518271 0.5228787452803376 0.00035057240716080296
picked 0.00033523298692591353 1.0969100130080565 0.0003677204200496334
fearless 0.00033523298692591353 1.5228787452803376 0.000510519190506315
fighter 0.00033523298692591353 1.5228787452803376 0.000510519190506315
public 0.00033523298692591353 0.2596373105057561 8.703899111825549e-05
servant 0.00033523298692591353 1.5228787452803376 0.000510519190506315
back 0.00033523298692591353 0.4202164033831899 0.0001408704000614113
closely 0.00033523298692591353 1.0969100130080565 0.0003677204200496334
watched 0.00033523298692591353 1.3979400086720377 0.0004686356046503647
big 0.00033523298692591353 0.5228787452803376 0.00017528620358040148
bank 0.00033523298692591353 1.0 0.00033523298692591353
lifted 0.00033523298692591353 1.045757490560675 0.0003505724071608029
protected 0.00033523298692591353 1.3979400086720377 0.0004686356046503647
proud 0.0006704659738518271 0.9208187539523752 0.0006173776426097051
partner 0.00033523298692591353 0.8860566476931633 0.000297035416591741
officially 0.00033523298692591353 0.6989700043360189 0.00023431780232518234
anticipated 0.00033523298692591353 1.3010299956639813 0.00043614817152664475
messy 0.00033523298692591353 1.6989700043360187 0.0005695507892510958
affair 0.00033523298692591353 0.9208187539523752 0.0003086888213048526
marked 0.00033523298692591353 0.8860566476931633 0.000297035416591741
frequent 0.00033523298692591353 1.2218487496163564 0.0004096040059055838
interruption 0.0006704659738518271 1.5228787452803376 0.00102103838101263
heated 0.00033523298692591353 1.6989700043360187 0.0005695507892510958
discussion 0.00033523298692591353 1.0969100130080565 0.0003677204200496334
spiraled 0.00033523298692591353 1.6989700043360187 0.0005695507892510958
flustered 0.00033523298692591353 1.6989700043360187 0.0005695507892510958
opponent 0.00033523298692591353 0.958607314841775 0.0003213567934434378
clown 0.00033523298692591353 1.6989700043360187 0.0005695507892510958
managed 0.00033523298692591353 0.958607314841775 0.0003213567934434378
coronavirus 0.0010056989607777405 1.0 0.0010056989607777405
pandemic 0.0006704659738518271 0.9208187539523752 0.0006173776426097051
emphatically 0.00033523298692591353 1.6989700043360187 0.0005695507892510958
climate 0.00033523298692591353 1.045757490560675 0.0003505724071608029
scheduled 0.0006704659738518271 1.0969100130080565 0.0007354408400992668
declined 0.00033523298692591353 1.2218487496163564 0.0004096040059055838
virtual 0.00033523298692591353 1.2218487496163564 0.0004096040059055838
town 0.00033523298692591353 0.9208187539523752 0.0003086888213048526
hall 0.00033523298692591353 1.5228787452803376 0.000510519190506315
microphone 0.00033523298692591353 1.5228787452803376 0.000510519190506315
muted 0.00033523298692591353 1.5228787452803376 0.000510519190506315
fewer 0.0006704659738518271 1.5228787452803376 0.00102103838101263
articulated 0.00033523298692591353 1.6989700043360187 0.0005695507892510958
health 0.0006704659738518271 0.5528419686577808 0.0003706617289023003
care 0.00033523298692591353 0.5376020021010439 0.0001802219249416842
immigration 0.00033523298692591353 0.8860566476931633 0.000297035416591741
overhaul 0.00033523298692591353 1.3010299956639813 0.00043614817152664475
green 0.0006704659738518271 0.6989700043360189 0.0004686356046503647
unloaded 0.00033523298692591353 1.6989700043360187 0.0005695507892510958
management 0.00033523298692591353 1.3010299956639813 0.00043614817152664475
separating 0.00033523298692591353 1.3979400086720377 0.0004686356046503647
migrant 0.0006704659738518271 3.221848749616356 0.0021601399595148215
border 0.0013409319477036541 0.958607314841775 0.0012854271737737513
drawing 0.00033523298692591353 1.0969100130080565 0.0003677204200496334
clear 0.00033523298692591353 0.9208187539523752 0.0003086888213048526
style 0.00033523298692591353 1.3979400086720377 0.0004686356046503647
declaration 0.00033523298692591353 1.045757490560675 0.0003505724071608029
character 0.00033523298692591353 0.958607314841775 0.0003213567934434378
counting 0.0006704659738518271 1.6989700043360187 0.0011391015785021917
mail 0.00033523298692591353 1.5228787452803376 0.000510519190506315
past 0.0006704659738518271 0.6989700043360189 0.0004686356046503647
polling 0.00033523298692591353 1.3010299956639813 0.00043614817152664475
remained 0.00033523298692591353 0.585026652029182 0.00019612023199100975
call 0.0006704659738518271 0.6989700043360189 0.0004686356046503647
tide 0.00033523298692591353 1.3010299956639813 0.00043614817152664475
shifting 0.00033523298692591353 1.6989700043360187 0.0005695507892510958
favor 0.00033523298692591353 0.7695510786217261 0.00025797890667841975
michigan 0.00033523298692591353 1.0969100130080565 0.0003677204200496334
georgia 0.00033523298692591353 0.721246399047171 0.0002417855846621425
series 0.0006704659738518271 0.37675070960209955 0.00025259853141273856
lawsuit 0.00033523298692591353 1.3010299956639813 0.00043614817152664475
alleged 0.00033523298692591353 0.958607314841775 0.0003213567934434378
fraud 0.00033523298692591353 1.045757490560675 0.0003505724071608029
sought 0.0006704659738518271 0.721246399047171 0.000483571169324285
halt 0.00033523298692591353 1.2218487496163564 0.0004096040059055838
battleground 0.00033523298692591353 1.3010299956639813 0.00043614817152664475
four 0.0006704659738518271 0.28399665636520083 0.00019041009478055706
elect 0.00033523298692591353 0.8860566476931633 0.000297035416591741
winning 0.00033523298692591353 0.4202164033831899 0.0001408704000614113
plus 0.00033523298692591353 1.0969100130080565 0.0003677204200496334
set 0.0006704659738518271 0.494850021680094 0.00033178010169634194
oldest 0.00033523298692591353 1.1549019599857433 0.0003871612336526126
chosen 0.00033523298692591353 1.045757490560675 0.0003505724071608029
tweeted 0.00033523298692591353 1.2218487496163564 0.0004096040059055838
ahead 0.0006704659738518271 0.958607314841775 0.0006427135868868756
promise 0.0006704659738518271 0.9208187539523752 0.0006173776426097051
whether 0.00033523298692591353 0.8860566476931633 0.000297035416591741
voted 0.00033523298692591353 0.853871964321762 0.00028624604905188135
placed 0.00033523298692591353 1.1549019599857433 0.0003871612336526126
elector 0.00033523298692591353 1.5228787452803376 0.000510519190506315
cast 0.00033523298692591353 1.045757490560675 0.0003505724071608029
formalizing 0.00033523298692591353 1.5228787452803376 0.000510519190506315
selection 0.00033523298692591353 1.3010299956639813 0.00043614817152664475
cabinet 0.00033523298692591353 0.958607314841775 0.0003213567934434378
staffer 0.00033523298692591353 1.3979400086720377 0.0004686356046503647
initially 0.0006704659738518271 0.7695510786217261 0.0005159578133568395
transition 0.00033523298692591353 1.0969100130080565 0.0003677204200496334
thwarted 0.0006704659738518271 1.3979400086720377 0.0009372712093007294
emily 0.00033523298692591353 1.6989700043360187 0.0005695507892510958
murphy 0.00033523298692591353 1.5228787452803376 0.000510519190506315
release 0.00033523298692591353 0.5686362358410126 0.00019062562381529089
fund 0.00033523298692591353 1.0969100130080565 0.0003677204200496334
capitol 0.0006704659738518271 1.0 0.0006704659738518271
siege 0.0006704659738518271 1.3979400086720377 0.0009372712093007294
start 0.00033523298692591353 0.7695510786217261 0.00025797890667841975
session 0.0006704659738518271 1.3010299956639813 0.0008722963430532895
formalize 0.00033523298692591353 1.6989700043360187 0.0005695507892510958
mob 0.00033523298692591353 1.3010299956639813 0.00043614817152664475
supporter 0.00033523298692591353 0.9208187539523752 0.0003086888213048526
stormed 0.00033523298692591353 1.3979400086720377 0.0004686356046503647
building 0.00033523298692591353 0.853871964321762 0.00028624604905188135
overwhelmed 0.00033523298692591353 1.6989700043360187 0.0005695507892510958
forcing 0.00033523298692591353 1.2218487496163564 0.0004096040059055838
evacuate 0.00033523298692591353 1.6989700043360187 0.0005695507892510958
safety 0.00033523298692591353 1.0969100130080565 0.0003677204200496334
pleaded 0.00033523298692591353 1.1549019599857433 0.0003871612336526126
chaos 0.00033523298692591353 1.5228787452803376 0.000510519190506315
inspire 0.00033523298692591353 1.2218487496163564 0.0004096040059055838
worst 0.00033523298692591353 1.5228787452803376 0.000510519190506315
incite 0.00033523298692591353 1.6989700043360187 0.0005695507892510958
therefore 0.00033523298692591353 1.045757490560675 0.0003505724071608029
fulfill 0.00033523298692591353 1.0969100130080565 0.0003677204200496334
defend 0.00033523298692591353 0.853871964321762 0.00028624604905188135
constitution 0.00033523298692591353 0.853871964321762 0.00028624604905188135
demand 0.00033523298692591353 1.0969100130080565 0.0003677204200496334
resulted 0.0006704659738518271 0.8860566476931633 0.000594070833183482
arrest 0.00033523298692591353 1.3010299956639813 0.00043614817152664475
five 0.00033523298692591353 0.48148606012211254 0.00016141001009792577
resumed 0.00033523298692591353 1.3010299956639813 0.00043614817152664475
midnight 0.00033523298692591353 1.0969100130080565 0.0003677204200496334
mike 0.00033523298692591353 0.8860566476931633 0.000297035416591741
penny 0.00033523298692591353 1.2218487496163564 0.0004096040059055838
formally 0.00033523298692591353 1.0969100130080565 0.0003677204200496334
announcing 0.0006704659738518271 1.1549019599857433 0.0007743224673052251
democracy 0.0016761649346295675 1.0 0.0016761649346295675
renewal 0.00033523298692591353 1.3010299956639813 0.00043614817152664475
resolve 0.00033523298692591353 1.3010299956639813 0.00043614817152664475
crucible 0.00033523298692591353 1.6989700043360187 0.0005695507892510958
tested 0.00033523298692591353 1.3979400086720377 0.0004686356046503647
anew 0.00033523298692591353 1.3010299956639813 0.00043614817152664475
risen 0.00033523298692591353 1.6989700043360187 0.0005695507892510958
today 0.00033523298692591353 0.7447274948966939 0.0002496572225600717
celebrate 0.00033523298692591353 1.1549019599857433 0.0003871612336526126
triumph 0.00033523298692591353 1.5228787452803376 0.000510519190506315
cause 0.0006704659738518271 1.0 0.0006704659738518271
heard 0.00033523298692591353 0.958607314841775 0.0003213567934434378
heeded 0.00033523298692591353 1.5228787452803376 0.000510519190506315
learned 0.00033523298692591353 0.6989700043360189 0.00023431780232518234
precious 0.00033523298692591353 1.6989700043360187 0.0005695507892510958
fragile 0.00033523298692591353 1.6989700043360187 0.0005695507892510958
hour 0.00033523298692591353 1.2218487496163564 0.0004096040059055838
friend 0.00033523298692591353 0.5686362358410126 0.00019062562381529089
prevailed 0.00033523298692591353 1.5228787452803376 0.000510519190506315
opening 0.00033523298692591353 0.9208187539523752 0.0003086888213048526
inaugural 0.00033523298692591353 1.1549019599857433 0.0003871612336526126
address 0.00033523298692591353 0.7695510786217261 0.00025797890667841975
getting 0.00033523298692591353 0.7695510786217261 0.00025797890667841975
signed 0.00033523298692591353 0.494850021680094 0.00016589005084817097
flurry 0.00033523298692591353 1.6989700043360187 0.0005695507892510958
reversed 0.00033523298692591353 1.3010299956639813 0.00043614817152664475
predecessor 0.00033523298692591353 1.3010299956639813 0.00043614817152664475
paris 0.00033523298692591353 0.6020599913279624 0.00020183036920146244
overturned 0.00033523298692591353 1.2218487496163564 0.0004096040059055838
ban 0.00033523298692591353 0.8860566476931633 0.000297035416591741
traveler 0.00033523298692591353 1.3010299956639813 0.00043614817152664475
muslim 0.00033523298692591353 0.9208187539523752 0.0003086888213048526
pulled 0.00033523298692591353 0.958607314841775 0.0003213567934434378
construction 0.00033523298692591353 1.3010299956639813 0.00043614817152664475
wall 0.00033523298692591353 0.5528419686577808 0.00018533086445115014
mexican 0.00033523298692591353 1.2218487496163564 0.0004096040059055838
revoked 0.00033523298692591353 1.6989700043360187 0.0005695507892510958
permit 0.00033523298692591353 1.6989700043360187 0.0005695507892510958
keystone 0.00033523298692591353 1.2218487496163564 0.0004096040059055838
xl 0.00033523298692591353 1.2218487496163564 0.0004096040059055838
pipeline 0.00033523298692591353 1.1549019599857433 0.0003871612336526126
allowed 0.00033523298692591353 0.7958800173440752 0.0002668052354489022
transgender 0.00033523298692591353 1.0969100130080565 0.0003677204200496334
military 0.0006704659738518271 0.5528419686577808 0.0003706617289023003
reeling 0.00033523298692591353 1.5228787452803376 0.000510519190506315
covid 0.0006704659738518271 1.045757490560675 0.0007011448143216058
enacted 0.00033523298692591353 1.3979400086720377 0.0004686356046503647
expanded 0.00033523298692591353 0.9208187539523752 0.0003086888213048526
enrollment 0.00033523298692591353 1.6989700043360187 0.0005695507892510958
insurance 0.00033523298692591353 1.0 0.00033523298692591353
marketplace 0.00033523298692591353 1.6989700043360187 0.0005695507892510958
urged 0.00033523298692591353 1.045757490560675 0.0003505724071608029
relief 0.00033523298692591353 1.045757490560675 0.0003505724071608029
package 0.00033523298692591353 1.2218487496163564 0.0004096040059055838
fruition 0.00033523298692591353 1.6989700043360187 0.0005695507892510958
rescue 0.00033523298692591353 1.3010299956639813 0.00043614817152664475
plan 0.0010056989607777405 0.6989700043360189 0.000702953406975547
light 0.00033523298692591353 0.9208187539523752 0.0003086888213048526
round 0.00033523298692591353 1.2218487496163564 0.0004096040059055838
stimulus 0.00033523298692591353 1.1549019599857433 0.0003871612336526126
payment 0.00033523298692591353 1.5228787452803376 0.000510519190506315
extended 0.00033523298692591353 1.3979400086720377 0.0004686356046503647
unemployment 0.00033523298692591353 1.2218487496163564 0.0004096040059055838
benefit 0.00033523298692591353 1.2218487496163564 0.0004096040059055838
eligible 0.00033523298692591353 1.5228787452803376 0.000510519190506315
vaccine 0.00033523298692591353 1.3979400086720377 0.0004686356046503647
celebrated 0.00033523298692591353 1.0969100130080565 0.0003677204200496334
administering 0.00033523298692591353 1.6989700043360187 0.0005695507892510958
dos 0.00033523298692591353 1.6989700043360187 0.0005695507892510958
target 0.00033523298692591353 1.045757490560675 0.0003505724071608029
tie 0.00033523298692591353 1.5228787452803376 0.000510519190506315
proposal 0.00033523298692591353 1.3979400086720377 0.0004686356046503647
trillion 0.0006704659738518271 1.0969100130080565 0.0007354408400992668
aimed 0.00033523298692591353 1.045757490560675 0.0003505724071608029
overdue 0.00033523298692591353 1.5228787452803376 0.000510519190506315
infrastructure 0.00033523298692591353 1.3979400086720377 0.0004686356046503647
investment 0.0006704659738518271 2.5528419686577806 0.0017115936766059542
establish 0.00033523298692591353 1.0969100130080565 0.0003677204200496334
publicly 0.00033523298692591353 0.619788758288394 0.00020777363670412136
funded 0.00033523298692591353 1.3010299956639813 0.00043614817152664475
preschool 0.00033523298692591353 1.6989700043360187 0.0005695507892510958
comprehensive 0.00033523298692591353 1.0969100130080565 0.0003677204200496334
medical 0.00033523298692591353 0.7447274948966939 0.0002496572225600717
leave 0.00033523298692591353 0.6575773191777938 0.00022044160884270662
program 0.00033523298692591353 0.5528419686577808 0.00018533086445115014
presence 0.00033523298692591353 0.958607314841775 0.0003213567934434378
withdrawn 0.00033523298692591353 1.3010299956639813 0.00043614817152664475
hit 0.00033523298692591353 0.3665315444204135 0.00012287346443862337
russia 0.00033523298692591353 0.853871964321762 0.00028624604905188135
extensive 0.00033523298692591353 1.2218487496163564 0.0004096040059055838
sanction 0.00033523298692591353 1.1549019599857433 0.0003871612336526126
hacking 0.00033523298692591353 1.5228787452803376 0.000510519190506315
operation 0.00033523298692591353 0.958607314841775 0.0003213567934434378
breached 0.00033523298692591353 1.6989700043360187 0.0005695507892510958
agency 0.00033523298692591353 1.3010299956639813 0.00043614817152664475
saw 0.00033523298692591353 0.6989700043360189 0.00023431780232518234
positive 0.00033523298692591353 0.8860566476931633 0.000297035416591741
reunite 0.00033523298692591353 1.6989700043360187 0.0005695507892510958
displaced 0.00033523298692591353 1.6989700043360187 0.0005695507892510958
pledged 0.00033523298692591353 1.1549019599857433 0.0003871612336526126
metering 0.00033523298692591353 1.6989700043360187 0.0005695507892510958
limited 0.00033523298692591353 0.9208187539523752 0.0003086888213048526
number 0.00033523298692591353 0.4685210829577449 0.00015706372207768856
asylum 0.00033523298692591353 1.3979400086720377 0.0004686356046503647
seeker 0.00033523298692591353 1.5228787452803376 0.000510519190506315
ease 0.00033523298692591353 1.3010299956639813 0.00043614817152664475
overcrowded 0.00033523298692591353 1.6989700043360187 0.0005695507892510958
detention 0.00033523298692591353 1.1549019599857433 0.0003871612336526126
center 0.00033523298692591353 1.3979400086720377 0.0004686356046503647
mexico 0.00033523298692591353 1.0 0.00033523298692591353
reneged 0.00033523298692591353 1.6989700043360187 0.0005695507892510958
raise 0.00033523298692591353 1.0969100130080565 0.0003677204200496334
era 0.00033523298692591353 0.8239087409443188 0.0002762013881811327
refugee 0.00033523298692591353 1.2218487496163564 0.0004096040059055838
pushback 0.00033523298692591353 1.6989700043360187 0.0005695507892510958
forced 0.00033523298692591353 0.721246399047171 0.0002417855846621425
reconsider 0.00033523298692591353 1.6989700043360187 0.0005695507892510958
stance 0.00033523298692591353 1.1549019599857433 0.0003871612336526126
check 0.00033523298692591353 0.07058107428570728 2.3661104353237442e-05
strive 0.00033523298692591353 0.07058107428570728 2.3661104353237442e-05
accuracy 0.00033523298692591353 0.07058107428570728 2.3661104353237442e-05
fairness 0.00033523298692591353 0.07058107428570728 2.3661104353237442e-05
see 0.0006704659738518271 0.04575749056067514 3.067884046977884e-05
something 0.00033523298692591353 0.07058107428570728 2.3661104353237442e-05
citation 0.00033523298692591353 0.07058107428570728 2.3661104353237442e-05
information 0.00033523298692591353 0.07058107428570728 2.3661104353237442e-05
title 0.0006704659738518271 1.468521082957745 0.0009845934180072043
author 0.00033523298692591353 0.06048074738138145 2.0275141596172126e-05
com 0.0006704659738518271 0.06048074738138145 4.055028319234425e-05
editor 0.00033523298692591353 0.1023729087095586 3.43187759669992e-05
website 0.0006704659738518271 0.0655015487564323 4.391655967578431e-05
url 0.00033523298692591353 0.07058107428570728 2.3661104353237442e-05
access 0.00033523298692591353 0.07058107428570728 2.3661104353237442e-05
publisher 0.00033523298692591353 0.07058107428570728 2.3661104353237442e-05
e 0.0006704659738518271 0.04575749056067514 3.067884046977884e-05
network 0.0006704659738518271 0.04575749056067514 3.067884046977884e-05
last 0.00033523298692591353 0.0655015487564323 2.1958279837892156e-05
updated 0.00033523298692591353 0.07058107428570728 2.3661104353237442e-05
original 0.00033523298692591353 0.0655015487564323 2.1958279837892156e-05
shaped 0.0006704659738518271 0.05551732784983141 3.7222479282488375e-05
world 0.0006704659738518271 0.04575749056067514 3.067884046977884e-05
guard 0.00033523298692591353 0.9208187539523752 0.0003086888213048526
lawyer 0.00033523298692591353 0.48148606012211254 0.00016141001009792577
banker 0.00033523298692591353 1.0 0.00033523298692591353
african 0.00033523298692591353 0.28399665636520083 9.520504739027853e-05
dimaggio 0.0006704659738518271 1.6989700043360187 0.0011391015785021917
baseball 0.00033523298692591353 1.1549019599857433 0.0003871612336526126
legend 0.00033523298692591353 0.5686362358410126 0.00019062562381529089
game 0.00033523298692591353 0.958607314841775 0.0003213567934434378
hitting 0.00033523298692591353 1.3979400086720377 0.0004686356046503647
streak 0.00033523298692591353 1.3979400086720377 0.0004686356046503647
nine 0.00033523298692591353 0.8239087409443188 0.0002762013881811327
york 0.0006704659738518271 0.3467874862246563 0.00023250920967124127
yankee 0.00033523298692591353 1.5228787452803376 0.000510519190506315
paterno 0.0006704659738518271 1.6989700043360187 0.0011391015785021917
successful 0.00033523298692591353 0.4559319556497244 0.00015284343132743023
collegiate 0.00033523298692591353 1.6989700043360187 0.0005695507892510958
reputation 0.00033523298692591353 0.7958800173440752 0.0002668052354489022
marred 0.00033523298692591353 1.6989700043360187 0.0005695507892510958
sex 0.00033523298692591353 0.7958800173440752 0.0002668052354489022
dismissal 0.00033523298692591353 1.3979400086720377 0.0004686356046503647
montana 0.0006704659738518271 1.5228787452803376 0.00102103838101263
player 0.00033523298692591353 0.958607314841775 0.0003213567934434378
er 0.00033523298692591353 1.5228787452803376 0.000510519190506315
bowl 0.00033523298692591353 1.5228787452803376 0.000510519190506315
including 0.00033523298692591353 0.2365720064370627 7.930674034095297e-05
consecutive 0.00033523298692591353 1.2218487496163564 0.0004096040059055838
namath 0.0006704659738518271 1.6989700043360187 0.0011391015785021917
nicknamed 0.00033523298692591353 0.9208187539523752 0.0003086888213048526
broadway 0.00033523298692591353 1.1549019599857433 0.0003871612336526126
quarterback 0.00033523298692591353 1.5228787452803376 0.000510519190506315
season 0.00033523298692591353 1.2218487496163564 0.0004096040059055838
jet 0.00033523298692591353 1.6989700043360187 0.0005695507892510958
threw 0.00033523298692591353 1.0969100130080565 0.0003677204200496334
yard 0.00033523298692591353 1.5228787452803376 0.000510519190506315
loading 0.00033523298692591353 0.04575749056067514 1.533942023488942e-05
logo 0.00033523298692591353 0.04575749056067514 1.533942023488942e-05
registered 0.00033523298692591353 0.04575749056067514 1.533942023488942e-05
trademark 0.00033523298692591353 0.04575749056067514 1.533942023488942e-05
llc 0.00033523298692591353 0.04575749056067514 1.533942023488942e-05
