berry 0.0113464447806354 1.3010299956639813 0.014762065003751677
gordy 0.04462934947049924 1.5228787452803376 0.06796508772431159
jr 0.02042360060514372 0.32790214206428253 0.0066969423870920025
son 0.0015128593040847202 0.28399665636520083 0.00042964698391104514
age 0.0045385779122541605 1.6363880201078558 0.0074268745239388315
song 0.0045385779122541605 1.337242168318426 0.006069177768464868
biography 0.00680786686838124 0.04575749056067514 0.0003115109039682876
skip 0.0007564296520423601 0.04575749056067514 3.461232266314307e-05
main 0.0007564296520423601 0.04575749056067514 3.461232266314307e-05
content 0.0007564296520423601 0.04575749056067514 3.461232266314307e-05
people 0.00680786686838124 0.04575749056067514 0.0003115109039682876
nostalgia 0.0022692889561270802 0.04575749056067514 0.00010383696798942923
celebrity 0.0022692889561270802 0.04575749056067514 0.00010383696798942923
history 0.0022692889561270802 0.04575749056067514 0.00010383696798942923
culture 0.0030257186081694403 0.04575749056067514 0.00013844929065257228
crime 0.0022692889561270802 0.04575749056067514 0.00010383696798942923
scandal 0.0022692889561270802 0.04575749056067514 0.00010383696798942923
video 0.0022692889561270802 0.04575749056067514 0.00010383696798942923
contact 0.0022692889561270802 0.04575749056067514 0.00010383696798942923
u 0.0030257186081694403 0.20065945054641832 0.0006071390334233534
advertise 0.0015128593040847202 0.04575749056067514 6.922464532628614e-05
privacy 0.0022692889561270802 0.04575749056067514 0.00010383696798942923
notice 0.0022692889561270802 0.04575749056067514 0.00010383696798942923
term 0.0030257186081694403 0.04575749056067514 0.00013844929065257228
use 0.0015128593040847202 0.04575749056067514 6.922464532628614e-05
copyright 0.0015128593040847202 0.04575749056067514 6.922464532628614e-05
policy 0.0015128593040847202 0.04575749056067514 6.922464532628614e-05
ad 0.0015128593040847202 0.04575749056067514 6.922464532628614e-05
choice 0.0015128593040847202 0.04575749056067514 6.922464532628614e-05
accessibility 0.0015128593040847202 0.04575749056067514 6.922464532628614e-05
support 0.0022692889561270802 0.04575749056067514 0.00010383696798942923
setting 0.0007564296520423601 0.04575749056067514 3.461232266314307e-05
february 0.0007564296520423601 0.04575749056067514 3.461232266314307e-05
subscribe 0.0015128593040847202 0.04575749056067514 6.922464532628614e-05
newsletter 0.0022692889561270802 0.04575749056067514 0.00010383696798942923
photo 0.0007564296520423601 0.12493873660829993 9.450736505922839e-05
steve 0.0007564296520423601 1.0969100130080565 0.0008297352594614649
granitz 0.0007564296520423601 2.0 0.0015128593040847202
wireimage 0.0007564296520423601 1.2218487496163564 0.0009242426245206932
quick 0.0007564296520423601 0.07058107428570728 5.338961746271353e-05
fact 0.0015128593040847202 0.14116214857141457 0.0002135584698508541
name 0.0045385779122541605 1.1012748184105063 0.004998221566159635
birth 0.0015128593040847202 0.07058107428570728 0.00010677923492542705
date 0.0030257186081694403 0.07058107428570728 0.0002135584698508541
november 0.0015128593040847202 0.24412514432750856 0.0003693269959568965
place 0.0007564296520423601 0.07572071393811834 5.727739329660994e-05
detroit 0.0030257186081694403 1.6989700043360187 0.005140605156841207
michigan 0.0015128593040847202 1.0969100130080565 0.0016594705189229297
zodiac 0.0007564296520423601 0.3010299956639812 0.00022770801487441845
sign 0.0015128593040847202 0.05551732784983141 8.39899059755392e-05
sagittarius 0.0007564296520423601 1.3010299956639813 0.0009841376669167785
cite 0.0007564296520423601 0.07058107428570728 5.338961746271353e-05
page 0.0007564296520423601 0.07058107428570728 5.338961746271353e-05
quote 0.0007564296520423601 0.3872161432802645 0.0002929017725266751
motown 0.024962178517397883 1.2218487496163564 0.030500006609182877
educated 0.0007564296520423601 1.5228787452803376 0.0011519506393951116
control 0.0015128593040847202 0.5528419686577808 0.0008363721159724369
emotion 0.0007564296520423601 1.6989700043360187 0.0012851512892103018
hear 0.0007564296520423601 1.5228787452803376 0.0011519506393951116
make 0.0022692889561270802 0.9208187539523752 0.0020896038289388245
dance 0.0007564296520423601 1.1549019599857433 0.0008736020877350555
sing 0.0015128593040847202 1.2218487496163564 0.0018484852490413864
happy 0.0007564296520423601 1.045757490560675 0.0007910419747055031
sad 0.0007564296520423601 1.3979400086720377 0.0010574432743358834
publish 0.0007564296520423601 0.07058107428570728 5.338961746271353e-05
apr 0.0007564296520423601 0.5528419686577808 0.00041818605798621844
comment 0.0015128593040847202 0.07058107428570728 0.00010677923492542705
founded 0.0022692889561270802 0.619788758288394 0.0014064797843155688
record 0.007564296520423601 1.193820026016113 0.009030408668805695
propelled 0.0007564296520423601 1.6989700043360187 0.0012851512892103018
group 0.0030257186081694403 1.2306226739238615 0.003723517924126661
like 0.0015128593040847202 0.2365720064370627 0.0003579001610243006
supremes 0.0045385779122541605 2.0 0.009077155824508321
success 0.0030257186081694403 0.431798275933005 0.0013065000784659758
became 0.0045385779122541605 0.07572071393811834 0.00034366435977965966
largest 0.0022692889561270802 1.045757490560675 0.0023731259241165092
black 0.0030257186081694403 0.3872161432802645 0.0011716070901067004
owned 0.0030257186081694403 1.045757490560675 0.0031641678988220123
company 0.007564296520423601 0.494850021680094 0.0037431922971262787
united 0.0015128593040847202 0.18708664335714445 0.0002830357690728358
state 0.0007564296520423601 0.20065945054641826 0.00015178475835583833
saw 0.0007564296520423601 0.6989700043360189 0.0005287216371679417
popular 0.0037821482602118004 0.4685210829577449 0.0017720161987811835
artist 0.00529500756429652 0.721246399047171 0.003819005138676397
developed 0.0007564296520423601 0.7958800173440752 0.0006020272445870464
including 0.0015128593040847202 0.2365720064370627 0.0003579001610243006
jackson 0.0037821482602118004 0.5228787452803376 0.001977604936763758
stevie 0.0022692889561270802 1.3979400086720377 0.00317232982300765
wonder 0.0022692889561270802 1.2218487496163564 0.0027727278735620794
marvin 0.0037821482602118004 1.0969100130080565 0.004148676297307324
gaye 0.0037821482602118004 1.6989700043360187 0.006425756446051509
xa 0.0037821482602118004 0.17392519729917358 0.0006578108823720634
dominate 0.0007564296520423601 2.0 0.0015128593040847202
music 0.0113464447806354 0.4559319556497244 0.005173206758506706
scene 0.0007564296520423601 1.2218487496163564 0.0009242426245206932
changing 0.0007564296520423601 1.2218487496163564 0.0009242426245206932
taste 0.0015128593040847202 1.5228787452803376 0.0023039012787902232
loss 0.0007564296520423601 0.7447274948966939 0.0005633339598310847
focus 0.0007564296520423601 0.7695510786217261 0.0005821112546306552
led 0.0015128593040847202 0.37675070960209955 0.0005699708163420568
decline 0.0007564296520423601 1.3010299956639813 0.0009841376669167785
sold 0.0022692889561270802 0.8860566476931633 0.0020107185651130786
inducted 0.0015128593040847202 1.045757490560675 0.0015820839494110062
rock 0.0022692889561270802 0.721246399047171 0.0016367164880041704
roll 0.0015128593040847202 1.0 0.0015128593040847202
hall 0.0015128593040847202 0.9208187539523752 0.0013930692192925494
fame 0.0015128593040847202 0.48148606012211254 0.0007284206658428329
year 0.0037821482602118004 0.24995468798823245 0.0009453656883064768
early 0.0015128593040847202 0.07572071393811834 0.00011455478659321988
life 0.0022692889561270802 0.13679614097137055 0.0003104299719471344
work 0.0022692889561270802 0.2218487496163564 0.0005034389174349994
born 0.0007564296520423601 0.09151498112135023 6.92246453262861e-05
seventh 0.0007564296520423601 1.0 0.0007564296520423601
eight 0.0015128593040847202 0.6989700043360189 0.0010574432743358834
child 0.0022692889561270802 0.2076083105017461 0.00047112324622181415
close 0.0037821482602118004 0.04575749056067514 0.00017306161331571537
knit 0.0007564296520423601 1.6989700043360187 0.0012851512892103018
hardworking 0.0007564296520423601 1.3979400086720377 0.0010574432743358834
family 0.0030257186081694403 0.11918640771920867 0.0003606245316768795
unlike 0.0007564296520423601 1.1549019599857433 0.0008736020877350555
sibling 0.0007564296520423601 0.8860566476931633 0.0006702395217043595
struggled 0.0007564296520423601 0.853871964321762 0.000645894072860637
school 0.0022692889561270802 0.14874165128092467 0.00033753778656790776
loved 0.0022692889561270802 1.045757490560675 0.0023731259241165092
interested 0.0007564296520423601 1.0969100130080565 0.0008297352594614649
songwriting 0.0022692889561270802 1.3010299956639813 0.0029524130007503356
kicked 0.0007564296520423601 1.6989700043360187 0.0012851512892103018
high 0.0015128593040847202 0.27572413039921095 0.0004171318160351149
class 0.0007564296520423601 0.44369749923271273 0.00033562594495666623
dropped 0.0007564296520423601 0.853871964321762 0.000645894072860637
order 0.0007564296520423601 0.494850021680094 0.00037431922971262784
pursue 0.0007564296520423601 0.8860566476931633 0.0006702395217043595
boxing 0.0015128593040847202 1.3010299956639813 0.001968275333833557
career 0.0030257186081694403 1.6968039425795112 0.0051340512634780976
time 0.0030257186081694403 0.1023729087095586 0.0003097516148549428
triumphed 0.0007564296520423601 1.6989700043360187 0.0012851512892103018
professional 0.0007564296520423601 0.8239087409443188 0.00062322900222717
fight 0.0007564296520423601 1.6989700043360187 0.0012851512892103018
however 0.0022692889561270802 0.32790214206428253 0.0007441047096768893
realization 0.0007564296520423601 2.0 0.0015128593040847202
would 0.0030257186081694403 0.2291479883578558 0.0006933373323989585
much 0.0007564296520423601 0.37675070960209955 0.0002849854081710284
faster 0.0007564296520423601 1.5228787452803376 0.0011519506393951116
prompted 0.0015128593040847202 1.2218487496163564 0.0018484852490413864
return 0.0007564296520423601 0.7447274948966939 0.0005633339598310847
plan 0.0007564296520423601 0.8239087409443188 0.00062322900222717
interrupted 0.0007564296520423601 1.3979400086720377 0.0010574432743358834
drafted 0.0007564296520423601 1.3010299956639813 0.0009841376669167785
army 0.0015128593040847202 0.7695510786217261 0.0011642225092613103
two 0.0015128593040847202 0.11918640771920867 0.00018031226583843974
earned 0.0007564296520423601 0.40893539297350084 0.000309330857014751
ged 0.0007564296520423601 2.0 0.0015128593040847202
opened 0.0015128593040847202 1.0969100130080565 0.0016594705189229297
store 0.0015128593040847202 1.2218487496163564 0.0018484852490413864
friend 0.0022692889561270802 1.2069083998234196 0.0027388239027762926
unfortunately 0.0007564296520423601 1.2218487496163564 0.0009242426245206932
focused 0.0007564296520423601 0.6989700043360189 0.0005287216371679417
jazz 0.0007564296520423601 1.0969100130080565 0.0008297352594614649
customer 0.0007564296520423601 1.6989700043360187 0.0012851512892103018
wanted 0.0007564296520423601 0.5528419686577808 0.00041818605798621844
r 0.0030257186081694403 0.5086383061657272 0.001538996387793426
b 0.0030257186081694403 0.37675070960209955 0.0011399416326841137
realized 0.0007564296520423601 1.6989700043360187 0.0012851512892103018
late 0.0007564296520423601 0.3665315444204135 0.00027725532860848224
keep 0.0007564296520423601 0.6575773191777938 0.0004974109827366065
business 0.0015128593040847202 0.6989700043360189 0.0010574432743358834
folding 0.0007564296520423601 2.0 0.0015128593040847202
money 0.0015128593040847202 0.6575773191777938 0.000994821965473213
gotten 0.0007564296520423601 1.5228787452803376 0.0011519506393951116
married 0.0015128593040847202 0.24412514432750856 0.0003693269959568965
took 0.0022692889561270802 0.28399665636520083 0.0006444704758665677
job 0.0007564296520423601 0.5686362358410126 0.0004301333100158946
lincoln 0.0007564296520423601 0.9208187539523752 0.0006965346096462747
mercury 0.0007564296520423601 1.6989700043360187 0.0012851512892103018
plant 0.0007564296520423601 1.3979400086720377 0.0010574432743358834
assembly 0.0007564296520423601 0.8239087409443188 0.00062322900222717
line 0.0007564296520423601 0.853871964321762 0.000645894072860637
monotony 0.0007564296520423601 2.0 0.0015128593040847202
putting 0.0007564296520423601 1.2218487496163564 0.0009242426245206932
upholstery 0.0007564296520423601 2.0 0.0015128593040847202
car 0.0007564296520423601 2.0 0.0015128593040847202
day 0.0015128593040847202 0.2924298239020636 0.00044240517988209326
one 0.0015128593040847202 0.08092190762392613 0.0001224234608531409
benefit 0.0007564296520423601 1.1549019599857433 0.0008736020877350555
could 0.0015128593040847202 0.4202164033831899 0.0006357282955872767
compose 0.0007564296520423601 1.6989700043360187 0.0012851512892103018
head 0.0015128593040847202 0.5228787452803376 0.0007910419747055032
working 0.0015128593040847202 0.35654732351381263 0.0005394059357243762
decided 0.0022692889561270802 0.494850021680094 0.0011229576891378836
hand 0.0007564296520423601 0.7958800173440752 0.0006020272445870464
dedicate 0.0007564296520423601 1.5228787452803376 0.0011519506393951116
wife 0.0007564296520423601 0.3098039199714864 0.00023434487138539062
approve 0.0007564296520423601 1.5228787452803376 0.0011519506393951116
ended 0.0015128593040847202 0.5686362358410126 0.0008602666200317892
separating 0.0007564296520423601 1.3979400086720377 0.0010574432743358834
connection 0.0007564296520423601 1.2218487496163564 0.0009242426245206932
encountered 0.0007564296520423601 1.3979400086720377 0.0010574432743358834
singer 0.0037821482602118004 0.4202164033831899 0.0015893207389681917
jackie 0.0007564296520423601 1.2218487496163564 0.0009242426245206932
wilson 0.0030257186081694403 1.3010299956639813 0.003936550667667114
manager 0.0007564296520423601 0.9208187539523752 0.0006965346096462747
co 0.0022692889561270802 0.4202164033831899 0.0009535924433809151
writing 0.0007564296520423601 0.853871964321762 0.000645894072860637
hit 0.0045385779122541605 0.8751698505861407 0.003972026553341032
reet 0.0007564296520423601 2.0 0.0015128593040847202
petite 0.0007564296520423601 2.0 0.0015128593040847202
came 0.0022692889561270802 0.3010299956639812 0.0006831240446232554
also 0.009077155824508321 0.0861861476162833 0.00078232509182708
wrote 0.0015128593040847202 0.5528419686577808 0.0008363721159724369
lonely 0.0007564296520423601 1.3010299956639813 0.0009841376669167785
teardrop 0.0007564296520423601 1.6989700043360187 0.0012851512892103018
x 0.0007564296520423601 0.4559319556497244 0.0003448804505671138
soon 0.0007564296520423601 0.40893539297350084 0.000309330857014751
started 0.0007564296520423601 0.6020599913279624 0.0004554160297488369
publishing 0.0015128593040847202 1.3979400086720377 0.0021148865486717667
called 0.0015128593040847202 0.3010299956639812 0.0004554160297488369
jobete 0.0022692889561270802 2.0 0.0045385779122541605
combination 0.0007564296520423601 1.3979400086720377 0.0010574432743358834
letter 0.0007564296520423601 1.5228787452803376 0.0011519506393951116
three 0.0022692889561270802 0.2076083105017461 0.00047112324622181415
lucrative 0.0007564296520423601 1.6989700043360187 0.0012851512892103018
hoped 0.0007564296520423601 1.1549019599857433 0.0008736020877350555
therefore 0.0015128593040847202 1.045757490560675 0.0015820839494110062
open 0.0007564296520423601 0.7447274948966939 0.0005633339598310847
beginning 0.0007564296520423601 1.3979400086720377 0.0010574432743358834
using 0.0007564296520423601 0.7958800173440752 0.0006020272445870464
loaned 0.0007564296520423601 2.0 0.0015128593040847202
formed 0.0007564296520423601 0.721246399047171 0.0005455721626680568
tamla 0.0015128593040847202 2.0 0.0030257186081694403
january 0.0007564296520423601 0.2676062401770315 0.00020242529514147617
set 0.0007564296520423601 0.494850021680094 0.00037431922971262784
shop 0.0015128593040847202 1.5228787452803376 0.0023039012787902232
house 0.0007564296520423601 0.32790214206428253 0.00024803490322562976
west 0.0015128593040847202 0.7695510786217261 0.0011642225092613103
grand 0.0015128593040847202 1.3979400086720377 0.0021148865486717667
boulevard 0.0022692889561270802 1.6989700043360187 0.003855453867630905
chose 0.0007564296520423601 1.2218487496163564 0.0009242426245206932
aspirational 0.0007564296520423601 2.0 0.0015128593040847202
hitsville 0.0015128593040847202 2.0 0.0030257186081694403
headquarters 0.0007564296520423601 1.2218487496163564 0.0009242426245206932
label 0.006051437216338881 2.657577319177794 0.016082162294570615
embody 0.0007564296520423601 1.6989700043360187 0.0012851512892103018
corporation 0.0007564296520423601 1.3979400086720377 0.0010574432743358834
incorporated 0.0007564296520423601 1.6989700043360187 0.0012851512892103018
want 0.0007564296520423601 0.585026652029182 0.00044253150682994105
performed 0.0007564296520423601 0.7695510786217261 0.0005821112546306552
written 0.0007564296520423601 1.0 0.0007564296520423601
barrett 0.0007564296520423601 1.5228787452803376 0.0011519506393951116
strong 0.0007564296520423601 0.7958800173440752 0.0006020272445870464
serving 0.0007564296520423601 0.48148606012211254 0.00036421033292141647
writer 0.0007564296520423601 0.6989700043360189 0.0005287216371679417
well 0.0030257186081694403 2.2006594505464183 0.006658576249762234
discovering 0.0007564296520423601 2.0 0.0015128593040847202
distributor 0.0007564296520423601 2.0 0.0015128593040847202
large 0.0007564296520423601 0.8860566476931633 0.0006702395217043595
bite 0.0007564296520423601 2.0 0.0015128593040847202
income 0.0007564296520423601 1.2218487496163564 0.0009242426245206932
encouraged 0.0007564296520423601 0.8239087409443188 0.00062322900222717
smokey 0.0022692889561270802 1.6989700043360187 0.003855453867630905
robinson 0.0030257186081694403 0.958607314841775 0.0029004759904441
start 0.0007564296520423601 0.7695510786217261 0.0005821112546306552
handling 0.0007564296520423601 0.958607314841775 0.000725118997611025
national 0.0030257186081694403 0.3010299956639812 0.0009108320594976738
distribution 0.0007564296520423601 2.0 0.0015128593040847202
miracle 0.0015128593040847202 2.0 0.0030257186081694403
million 0.0037821482602118004 0.5228787452803376 0.001977604936763758
copy 0.0007564296520423601 1.1549019599857433 0.0008736020877350555
around 0.0015128593040847202 0.4559319556497244 0.0006897609011342276
climbed 0.0015128593040847202 1.3010299956639813 0.001968275333833557
chart 0.0030257186081694403 1.045757490560675 0.0031641678988220123
pop 0.0045385779122541605 0.5686362358410126 0.0025807998600953677
next 0.0022692889561270802 0.07058107428570728 0.0001601688523881406
marvelettes 0.0007564296520423601 2.0 0.0015128593040847202
first 0.0007564296520423601 0.0655015487564323 4.9547313734063765e-05
act 0.0007564296520423601 0.4685210829577449 0.0003544032397562367
please 0.0007564296520423601 1.2218487496163564 0.0009242426245206932
mr 0.0007564296520423601 1.3979400086720377 0.0010574432743358834
postman 0.0007564296520423601 2.0 0.0015128593040847202
shape 0.0015128593040847202 1.3979400086720377 0.0021148865486717667
brought 0.0007564296520423601 0.619788758288394 0.00046882659477185626
talent 0.0015128593040847202 0.853871964321762 0.001291788145721274
mary 0.0015128593040847202 1.0 0.0015128593040847202
guy 0.0007564296520423601 1.1549019599857433 0.0008736020877350555
hire 0.0007564296520423601 2.0 0.0015128593040847202
temptation 0.0015128593040847202 2.0 0.0030257186081694403
onboard 0.0007564296520423601 2.0 0.0015128593040847202
old 0.0007564296520423601 0.28399665636520083 0.00021482349195552257
prodigy 0.0007564296520423601 1.3979400086720377 0.0010574432743358834
signed 0.0007564296520423601 0.494850021680094 0.00037431922971262784
teenage 0.0007564296520423601 1.3010299956639813 0.0009841376669167785
girl 0.0015128593040847202 1.4948500216800942 0.002261497763509976
florence 0.0007564296520423601 1.6989700043360187 0.0012851512892103018
ballard 0.0007564296520423601 2.0 0.0015128593040847202
diana 0.0022692889561270802 1.3979400086720377 0.00317232982300765
ross 0.006051437216338881 1.3010299956639813 0.007873101335334228
become 0.0007564296520423601 0.3372421683184259 0.0002550999760351179
industry 0.0007564296520423601 0.7958800173440752 0.0006020272445870464
directed 0.0007564296520423601 1.0969100130080565 0.0008297352594614649
create 0.0022692889561270802 0.8239087409443188 0.00186968700668151
known 0.0022692889561270802 0.06048074738138145 0.00013724829209088075
sound 0.0037821482602118004 1.045757490560675 0.003955209873527515
featured 0.0007564296520423601 0.7695510786217261 0.0005821112546306552
repeating 0.0007564296520423601 1.6989700043360187 0.0012851512892103018
chorus 0.0007564296520423601 2.0 0.0015128593040847202
mix 0.0007564296520423601 1.1549019599857433 0.0008736020877350555
gospel 0.0007564296520423601 0.958607314841775 0.000725118997611025
combined 0.0022692889561270802 1.3979400086720377 0.00317232982300765
form 0.0007564296520423601 0.7447274948966939 0.0005633339598310847
memorable 0.0007564296520423601 1.3010299956639813 0.0009841376669167785
melody 0.0007564296520423601 1.6989700043360187 0.0012851512892103018
regular 0.0007564296520423601 1.2218487496163564 0.0009242426245206932
quality 0.0007564296520423601 2.0 0.0015128593040847202
meeting 0.0007564296520423601 1.3979400086720377 0.0010574432743358834
made 0.0015128593040847202 0.1804560644581313 0.0002730046360939959
sure 0.0007564296520423601 0.8860566476931633 0.0006702395217043595
release 0.0030257186081694403 2.0915149811213505 0.0063283357976440255
ready 0.0007564296520423601 1.045757490560675 0.0007910419747055031
impress 0.0007564296520423601 2.0 0.0015128593040847202
listener 0.0007564296520423601 1.6989700043360187 0.0012851512892103018
arranged 0.0007564296520423601 1.3979400086720377 0.0010574432743358834
performer 0.0015128593040847202 1.1549019599857433 0.001747204175470111
learn 0.0007564296520423601 1.0 0.0007564296520423601
best 0.0022692889561270802 0.13667713987954408 0.0003101599240836855
present 0.0007564296520423601 1.2218487496163564 0.0009242426245206932
stage 0.0007564296520423601 0.721246399047171 0.0005455721626680568
civil 0.0030257186081694403 0.3467874862246563 0.001049281350150246
right 0.0045385779122541605 0.39848321634998984 0.00180854712413006
movement 0.0022692889561270802 0.48148606012211254 0.0010926309987642493
affected 0.0007564296520423601 1.045757490560675 0.0007910419747055031
martin 0.0045385779122541605 0.5686362358410126 0.0025807998600953677
luther 0.0037821482602118004 0.638272163982407 0.002414039954547682
king 0.0045385779122541605 0.4685210829577449 0.0021264194385374204
great 0.0015128593040847202 0.5228787452803376 0.0007910419747055032
march 0.0015128593040847202 0.27572413039921095 0.0004171318160351149
freedom 0.0007564296520423601 0.619788758288394 0.00046882659477185626
washington 0.0007564296520423601 0.3979400086720376 0.0003010136222935232
speech 0.0007564296520423601 1.045757490560675 0.0007910419747055031
believed 0.0007564296520423601 0.6020599913279624 0.0004554160297488369
white 0.0022692889561270802 0.3872161432802645 0.0008787053175800253
audience 0.0007564296520423601 1.1549019599857433 0.0008736020877350555
accept 0.0007564296520423601 1.2218487496163564 0.0009242426245206932
african 0.0022692889561270802 0.28399665636520083 0.0006444704758665677
american 0.0037821482602118004 0.1023729087095586 0.0003871895185686785
star 0.0007564296520423601 1.1549019599857433 0.0008736020877350555
achieved 0.0007564296520423601 0.8239087409443188 0.00062322900222717
kind 0.0007564296520423601 0.7958800173440752 0.0006020272445870464
crossover 0.0007564296520423601 2.0 0.0015128593040847202
dreamed 0.0007564296520423601 1.3010299956639813 0.0009841376669167785
included 0.0007564296520423601 0.48148606012211254 0.00036421033292141647
baby 0.0015128593040847202 0.8860566476931633 0.001340479043408719
love 0.0037821482602118004 0.5086383061657272 0.0019237454847417824
stop 0.0015128593040847202 1.0 0.0015128593040847202
hurry 0.0007564296520423601 2.0 0.0015128593040847202
sale 0.0030257186081694403 2.619788758288394 0.007926743595426305
triple 0.0007564296520423601 1.5228787452803376 0.0011519506393951116
making 0.0007564296520423601 0.3979400086720376 0.0003010136222935232
onto 0.0015128593040847202 1.1549019599857433 0.001747204175470111
five 0.0015128593040847202 0.48148606012211254 0.0007284206658428329
top 0.0022692889561270802 2.4814860601221125 0.0056312089110184095
fronted 0.0007564296520423601 1.6989700043360187 0.0012851512892103018
young 0.0045385779122541605 0.3010299956639812 0.0013662480892465108
michael 0.0015128593040847202 0.494850021680094 0.0007486384594252557
joined 0.0015128593040847202 0.4685210829577449 0.0007088064795124734
read 0.0015128593040847202 0.0655015487564323 9.909462746812753e-05
bella 0.0007564296520423601 0.0655015487564323 4.9547313734063765e-05
hadid 0.0007564296520423601 0.0655015487564323 4.9547313734063765e-05
sadie 0.0007564296520423601 0.06048074738138145 4.574943069696025e-05
alexander 0.0007564296520423601 0.05551732784983141 4.19949529877696e-05
adrienne 0.0007564296520423601 0.0655015487564323 4.9547313734063765e-05
kennedy 0.0015128593040847202 0.06048074738138145 9.14988613939205e-05
america 0.0015128593040847202 0.37675070960209955 0.0005699708163420568
dominance 0.0007564296520423601 1.6989700043360187 0.0012851512892103018
able 0.0007564296520423601 0.7447274948966939 0.0005633339598310847
integrate 0.0007564296520423601 1.6989700043360187 0.0012851512892103018
department 0.0007564296520423601 0.7447274948966939 0.0005633339598310847
clout 0.0007564296520423601 1.3979400086720377 0.0010574432743358834
demand 0.0007564296520423601 1.0969100130080565 0.0008297352594614649
force 0.0007564296520423601 0.6575773191777938 0.0004974109827366065
accepted 0.0007564296520423601 0.619788758288394 0.00046882659477185626
across 0.0007564296520423601 0.8239087409443188 0.00062322900222717
country 0.0030257186081694403 0.27572413039921095 0.0008342636320702298
problem 0.0007564296520423601 0.7958800173440752 0.0006020272445870464
bought 0.0007564296520423601 1.1549019599857433 0.0008736020877350555
home 0.0015128593040847202 0.31875876262441283 0.0004822371597948757
southern 0.0015128593040847202 0.6575773191777938 0.000994821965473213
california 0.0007564296520423601 0.5528419686577808 0.00041818605798621844
later 0.0015128593040847202 0.09151498112135023 0.0001384492906525722
officially 0.0007564296520423601 0.6989700043360189 0.0005287216371679417
moved 0.0015128593040847202 0.3872161432802645 0.0005858035450533502
los 0.0007564296520423601 0.6020599913279624 0.0004554160297488369
angeles 0.0007564296520423601 0.6020599913279624 0.0004554160297488369
produced 0.0015128593040847202 0.7958800173440752 0.0012040544891740927
lady 0.0015128593040847202 0.6575773191777938 0.000994821965473213
sings 0.0015128593040847202 1.6989700043360187 0.0025703025784206035
blue 0.0030257186081694403 1.8239087409443187 0.00551863461707812
biopic 0.0007564296520423601 1.6989700043360187 0.0012851512892103018
billie 0.0007564296520423601 1.5228787452803376 0.0011519506393951116
holiday 0.0007564296520423601 1.045757490560675 0.0007910419747055031
starred 0.0015128593040847202 0.7695510786217261 0.0011642225092613103
along 0.0015128593040847202 0.4202164033831899 0.0006357282955872767
richard 0.0007564296520423601 0.6777807052660807 0.0005126934230454468
pryor 0.0015128593040847202 1.6989700043360187 0.0025703025784206035
despite 0.0007564296520423601 0.4202164033831899 0.00031786414779363833
budget 0.0007564296520423601 0.958607314841775 0.000725118997611025
overrun 0.0007564296520423601 2.0 0.0015128593040847202
film 0.0045385779122541605 1.3233063903751334 0.006005929154501362
garnering 0.0007564296520423601 1.5228787452803376 0.0011519506393951116
academy 0.0007564296520423601 0.6020599913279624 0.0004554160297488369
award 0.0007564296520423601 0.494850021680094 0.00037431922971262784
nomination 0.0007564296520423601 1.3010299956639813 0.0009841376669167785
worked 0.0007564296520423601 0.3098039199714864 0.00023434487138539062
directing 0.0007564296520423601 1.5228787452803376 0.0011519506393951116
mahogany 0.0007564296520423601 2.0 0.0015128593040847202
starring 0.0022692889561270802 0.8239087409443188 0.00186968700668151
billy 0.0007564296520423601 1.1549019599857433 0.0008736020877350555
dee 0.0007564296520423601 2.0 0.0015128593040847202
williams 0.0030257186081694403 0.8860566476931633 0.002680958086817438
anthony 0.0007564296520423601 1.1549019599857433 0.0008736020877350555
perkins 0.0007564296520423601 2.0 0.0015128593040847202
producing 0.0007564296520423601 1.0969100130080565 0.0008297352594614649
commercially 0.0007564296520423601 2.0 0.0015128593040847202
unsuccessful 0.0007564296520423601 0.8860566476931633 0.0006702395217043595
musical 0.0030257186081694403 0.48148606012211254 0.0014568413316856659
wiz 0.0015128593040847202 1.6989700043360187 0.0025703025784206035
nipsey 0.0007564296520423601 2.0 0.0015128593040847202
russell 0.0007564296520423601 1.3979400086720377 0.0010574432743358834
lena 0.0007564296520423601 1.6989700043360187 0.0012851512892103018
horne 0.0007564296520423601 2.0 0.0015128593040847202
interest 0.0007564296520423601 0.7695510786217261 0.0005821112546306552
movie 0.0007564296520423601 1.1549019599857433 0.0008736020877350555
meant 0.0007564296520423601 0.853871964321762 0.000645894072860637
le 0.0007564296520423601 0.8239087409443188 0.00062322900222717
pay 0.0007564296520423601 0.853871964321762 0.000645894072860637
attention 0.0007564296520423601 0.6777807052660807 0.0005126934230454468
side 0.0007564296520423601 0.585026652029182 0.00044253150682994105
thing 0.0007564296520423601 0.6989700043360189 0.0005287216371679417
going 0.0015128593040847202 0.6020599913279624 0.0009108320594976738
powerful 0.0007564296520423601 0.721246399047171 0.0005455721626680568
protest 0.0007564296520423601 0.7447274948966939 0.0005633339598310847
album 0.0007564296520423601 0.5528419686577808 0.00041818605798621844
notable 0.0007564296520423601 1.045757490560675 0.0007910419747055031
renewed 0.0007564296520423601 1.3979400086720377 0.0010574432743358834
contract 0.0015128593040847202 0.9208187539523752 0.0013930692192925494
receiving 0.0007564296520423601 0.619788758288394 0.00046882659477185626
new 0.0015128593040847202 0.14266750356873154 0.0002158358601644955
commodore 0.0007564296520423601 2.0 0.0015128593040847202
featuring 0.0007564296520423601 1.2218487496163564 0.0009242426245206932
lionel 0.0007564296520423601 1.3979400086720377 0.0010574432743358834
richie 0.0007564296520423601 1.6989700043360187 0.0012851512892103018
rick 0.0007564296520423601 1.2218487496163564 0.0009242426245206932
james 0.0007564296520423601 0.6020599913279624 0.0004554160297488369
debarge 0.0007564296520423601 2.0 0.0015128593040847202
many 0.0030257186081694403 0.28399665636520083 0.0008592939678220903
established 0.0007564296520423601 0.7447274948966939 0.0005633339598310847
growing 0.0007564296520423601 0.585026652029182 0.00044253150682994105
restless 0.0007564296520423601 1.6989700043360187 0.0012851512892103018
labor 0.0007564296520423601 0.8860566476931633 0.0006702395217043595
everything 0.0007564296520423601 0.853871964321762 0.000645894072860637
done 0.0007564296520423601 0.958607314841775 0.000725118997611025
often 0.0015128593040847202 0.5376020021010439 0.0008133161907731375
favor 0.0007564296520423601 0.7695510786217261 0.0005821112546306552
charged 0.0007564296520423601 0.7695510786217261 0.0005821112546306552
studio 0.0007564296520423601 1.045757490560675 0.0007910419747055031
songwriter 0.0022692889561270802 2.283996656365201 0.005183048388120728
hired 0.0007564296520423601 1.3010299956639813 0.0009841376669167785
employee 0.0007564296520423601 1.3979400086720377 0.0010574432743358834
retaining 0.0007564296520423601 1.5228787452803376 0.0011519506393951116
ownership 0.0007564296520423601 1.045757490560675 0.0007910419747055031
defended 0.0007564296520423601 1.2218487496163564 0.0009242426245206932
door 0.0007564296520423601 0.9208187539523752 0.0006965346096462747
feeling 0.0007564296520423601 0.8239087409443188 0.00062322900222717
ill 0.0007564296520423601 1.5228787452803376 0.0011519506393951116
used 0.0007564296520423601 0.5086383061657272 0.0003847490969483565
team 0.0007564296520423601 0.619788758288394 0.00046882659477185626
brian 0.0007564296520423601 1.2218487496163564 0.0009242426245206932
holland 0.0015128593040847202 2.0 0.0030257186081694403
lamont 0.0007564296520423601 2.0 0.0015128593040847202
dozier 0.0007564296520423601 2.0 0.0015128593040847202
eddie 0.0007564296520423601 1.3979400086720377 0.0010574432743358834
responsible 0.0007564296520423601 0.7695510786217261 0.0005821112546306552
slew 0.0007564296520423601 2.0 0.0015128593040847202
ruptured 0.0007564296520423601 2.0 0.0015128593040847202
leading 0.0007564296520423601 0.5228787452803376 0.0003955209873527516
lawsuit 0.0007564296520423601 1.3010299956639813 0.0009841376669167785
gladys 0.0007564296520423601 1.6989700043360187 0.0012851512892103018
knight 0.0007564296520423601 2.0 0.0015128593040847202
pip 0.0007564296520423601 2.0 0.0015128593040847202
four 0.0015128593040847202 0.28399665636520083 0.00042964698391104514
left 0.0015128593040847202 0.2924298239020636 0.00044240517988209326
cbs 0.0007564296520423601 1.2218487496163564 0.0009242426245206932
jermaine 0.0007564296520423601 0.958607314841775 0.000725118997611025
daughter 0.0015128593040847202 0.31875876262441283 0.0004822371597948757
hazel 0.0015128593040847202 1.6989700043360187 0.0025703025784206035
stayed 0.0007564296520423601 0.8239087409443188 0.00062322900222717
know 0.0007564296520423601 0.4559319556497244 0.0003448804505671138
famous 0.0007564296520423601 0.494850021680094 0.00037431922971262784
got 0.0007564296520423601 0.5376020021010439 0.00040665809538656877
world 0.0015128593040847202 0.04575749056067514 6.922464532628614e-05
fallen 0.0007564296520423601 1.3979400086720377 0.0010574432743358834
standing 0.0007564296520423601 1.0 0.0007564296520423601
blowout 0.0007564296520423601 2.0 0.0015128593040847202
supporting 0.0007564296520423601 1.0969100130080565 0.0008297352594614649
solo 0.0015128593040847202 0.6575773191777938 0.000994821965473213
revealed 0.0007564296520423601 0.5086383061657272 0.0003847490969483565
couple 0.0007564296520423601 0.40893539297350084 0.000309330857014751
rhonda 0.0015128593040847202 2.0 0.0030257186081694403
walked 0.0007564296520423601 1.5228787452803376 0.0011519506393951116
away 0.0007564296520423601 0.5376020021010439 0.00040665809538656877
longer 0.0007564296520423601 0.8239087409443188 0.00062322900222717
item 0.0007564296520423601 1.6989700043360187 0.0012851512892103018
still 0.0007564296520423601 0.431798275933005 0.00032662501961649396
blow 0.0007564296520423601 1.5228787452803376 0.0011519506393951116
selling 0.0015128593040847202 0.6575773191777938 0.000994821965473213
mca 0.0015128593040847202 2.0 0.0030257186081694403
departure 0.0007564296520423601 1.5228787452803376 0.0011519506393951116
shift 0.0007564296520423601 1.5228787452803376 0.0011519506393951116
sell 0.0007564296520423601 1.3010299956639813 0.0009841376669167785
held 0.0007564296520423601 0.48148606012211254 0.00036421033292141647
television 0.0030257186081694403 0.04575749056067514 0.00013844929065257228
production 0.0007564296520423601 1.0 0.0007564296520423601
arm 0.0007564296520423601 1.5228787452803376 0.0011519506393951116
received 0.0007564296520423601 0.28399665636520083 0.00021482349195552257
half 0.0007564296520423601 0.853871964321762 0.000645894072860637
mountain 0.0007564296520423601 1.6989700043360187 0.0012851512892103018
enough 0.0007564296520423601 0.6575773191777938 0.0004974109827366065
sunshine 0.0007564296520423601 1.3979400086720377 0.0010574432743358834
though 0.0015128593040847202 0.3665315444204135 0.0005545106572169645
lost 0.0007564296520423601 0.6989700043360189 0.0005287216371679417
position 0.0007564296520423601 0.619788758288394 0.00046882659477185626
enterprise 0.0007564296520423601 1.5228787452803376 0.0011519506393951116
community 0.0007564296520423601 0.48148606012211254 0.00036421033292141647
upset 0.0007564296520423601 1.1549019599857433 0.0008736020877350555
iconic 0.0007564296520423601 1.045757490560675 0.0007910419747055031
felt 0.0007564296520423601 0.6020599913279624 0.0004554160297488369
way 0.0007564296520423601 0.431798275933005 0.00032662501961649396
ensure 0.0007564296520423601 1.045757490560675 0.0007910419747055031
survival 0.0007564296520423601 2.0 0.0015128593040847202
legacy 0.0015128593040847202 0.6989700043360189 0.0010574432743358834
play 0.0007564296520423601 0.7958800173440752 0.0006020272445870464
instrument 0.0007564296520423601 1.3010299956639813 0.0009841376669167785
chop 0.0007564296520423601 2.0 0.0015128593040847202
promote 0.0007564296520423601 0.958607314841775 0.000725118997611025
incredible 0.0007564296520423601 1.2218487496163564 0.0009242426245206932
roster 0.0007564296520423601 0.958607314841775 0.000725118997611025
dubbed 0.0007564296520423601 1.1549019599857433 0.0008736020877350555
output 0.0007564296520423601 1.5228787452803376 0.0011519506393951116
today 0.0007564296520423601 0.7447274948966939 0.0005633339598310847
beloved 0.0007564296520423601 1.045757490560675 0.0007910419747055031
globe 0.0007564296520423601 1.3979400086720377 0.0010574432743358834
green 0.0007564296520423601 0.6989700043360189 0.0005287216371679417
cop 0.0007564296520423601 2.0 0.0015128593040847202
robber 0.0007564296520423601 2.0 0.0015128593040847202
autobiography 0.0007564296520423601 1.0 0.0007564296520423601
magic 0.0007564296520423601 1.6989700043360187 0.0012851512892103018
memory 0.0007564296520423601 1.6989700043360187 0.0012851512892103018
released 0.0007564296520423601 0.3010299956639812 0.00022770801487441845
book 0.0007564296520423601 0.585026652029182 0.00044253150682994105
reached 0.0007564296520423601 0.721246399047171 0.0005455721626680568
broadway 0.0015128593040847202 1.1549019599857433 0.001747204175470111
show 0.0007564296520423601 0.494850021680094 0.00037431922971262784
closed 0.0007564296520423601 1.045757490560675 0.0007910419747055031
tour 0.0007564296520423601 0.7447274948966939 0.0005633339598310847
continues 0.0007564296520423601 1.0 0.0007564296520423601
museum 0.0007564296520423601 1.3979400086720377 0.0010574432743358834
section 0.0007564296520423601 1.1549019599857433 0.0008736020877350555
consists 0.0007564296520423601 1.3979400086720377 0.0010574432743358834
joy 0.0007564296520423601 1.6989700043360187 0.0012851512892103018
iv 0.0007564296520423601 1.5228787452803376 0.0011519506393951116
terry 0.0007564296520423601 1.5228787452803376 0.0011519506393951116
kerry 0.0007564296520423601 1.2218487496163564 0.0009242426245206932
sherry 0.0007564296520423601 2.0 0.0015128593040847202
stefan 0.0007564296520423601 2.0 0.0015128593040847202
september 0.0007564296520423601 0.5086383061657272 0.0003847490969483565
president 0.0015128593040847202 0.16749108729376372 0.0002533904497636365
barack 0.0007564296520423601 0.3872161432802645 0.0002929017725266751
obama 0.0015128593040847202 0.37675070960209955 0.0005699708163420568
honored 0.0007564296520423601 1.0 0.0007564296520423601
among 0.0007564296520423601 0.35654732351381263 0.0002697029678621881
cultural 0.0007564296520423601 1.3979400086720377 0.0010574432743358834
icon 0.0007564296520423601 1.5228787452803376 0.0011519506393951116
medal 0.0007564296520423601 0.6575773191777938 0.0004974109827366065
art 0.0007564296520423601 1.045757490560675 0.0007910419747055031
ceremony 0.0007564296520423601 0.958607314841775 0.000725118997611025
spoke 0.0007564296520423601 0.7695510786217261 0.0005821112546306552
contribution 0.0007564296520423601 1.3979400086720377 0.0010574432743358834
saying 0.0007564296520423601 0.7958800173440752 0.0006020272445870464
helped 0.0022692889561270802 0.3372421683184259 0.0007652999281053538
trailblazing 0.0007564296520423601 1.3010299956639813 0.0009841376669167785
producer 0.0007564296520423601 0.8239087409443188 0.00062322900222717
build 0.0007564296520423601 1.0 0.0007564296520423601
launching 0.0007564296520423601 1.1549019599857433 0.0008736020877350555
countless 0.0007564296520423601 1.0 0.0007564296520423601
legendary 0.0007564296520423601 0.853871964321762 0.000645894072860637
unique 0.0007564296520423601 1.5228787452803376 0.0011519506393951116
nation 0.0015128593040847202 1.0141246426916064 0.0015342279011975892
story 0.0030257186081694403 0.7332980331159121 0.0022187535041328656
check 0.0007564296520423601 0.07058107428570728 5.338961746271353e-05
strive 0.0007564296520423601 0.07058107428570728 5.338961746271353e-05
accuracy 0.0007564296520423601 0.07058107428570728 5.338961746271353e-05
fairness 0.0007564296520423601 0.07058107428570728 5.338961746271353e-05
see 0.0015128593040847202 0.04575749056067514 6.922464532628614e-05
something 0.0007564296520423601 0.07058107428570728 5.338961746271353e-05
look 0.0007564296520423601 0.07058107428570728 5.338961746271353e-05
citation 0.0007564296520423601 0.07058107428570728 5.338961746271353e-05
information 0.0007564296520423601 0.07058107428570728 5.338961746271353e-05
article 0.0007564296520423601 0.07058107428570728 5.338961746271353e-05
title 0.0007564296520423601 0.07058107428570728 5.338961746271353e-05
author 0.0007564296520423601 0.06048074738138145 4.574943069696025e-05
sara 0.0007564296520423601 1.2218487496163564 0.0009242426245206932
kettler 0.0007564296520423601 1.3979400086720377 0.0010574432743358834
website 0.0015128593040847202 0.0655015487564323 9.909462746812753e-05
com 0.0007564296520423601 0.06048074738138145 4.574943069696025e-05
url 0.0007564296520423601 0.07058107428570728 5.338961746271353e-05
access 0.0007564296520423601 0.07058107428570728 5.338961746271353e-05
publisher 0.0007564296520423601 0.07058107428570728 5.338961746271353e-05
e 0.0015128593040847202 0.04575749056067514 6.922464532628614e-05
network 0.0015128593040847202 0.04575749056067514 6.922464532628614e-05
last 0.0007564296520423601 0.0655015487564323 4.9547313734063765e-05
updated 0.0007564296520423601 0.07058107428570728 5.338961746271353e-05
august 0.0007564296520423601 0.494850021680094 0.00037431922971262784
original 0.0007564296520423601 0.0655015487564323 4.9547313734063765e-05
published 0.0007564296520423601 0.07058107428570728 5.338961746271353e-05
april 0.0007564296520423601 0.1549019599857432 0.00011717243569269531
receive 0.0007564296520423601 0.05551732784983141 4.19949529877696e-05
shaped 0.0015128593040847202 0.05551732784983141 8.39899059755392e-05
person 0.00680786686838124 0.05060999335508724 0.00034454609697109315
delivered 0.0007564296520423601 0.8239087409443188 0.00062322900222717
actress 0.0007564296520423601 0.6020599913279624 0.0004554160297488369
part 0.0015128593040847202 0.3372421683184259 0.0005101999520702358
soul 0.0015128593040847202 0.853871964321762 0.001291788145721274
trio 0.0007564296520423601 1.0969100130080565 0.0008297352594614649
embarking 0.0007564296520423601 2.0 0.0015128593040847202
successful 0.0007564296520423601 0.4559319556497244 0.0003448804505671138
whitney 0.0015128593040847202 1.1549019599857433 0.001747204175470111
leader 0.0007564296520423601 0.37675070960209955 0.0002849854081710284
urban 0.0007564296520423601 0.9208187539523752 0.0006965346096462747
league 0.0007564296520423601 0.8239087409443188 0.00062322900222717
forefront 0.0007564296520423601 1.0969100130080565 0.0008297352594614649
racial 0.0007564296520423601 0.6989700043360189 0.0005287216371679417
integration 0.0007564296520423601 1.1549019599857433 0.0008736020877350555
economic 0.0007564296520423601 0.585026652029182 0.00044253150682994105
empowerment 0.0007564296520423601 1.045757490560675 0.0007910419747055031
scholar 0.0007564296520423601 1.0 0.0007564296520423601
minister 0.0007564296520423601 0.5376020021010439 0.00040665809538656877
assassination 0.0007564296520423601 0.7447274948966939 0.0005633339598310847
memorialized 0.0007564296520423601 1.0969100130080565 0.0008297352594614649
addressed 0.0007564296520423601 1.0969100130080565 0.0008297352594614649
controversial 0.0007564296520423601 0.721246399047171 0.0005455721626680568
theme 0.0007564296520423601 1.1549019599857433 0.0008736020877350555
sammy 0.0015128593040847202 1.3010299956639813 0.001968275333833557
davis 0.0015128593040847202 1.0969100130080565 0.0016594705189229297
highly 0.0007564296520423601 0.9208187539523752 0.0006965346096462747
actor 0.0015128593040847202 0.4685210829577449 0.0007088064795124734
comedian 0.0007564296520423601 1.1549019599857433 0.0008736020877350555
dancer 0.0007564296520423601 1.0969100130080565 0.0008297352594614649
rat 0.0007564296520423601 1.3979400086720377 0.0010574432743358834
pack 0.0007564296520423601 1.1549019599857433 0.0008736020877350555
frank 0.0007564296520423601 0.853871964321762 0.000645894072860637
sinatra 0.0007564296520423601 1.3010299956639813 0.0009841376669167785
dean 0.0007564296520423601 0.958607314841775 0.000725118997611025
several 0.0007564296520423601 0.32790214206428253 0.00024803490322562976
hank 0.0022692889561270802 2.0 0.0045385779122541605
namesake 0.0007564296520423601 2.0 0.0015128593040847202
pioneer 0.0007564296520423601 0.958607314841775 0.000725118997611025
style 0.0007564296520423601 0.8239087409443188 0.00062322900222717
andrew 0.0015128593040847202 0.7447274948966939 0.0011266679196621694
activist 0.0007564296520423601 0.494850021680094 0.00037431922971262784
alongside 0.0007564296520423601 0.7695510786217261 0.0005821112546306552
member 0.0007564296520423601 0.3010299956639812 0.00022770801487441845
congress 0.0007564296520423601 0.4202164033831899 0.00031786414779363833
mayor 0.0007564296520423601 0.6777807052660807 0.0005126934230454468
atlanta 0.0007564296520423601 0.8239087409443188 0.00062322900222717
ambassador 0.0007564296520423601 0.8239087409443188 0.00062322900222717
tom 0.0015128593040847202 0.958607314841775 0.00145023799522205
selleck 0.0015128593040847202 1.6989700043360187 0.0025703025784206035
portraying 0.0007564296520423601 1.3010299956639813 0.0009841376669167785
thomas 0.0007564296520423601 0.853871964321762 0.000645894072860637
magnum 0.0015128593040847202 1.6989700043360187 0.0025703025784206035
series 0.0007564296520423601 0.37675070960209955 0.0002849854081710284
p 0.0007564296520423601 0.9208187539523752 0.0006965346096462747
include 0.0007564296520423601 0.619788758288394 0.00046882659477185626
men 0.0007564296520423601 0.6777807052660807 0.0005126934230454468
loading 0.0007564296520423601 0.04575749056067514 3.461232266314307e-05
logo 0.0007564296520423601 0.04575749056067514 3.461232266314307e-05
registered 0.0007564296520423601 0.04575749056067514 3.461232266314307e-05
trademark 0.0007564296520423601 0.04575749056067514 3.461232266314307e-05
llc 0.0007564296520423601 0.04575749056067514 3.461232266314307e-05
