tj 0.015580736543909348 1.045757490560675 0.016293671949245643
jackson 0.09490084985835694 1.4814860601221125 0.14059428615889735
age 0.0028328611898017 0.11350927482751813 0.00032155601934141115
family 0.014164305949008499 0.11918640771920867 0.00168819274389814
fact 0.00424929178470255 0.14116214857141457 0.0005998391582354727
biography 0.014164305949008499 0.04575749056067514 0.0006481230957602711
skip 0.00141643059490085 0.04575749056067514 6.481230957602711e-05
main 0.00141643059490085 0.04575749056067514 6.481230957602711e-05
content 0.00141643059490085 0.04575749056067514 6.481230957602711e-05
people 0.007082152974504249 0.04575749056067514 0.0003240615478801356
nostalgia 0.00424929178470255 0.04575749056067514 0.00019443692872808137
celebrity 0.00424929178470255 0.04575749056067514 0.00019443692872808137
history 0.007082152974504249 0.04575749056067514 0.0003240615478801356
culture 0.00424929178470255 0.04575749056067514 0.00019443692872808137
crime 0.00424929178470255 0.04575749056067514 0.00019443692872808137
scandal 0.00424929178470255 0.04575749056067514 0.00019443692872808137
video 0.00424929178470255 0.04575749056067514 0.00019443692872808137
contact 0.00424929178470255 0.04575749056067514 0.00019443692872808137
u 0.00424929178470255 0.04575749056067514 0.00019443692872808137
advertise 0.0028328611898017 0.04575749056067514 0.00012962461915205423
privacy 0.00424929178470255 0.04575749056067514 0.00019443692872808137
notice 0.00424929178470255 0.04575749056067514 0.00019443692872808137
term 0.0028328611898017 0.04575749056067514 0.00012962461915205423
use 0.0028328611898017 0.04575749056067514 0.00012962461915205423
copyright 0.0028328611898017 0.04575749056067514 0.00012962461915205423
policy 0.0028328611898017 0.04575749056067514 0.00012962461915205423
ad 0.0028328611898017 0.04575749056067514 0.00012962461915205423
choice 0.0028328611898017 0.04575749056067514 0.00012962461915205423
accessibility 0.0028328611898017 0.04575749056067514 0.00012962461915205423
support 0.0028328611898017 0.04575749056067514 0.00012962461915205423
setting 0.00141643059490085 0.04575749056067514 6.481230957602711e-05
february 0.00141643059490085 0.04575749056067514 6.481230957602711e-05
subscribe 0.0028328611898017 0.04575749056067514 0.00012962461915205423
newsletter 0.00424929178470255 0.04575749056067514 0.00019443692872808137
photo 0.00141643059490085 0.12493873660829993 0.00017696704902025488
courtesy 0.00141643059490085 1.6989700043360187 0.0024064730939603665
quick 0.00141643059490085 0.07058107428570728 9.997319303924545e-05
name 0.0028328611898017 0.05551732784983141 0.00015727288342728447
birth 0.00141643059490085 0.07058107428570728 9.997319303924545e-05
date 0.0056657223796034 0.07058107428570728 0.0003998927721569818
july 0.0056657223796034 0.37675070960209955 0.002134564926924077
education 0.00141643059490085 0.19382002601611284 0.00027453261475370093
buckley 0.0028328611898017 1.3979400086720377 0.003960169996238067
school 0.00424929178470255 0.14874165128092467 0.0006320466768311247
zodiac 0.00141643059490085 0.3010299956639812 0.00042638809584133317
sign 0.0028328611898017 0.05551732784983141 0.00015727288342728447
cancer 0.00141643059490085 0.8239087409443188 0.0011670095480797718
early 0.0028328611898017 0.07572071393811834 0.0002145062717793721
life 0.0056657223796034 0.13679614097137055 0.0007750489573448757
drama 0.0028328611898017 1.0 0.0028328611898017
cite 0.00141643059490085 0.07058107428570728 9.997319303924545e-05
page 0.00141643059490085 0.07058107428570728 9.997319303924545e-05
publish 0.00141643059490085 0.07058107428570728 9.997319303924545e-05
apr 0.00141643059490085 0.5528419686577808 0.0007830622785520975
comment 0.0028328611898017 0.07058107428570728 0.0001999463860784909
began 0.00141643059490085 0.20065945054641826 0.0002842201849099409
performing 0.00141643059490085 0.8239087409443188 0.0011670095480797718
group 0.009915014164305949 0.37675070960209955 0.003735488622117134
temporary 0.0056657223796034 0.853871964321762 0.004837801497573723
guardianship 0.0028328611898017 1.0 0.0028328611898017
cousin 0.00141643059490085 1.0969100130080565 0.0015536969022777005
prince 0.012747875354107648 0.6989700043360189 0.00891038249153565
paris 0.0113314447592068 0.6020599913279624 0.006822209533461331
blanket 0.0113314447592068 0.9208187539523752 0.010434206843652977
child 0.0169971671388102 0.5000381344038097 0.008499231746240394
late 0.00424929178470255 0.3665315444204135 0.001557499480540001
michael 0.025495750708215296 0.494850021680094 0.012616572790710611
formed 0.0028328611898017 0.721246399047171 0.0020431909321449605
brother 0.0084985835694051 1.2907300390241692 0.010969377102188408
tariano 0.0028328611898017 2.0 0.0056657223796034
taj 0.00424929178470255 2.0 0.0084985835694051
taryll 0.0028328611898017 2.0 0.0056657223796034
called 0.00141643059490085 0.3010299956639812 0.00042638809584133317
released 0.0056657223796034 0.3010299956639812 0.0017055523833653327
first 0.0056657223796034 0.0655015487564323 0.0003711135906880017
album 0.009915014164305949 1.1214782044987934 0.011119472282565941
hit 0.007082152974504249 0.8751698505861407 0.006198086760525076
song 0.0028328611898017 1.337242168318426 0.003788221439995541
anything 0.00424929178470255 0.9208187539523752 0.003912827566369867
next 0.0028328611898017 0.07058107428570728 0.0001999463860784909
came 0.0056657223796034 0.3010299956639812 0.0017055523833653327
performed 0.0028328611898017 0.7695510786217261 0.0021800313841975243
together 0.00141643059490085 0.431798275933005 0.0006116122888569477
tribute 0.00141643059490085 1.3979400086720377 0.0019800849981190336
concert 0.0028328611898017 0.853871964321762 0.0024189007487868614
uncle 0.007082152974504249 3.0969100130080562 0.021932790460397
pop 0.0084985835694051 0.5686362358410126 0.004832602570886794
legend 0.00424929178470255 0.5686362358410126 0.002416301285443397
following 0.0028328611898017 0.2518119729937996 0.0007133483654215286
year 0.00141643059490085 0.1307682802690238 0.00018522419301561445
became 0.0028328611898017 0.07572071393811834 0.0002145062717793721
guardian 0.007082152974504249 1.045757490560675 0.007406214522384384
born 0.00141643059490085 0.09151498112135023 0.00012962461915205415
tito 0.0028328611898017 1.2218487496163564 0.0034613279025959105
joseph 0.0028328611898017 0.585026652029182 0.0016572992975330935
grew 0.0028328611898017 0.494850021680094 0.001401841421190068
los 0.0028328611898017 0.6020599913279624 0.0017055523833653327
angeles 0.0028328611898017 0.6020599913279624 0.0017055523833653327
california 0.00141643059490085 0.5528419686577808 0.0007830622785520975
later 0.00424929178470255 0.09151498112135023 0.00038887385745616247
known 0.00424929178470255 0.06048074738138145 0.0002570003429803745
mother 0.00424929178470255 0.21467016498923297 0.0009121961685094886
delores 0.00141643059490085 2.0 0.0028328611898017
made 0.00141643059490085 0.1804560644581313 0.00025560349073389707
sure 0.00141643059490085 0.8860566476931633 0.00125503774460788
real 0.00141643059490085 0.6989700043360189 0.0009900424990595168
childhood 0.00141643059490085 0.6020599913279624 0.0008527761916826663
birthday 0.00141643059490085 1.2218487496163564 0.0017306639512979552
party 0.00141643059490085 1.045757490560675 0.0014812429044768769
baseball 0.0028328611898017 1.1549019599857433 0.003271676940469528
outing 0.00141643059490085 1.6989700043360187 0.0024064730939603665
stuff 0.00141643059490085 2.0 0.0028328611898017
told 0.0028328611898017 0.44369749923271273 0.0012569334255884215
magazine 0.00141643059490085 0.8239087409443188 0.0011670095480797718
music 0.0028328611898017 0.4559319556497244 0.001291591942350494
career 0.0056657223796034 0.17392519729917358 0.0009854118827148646
teen 0.00141643059490085 1.1549019599857433 0.001635838470234764
brotherhood 0.00141643059490085 1.5228787452803376 0.0021570520471392886
proved 0.00141643059490085 0.8860566476931633 0.00125503774460788
affair 0.00141643059490085 0.9208187539523752 0.0013042758554566221
produced 0.00141643059490085 0.7958800173440752 0.0011273088064363672
father 0.0028328611898017 0.14874165128092467 0.0004213644512207498
marlon 0.00141643059490085 1.2218487496163564 0.0017306639512979552
jackie 0.00141643059490085 1.2218487496163564 0.0017306639512979552
jermaine 0.00424929178470255 0.958607314841775 0.004073402187712925
also 0.00424929178470255 0.0861861476162833 0.0003662300890210339
record 0.0028328611898017 0.494850021680094 0.001401841421190068
rocked 0.00141643059490085 1.6989700043360187 0.0024064730939603665
tragedy 0.00141643059490085 0.853871964321762 0.0012094503743934307
even 0.00141643059490085 0.3665315444204135 0.0005191664935133337
store 0.00141643059490085 1.2218487496163564 0.0017306639512979552
shelf 0.00141643059490085 2.0 0.0028328611898017
dolores 0.00141643059490085 1.6989700043360187 0.0024064730939603665
split 0.00141643059490085 0.9208187539523752 0.0013042758554566221
died 0.0028328611898017 0.31875876262441283 0.0009029993275479118
august 0.0028328611898017 0.494850021680094 0.001401841421190068
boyfriend 0.0028328611898017 1.5228787452803376 0.004314104094278577
house 0.00141643059490085 0.32790214206428253 0.0004644506261533747
donald 0.00141643059490085 0.494850021680094 0.000700920710595034
bohana 0.00141643059490085 2.0 0.0028328611898017
convicted 0.00141643059490085 1.3010299956639813 0.0018428186907421833
second 0.0028328611898017 0.19382002601611284 0.0005490652295074019
degree 0.00141643059490085 0.5228787452803376 0.0007406214522384385
murder 0.00141643059490085 0.853871964321762 0.0012094503743934307
death 0.0028328611898017 0.2365720064370627 0.0006701756556290728
student 0.00141643059490085 0.6020599913279624 0.0008527761916826663
juggled 0.00141643059490085 2.0 0.0028328611898017
musical 0.0056657223796034 0.48148606012211254 0.002727966346300921
academic 0.00141643059490085 1.2218487496163564 0.0017306639512979552
one 0.007082152974504249 0.08092190762392613 0.0005731013287813466
top 0.00141643059490085 0.48148606012211254 0.0006819915865752303
player 0.00141643059490085 1.6989700043360187 0.0024064730939603665
would 0.00141643059490085 0.2291479883578558 0.0003245722214700507
travel 0.00141643059490085 0.8860566476931633 0.00125503774460788
back 0.00141643059490085 0.4202164033831899 0.0005952073702311472
performance 0.00141643059490085 0.8860566476931633 0.00125503774460788
abroad 0.00141643059490085 1.045757490560675 0.0014812429044768769
game 0.00141643059490085 0.958607314841775 0.0013578007292376416
dated 0.00141643059490085 1.3979400086720377 0.0019800849981190336
famous 0.00424929178470255 0.494850021680094 0.002102762131785102
reality 0.00141643059490085 1.0 0.00141643059490085
star 0.0028328611898017 0.32790214206428253 0.0009289012523067494
kim 0.00141643059490085 1.1549019599857433 0.001635838470234764
kardashian 0.00141643059490085 1.3010299956639813 0.0018428186907421833
teenager 0.00141643059490085 0.958607314841775 0.0013578007292376416
read 0.00141643059490085 0.0655015487564323 9.277839767200043e-05
bella 0.00141643059490085 0.0655015487564323 9.277839767200043e-05
hadid 0.00141643059490085 0.0655015487564323 9.277839767200043e-05
sadie 0.00141643059490085 0.06048074738138145 8.566678099345814e-05
alexander 0.00141643059490085 0.05551732784983141 7.863644171364224e-05
adrienne 0.00141643059490085 0.0655015487564323 9.277839767200043e-05
kennedy 0.00141643059490085 0.06048074738138145 8.566678099345814e-05
jackon 0.00141643059490085 2.0 0.0028328611898017
band 0.00141643059490085 0.9208187539523752 0.0013042758554566221
success 0.00141643059490085 0.431798275933005 0.0006116122888569477
including 0.0028328611898017 0.2365720064370627 0.0006701756556290728
single 0.00141643059490085 0.585026652029182 0.0008286496487665468
release 0.00141643059490085 0.5686362358410126 0.0008054337618144655
new 0.00141643059490085 0.14266750356873154 0.00020207861695287755
nearly 0.00141643059490085 0.721246399047171 0.0010215954660724802
decade 0.00141643059490085 0.8239087409443188 0.0011670095480797718
sex 0.00141643059490085 0.7958800173440752 0.0011273088064363672
appeal 0.00141643059490085 0.958607314841775 0.0013578007292376416
went 0.00141643059490085 0.32790214206428253 0.0004644506261533747
without 0.00141643059490085 0.7695510786217261 0.0010900156920987621
much 0.00141643059490085 0.37675070960209955 0.0005336412317310192
reunited 0.00141643059490085 1.3979400086720377 0.0019800849981190336
sing 0.00141643059490085 1.2218487496163564 0.0017306639512979552
october 0.00141643059490085 0.37675070960209955 0.0005336412317310192
held 0.00141643059490085 0.48148606012211254 0.0006819915865752303
cardiff 0.00141643059490085 2.0 0.0028328611898017
wale 0.00141643059490085 1.6989700043360187 0.0024064730939603665
honor 0.00141643059490085 0.7695510786217261 0.0010900156920987621
found 0.00141643059490085 0.3372421683184259 0.0004776801250969206
medium 0.00141643059490085 0.5086383061657272 0.0007204508585916817
spotlight 0.00141643059490085 0.7958800173440752 0.0011273088064363672
feud 0.00141643059490085 1.6989700043360187 0.0024064730939603665
erupted 0.00141643059490085 1.6989700043360187 0.0024064730939603665
estate 0.0028328611898017 0.853871964321762 0.0024189007487868614
custody 0.0028328611898017 1.045757490560675 0.0029624858089537538
three 0.0028328611898017 0.2076083105017461 0.0005881255255006972
bigi 0.0028328611898017 1.045757490560675 0.0029624858089537538
grandmother 0.00424929178470255 0.6777807052660807 0.002880087982717057
katherine 0.009915014164305949 0.9208187539523752 0.009129930988196354
legal 0.00141643059490085 0.5086383061657272 0.0007204508585916817
granted 0.00141643059490085 0.958607314841775 0.0013578007292376416
erroneously 0.00141643059490085 2.0 0.0028328611898017
reported 0.00141643059490085 0.7447274948966939 0.0010548548086355438
missing 0.00141643059490085 1.1549019599857433 0.001635838470234764
relative 0.00141643059490085 1.6989700043360187 0.0024064730939603665
actually 0.00141643059490085 1.045757490560675 0.0014812429044768769
traveling 0.00141643059490085 1.2218487496163564 0.0017306639512979552
arizona 0.00141643059490085 0.958607314841775 0.0013578007292376416
time 0.0028328611898017 0.4791236183116582 0.0013572907034324596
court 0.00141643059490085 0.4202164033831899 0.0005952073702311472
suspended 0.00141643059490085 1.045757490560675 0.0014812429044768769
away 0.00141643059490085 0.5376020021010439 0.0007614759236558696
communication 0.00141643059490085 1.3010299956639813 0.0018428186907421833
day 0.00141643059490085 0.40893539297350084 0.0005792286019454686
location 0.00141643059490085 1.2218487496163564 0.0017306639512979552
could 0.00141643059490085 0.4202164033831899 0.0005952073702311472
confirmed 0.00141643059490085 0.8860566476931633 0.00125503774460788
speculation 0.00141643059490085 1.045757490560675 0.0014812429044768769
quickly 0.00141643059490085 0.619788758288394 0.0008778877596152889
regarding 0.00141643059490085 0.9208187539523752 0.0013042758554566221
whereabouts 0.00141643059490085 1.3979400086720377 0.0019800849981190336
becoming 0.0028328611898017 0.3372421683184259 0.0009553602501938412
worried 0.00141643059490085 1.5228787452803376 0.0021570520471392886
possibly 0.00141643059490085 1.3010299956639813 0.0018428186907421833
prevented 0.00141643059490085 1.0969100130080565 0.0015536969022777005
communicating 0.00141643059490085 1.5228787452803376 0.0021570520471392886
member 0.0056657223796034 0.8386319977650252 0.004751456077988811
exacerbating 0.00141643059490085 1.5228787452803376 0.0021570520471392886
paranoia 0.00141643059490085 1.5228787452803376 0.0021570520471392886
disappearance 0.00141643059490085 1.2218487496163564 0.0017306639512979552
shortly 0.00141643059490085 0.585026652029182 0.0008286496487665468
dispute 0.00141643059490085 1.045757490560675 0.0014812429044768769
several 0.00141643059490085 0.32790214206428253 0.0004644506261533747
clan 0.00141643059490085 1.3979400086720377 0.0019800849981190336
singer 0.0028328611898017 0.4202164033831899 0.0011904147404622944
janet 0.00424929178470255 0.8860566476931633 0.00376511323382364
raised 0.00141643059490085 0.585026652029182 0.0008286496487665468
question 0.00141643059490085 0.9208187539523752 0.0013042758554566221
validity 0.00141643059490085 1.3979400086720377 0.0019800849981190336
pointing 0.00141643059490085 1.1549019599857433 0.001635838470234764
finger 0.00141643059490085 1.3010299956639813 0.0018428186907421833
matriarch 0.00141643059490085 1.5228787452803376 0.0021570520471392886
calling 0.00141643059490085 0.7958800173440752 0.0011273088064363672
executor 0.00141643059490085 1.3979400086720377 0.0019800849981190336
resign 0.00141643059490085 1.0 0.00141643059490085
long 0.0028328611898017 0.4559319556497244 0.001291591942350494
reportedly 0.00141643059490085 0.721246399047171 0.0010215954660724802
involved 0.00141643059490085 0.4559319556497244 0.000645795971175247
absolutely 0.00141643059490085 1.5228787452803376 0.0021570520471392886
adore 0.00141643059490085 2.0 0.0028328611898017
voice 0.00141643059490085 1.3010299956639813 0.0018428186907421833
sanity 0.00141643059490085 2.0 0.0028328611898017
whole 0.00141643059490085 0.958607314841775 0.0013578007292376416
situation 0.00141643059490085 1.1549019599857433 0.001635838470234764
source 0.00141643059490085 1.3979400086720377 0.0019800849981190336
chicago 0.00141643059490085 0.638272163982407 0.0009040682209382536
sun 0.00141643059490085 1.3010299956639813 0.0018428186907421833
judge 0.00141643059490085 0.585026652029182 0.0008286496487665468
restored 0.00141643059490085 1.3010299956639813 0.0018428186907421833
permanent 0.00141643059490085 1.0969100130080565 0.0015536969022777005
approving 0.00141643059490085 1.5228787452803376 0.0021570520471392886
plan 0.00141643059490085 0.6989700043360189 0.0009900424990595168
granting 0.00141643059490085 1.5228787452803376 0.0021570520471392886
co 0.00141643059490085 0.4202164033831899 0.0005952073702311472
check 0.00141643059490085 0.07058107428570728 9.997319303924545e-05
strive 0.00141643059490085 0.07058107428570728 9.997319303924545e-05
accuracy 0.00141643059490085 0.07058107428570728 9.997319303924545e-05
fairness 0.00141643059490085 0.07058107428570728 9.997319303924545e-05
see 0.0028328611898017 0.04575749056067514 0.00012962461915205423
something 0.00141643059490085 0.07058107428570728 9.997319303924545e-05
look 0.00141643059490085 0.07058107428570728 9.997319303924545e-05
right 0.00141643059490085 0.07058107428570728 9.997319303924545e-05
citation 0.00141643059490085 0.07058107428570728 9.997319303924545e-05
information 0.00141643059490085 0.07058107428570728 9.997319303924545e-05
article 0.00141643059490085 0.07058107428570728 9.997319303924545e-05
title 0.00141643059490085 0.07058107428570728 9.997319303924545e-05
author 0.00141643059490085 0.06048074738138145 8.566678099345814e-05
com 0.0028328611898017 0.06048074738138145 0.00017133356198691628
editor 0.00141643059490085 0.1023729087095586 0.0001450041199852105
website 0.0028328611898017 0.0655015487564323 0.00018555679534400086
url 0.00141643059490085 0.07058107428570728 9.997319303924545e-05
access 0.00141643059490085 0.07058107428570728 9.997319303924545e-05
publisher 0.00141643059490085 0.07058107428570728 9.997319303924545e-05
e 0.0028328611898017 0.04575749056067514 0.00012962461915205423
television 0.0028328611898017 0.04575749056067514 0.00012962461915205423
network 0.0028328611898017 0.04575749056067514 0.00012962461915205423
last 0.00141643059490085 0.0655015487564323 9.277839767200043e-05
updated 0.00141643059490085 0.07058107428570728 9.997319303924545e-05
june 0.00141643059490085 0.28399665636520083 0.00040226155292521365
original 0.00141643059490085 0.0655015487564323 9.277839767200043e-05
published 0.00141643059490085 0.07058107428570728 9.997319303924545e-05
april 0.00141643059490085 0.1549019599857432 0.00021940787533391388
receive 0.00141643059490085 0.05551732784983141 7.863644171364224e-05
story 0.00424929178470255 0.05551732784983141 0.0002359093251409267
shaped 0.0028328611898017 0.05551732784983141 0.00015727288342728447
world 0.00141643059490085 0.04575749056067514 6.481230957602711e-05
person 0.012747875354107648 0.05060999335508724 0.0006451698869628685
multi 0.00141643059490085 0.6020599913279624 0.0008527761916826663
talented 0.00141643059490085 0.7447274948966939 0.0010548548086355438
entertainer 0.00141643059490085 0.8239087409443188 0.0011670095480797718
enjoyed 0.00141643059490085 0.6575773191777938 0.0009314126333963086
chart 0.00141643059490085 0.6777807052660807 0.0009600293275723523
topping 0.00141643059490085 0.7958800173440752 0.0011273088064363672
solo 0.0028328611898017 0.6575773191777938 0.001862825266792617
artist 0.00424929178470255 1.341035157335565 0.005698449677063308
best 0.00424929178470255 0.13667713987954408 0.0005807810476467879
selling 0.0028328611898017 0.6575773191777938 0.001862825266792617
thriller 0.00141643059490085 0.7958800173440752 0.0011273088064363672
number 0.00141643059490085 0.4685210829577449 0.0006636275962574291
bad 0.00141643059490085 0.6020599913279624 0.0008527761916826663
wall 0.00141643059490085 0.5528419686577808 0.0007830622785520975
randy 0.0028328611898017 0.9208187539523752 0.0026085517109132443
musician 0.00141643059490085 0.6575773191777938 0.0009314126333963086
fame 0.00141643059490085 0.48148606012211254 0.0006819915865752303
r 0.0028328611898017 0.5086383061657272 0.0014409017171833633
b 0.0028328611898017 0.37675070960209955 0.0010672824634620384
youngest 0.00141643059490085 0.5228787452803376 0.0007406214522384385
sibling 0.00141643059490085 0.9208187539523752 0.0013042758554566221
contemporary 0.00141643059490085 0.7958800173440752 0.0011273088064363672
roster 0.00141643059490085 0.958607314841775 0.0013578007292376416
includes 0.00141643059490085 0.8860566476931633 0.00125503774460788
control 0.00141643059490085 0.5528419686577808 0.0007830622785520975
rhythm 0.00141643059490085 1.0 0.00141643059490085
nation 0.00141643059490085 0.35654732351381263 0.0005050245375549754
velvet 0.00141643059490085 0.9208187539523752 0.0013042758554566221
rope 0.00141643059490085 0.958607314841775 0.0013578007292376416
unbreakable 0.00141643059490085 0.8860566476931633 0.00125503774460788
daughter 0.00141643059490085 0.31875876262441283 0.0004514996637739559
international 0.00141643059490085 0.40893539297350084 0.0005792286019454686
superstar 0.00141643059490085 0.853871964321762 0.0012094503743934307
rest 0.00141643059490085 0.6020599913279624 0.0008527761916826663
ii 0.00141643059490085 0.48148606012211254 0.0006819915865752303
third 0.00141643059490085 0.4202164033831899 0.0005952073702311472
jr 0.00141643059490085 0.32790214206428253 0.0004644506261533747
nicknamed 0.00141643059490085 0.9208187539523752 0.0013042758554566221
rebbie 0.0028328611898017 1.3979400086720377 0.003960169996238067
eldest 0.00141643059490085 1.0969100130080565 0.0015536969022777005
loading 0.00141643059490085 0.04575749056067514 6.481230957602711e-05
logo 0.00141643059490085 0.04575749056067514 6.481230957602711e-05
registered 0.00141643059490085 0.04575749056067514 6.481230957602711e-05
trademark 0.00141643059490085 0.04575749056067514 6.481230957602711e-05
llc 0.00141643059490085 0.04575749056067514 6.481230957602711e-05
close 0.0056657223796034 0.04575749056067514 0.00025924923830410846
