fred 0.01702127659574468 1.0 0.01702127659574468
shuttlesworth 0.031914893617021274 1.1549019599857433 0.03685857319103436
quote 0.002127659574468085 0.3872161432802645 0.0008238641346388606
death 0.00425531914893617 0.2365720064370627 0.001006689389093884
fact 0.003191489361702128 0.14116214857141457 0.00045051749544068484
biography 0.013829787234042552 0.04575749056067514 0.0006328163588178476
skip 0.0010638297872340426 0.04575749056067514 4.8678181447526746e-05
main 0.0010638297872340426 0.04575749056067514 4.8678181447526746e-05
content 0.0010638297872340426 0.04575749056067514 4.8678181447526746e-05
people 0.010638297872340425 0.04575749056067514 0.0004867818144752675
nostalgia 0.0031914893617021275 0.04575749056067514 0.00014603454434258023
celebrity 0.0031914893617021275 0.04575749056067514 0.00014603454434258023
history 0.00425531914893617 0.04575749056067514 0.00019471272579010699
culture 0.0031914893617021275 0.04575749056067514 0.00014603454434258023
crime 0.0031914893617021275 0.04575749056067514 0.00014603454434258023
scandal 0.0031914893617021275 0.04575749056067514 0.00014603454434258023
video 0.005319148936170213 0.8696662315049939 0.004625884210132946
contact 0.0031914893617021275 0.04575749056067514 0.00014603454434258023
u 0.00425531914893617 0.04575749056067514 0.00019471272579010699
advertise 0.002127659574468085 0.04575749056067514 9.735636289505349e-05
privacy 0.0031914893617021275 0.04575749056067514 0.00014603454434258023
notice 0.002127659574468085 0.04575749056067514 9.735636289505349e-05
term 0.002127659574468085 0.04575749056067514 9.735636289505349e-05
use 0.002127659574468085 0.04575749056067514 9.735636289505349e-05
copyright 0.002127659574468085 0.04575749056067514 9.735636289505349e-05
policy 0.002127659574468085 0.04575749056067514 9.735636289505349e-05
ad 0.002127659574468085 0.04575749056067514 9.735636289505349e-05
choice 0.002127659574468085 0.04575749056067514 9.735636289505349e-05
accessibility 0.002127659574468085 0.04575749056067514 9.735636289505349e-05
support 0.002127659574468085 0.04575749056067514 9.735636289505349e-05
setting 0.0010638297872340426 0.04575749056067514 4.8678181447526746e-05
february 0.0010638297872340426 0.04575749056067514 4.8678181447526746e-05
subscribe 0.002127659574468085 0.04575749056067514 9.735636289505349e-05
newsletter 0.0031914893617021275 0.04575749056067514 0.00014603454434258023
quick 0.0010638297872340426 0.07058107428570728 7.508624924011414e-05
name 0.0031914893617021275 0.05551732784983141 0.0001771829612228662
birth 0.002127659574468085 0.07058107428570728 0.00015017249848022827
date 0.005319148936170213 0.07058107428570728 0.00037543124620057064
march 0.00425531914893617 1.7986028756795487 0.007653629258210845
october 0.0031914893617021275 0.37675070960209955 0.0012023958817088283
education 0.002127659574468085 0.19382002601611284 0.00041238303407683586
selma 0.0031914893617021275 1.2218487496163564 0.0038995172860096477
university 0.002127659574468085 0.2596373105057561 0.0005524198095867151
alabama 0.006382978723404255 0.7447274948966939 0.004753579754659748
state 0.0031914893617021275 0.2924298239020636 0.0009332866720278626
college 0.002127659574468085 0.40893539297350084 0.000870075304198938
place 0.002127659574468085 0.07572071393811834 0.00016110790199599646
mount 0.002127659574468085 1.5228787452803376 0.0032401675431496546
meigs 0.002127659574468085 2.0 0.00425531914893617
birmingham 0.010638297872340425 1.6989700043360187 0.01807414898229807
originally 0.0010638297872340426 0.8860566476931633 0.0009426134549927269
freddie 0.0031914893617021275 2.0 0.006382978723404255
lee 0.005319148936170213 0.7695510786217261 0.004093356801179394
robinson 0.0031914893617021275 0.958607314841775 0.003059385047367367
nickname 0.0010638297872340426 0.9208187539523752 0.0009795944190982716
wild 0.0010638297872340426 1.3979400086720377 0.0014871702219915294
man 0.002127659574468085 0.37675070960209955 0.0008015972544725522
aka 0.0010638297872340426 0.853871964321762 0.0009083744301295341
l 0.005319148936170213 1.0 0.005319148936170213
full 0.0010638297872340426 0.3010299956639812 0.00032024467623827785
background 0.002127659574468085 0.7958800173440752 0.0016933617390299473
call 0.002127659574468085 0.6989700043360189 0.0014871702219915294
pulpit 0.0031914893617021275 1.6989700043360187 0.005422244694689421
civil 0.013829787234042552 0.3467874862246563 0.004795997149915459
right 0.019148936170212766 0.39848321634998984 0.007630529674787039
leader 0.010638297872340425 0.8582367697242121 0.009130178401321406
youth 0.0031914893617021275 0.958607314841775 0.003059385047367367
protest 0.00425531914893617 0.8239087409443188 0.0035059946423162502
voting 0.0031914893617021275 0.7958800173440752 0.002540042608544921
later 0.007446808510638298 0.09151498112135023 0.000681494540265374
year 0.0031914893617021275 0.11918640771920867 0.0003803821522953468
related 0.002127659574468085 0.7695510786217261 0.0016373427204717577
cite 0.0010638297872340426 0.07058107428570728 7.508624924011414e-05
page 0.0010638297872340426 0.07058107428570728 7.508624924011414e-05
wanted 0.002127659574468085 0.5528419686577808 0.0011762595077825122
confrontation 0.002127659574468085 1.2218487496163564 0.0025996781906730986
nonviolent 0.0010638297872340426 1.0969100130080565 0.0011669255457532515
see 0.00425531914893617 0.04575749056067514 0.00019471272579010699
would 0.00425531914893617 0.2291479883578558 0.0009750978227993864
work 0.0010638297872340426 0.2218487496163564 0.0002360093081025068
nation 0.002127659574468085 0.35654732351381263 0.0007586113266251333
trying 0.0010638297872340426 1.0 0.0010638297872340426
launch 0.0010638297872340426 1.045757490560675 0.0011125079686815692
systematic 0.0010638297872340426 2.0 0.002127659574468085
wholehearted 0.0010638297872340426 2.0 0.002127659574468085
battle 0.0010638297872340426 0.721246399047171 0.0007672834032416713
segregation 0.002127659574468085 0.9208187539523752 0.001959188838196543
set 0.0010638297872340426 0.494850021680094 0.0005264361932766958
pace 0.0010638297872340426 1.6989700043360187 0.0018074148982298072
think 0.0010638297872340426 0.585026652029182 0.0006223687787544489
principle 0.002127659574468085 1.3010299956639813 0.002768148926944641
politics 0.0010638297872340426 0.4685210829577449 0.000498426683997601
ought 0.0010638297872340426 2.0 0.002127659574468085
take 0.0010638297872340426 0.48148606012211254 0.0005122192128958644
choose 0.0010638297872340426 1.3979400086720377 0.0014871702219915294
got 0.002127659574468085 0.5376020021010439 0.0011438340470234978
keep 0.0010638297872340426 0.6575773191777938 0.0006995503395508445
marching 0.0010638297872340426 1.5228787452803376 0.0016200837715748273
tomorrow 0.0010638297872340426 1.6989700043360187 0.0018074148982298072
today 0.0010638297872340426 0.7447274948966939 0.0007922632924432913
next 0.0031914893617021275 0.07058107428570728 0.0002252587477203424
day 0.0031914893617021275 0.2924298239020636 0.0009332866720278626
said 0.0010638297872340426 0.2518119729937996 0.0002678850776529783
martin 0.013829787234042552 0.5686362358410126 0.007864118155248047
luther 0.013829787234042552 0.638272163982407 0.008827168225288607
king 0.018085106382978722 0.4685210829577449 0.008473253627959216
jr 0.013829787234042552 0.32790214206428253 0.004534816858335822
assure 0.0010638297872340426 2.0 0.002127659574468085
come 0.0010638297872340426 0.5528419686577808 0.0005881297538912561
movement 0.009574468085106383 0.48148606012211254 0.00460997291606278
gain 0.002127659574468085 0.958607314841775 0.0020395900315782448
prestige 0.0010638297872340426 1.5228787452803376 0.0016200837715748273
really 0.0010638297872340426 0.721246399047171 0.0007672834032416713
shake 0.0010638297872340426 1.5228787452803376 0.0016200837715748273
country 0.0010638297872340426 0.27572413039921095 0.000293323542977884
matter 0.0010638297872340426 0.853871964321762 0.0009083744301295341
many 0.0031914893617021275 0.28399665636520083 0.0009063723075485133
time 0.0031914893617021275 0.37675070960209955 0.0012023958817088283
beat 0.0010638297872340426 1.3979400086720377 0.0014871702219915294
still 0.0010638297872340426 0.431798275933005 0.00045935986801383513
go 0.0010638297872340426 0.494850021680094 0.0005264361932766958
well 0.0031914893617021275 0.20065945054641826 0.0006404025017438881
doctor 0.0010638297872340426 1.1549019599857433 0.001228619106367812
lord 0.0010638297872340426 2.0 0.002127659574468085
knew 0.0010638297872340426 0.9208187539523752 0.0009795944190982716
lived 0.0010638297872340426 0.6020599913279624 0.0006404893524765557
hard 0.002127659574468085 0.638272163982407 0.001358025880813632
town 0.0010638297872340426 0.9208187539523752 0.0009795944190982716
gave 0.0010638297872340426 0.6020599913279624 0.0006404893524765557
head 0.0010638297872340426 0.5228787452803376 0.0005562539843407847
fight 0.0010638297872340426 0.5376020021010439 0.0005719170235117489
must 0.002127659574468085 0.8239087409443188 0.0017529973211581251
remember 0.0010638297872340426 1.1549019599857433 0.001228619106367812
drill 0.0010638297872340426 2.0 0.002127659574468085
amazing 0.0010638297872340426 1.3010299956639813 0.0013840744634723205
much 0.0010638297872340426 0.37675070960209955 0.0004007986272362761
discipline 0.0010638297872340426 1.2218487496163564 0.0012998390953365493
exercise 0.0010638297872340426 1.6989700043360187 0.0018074148982298072
realize 0.0010638297872340426 1.3979400086720377 0.0014871702219915294
way 0.0010638297872340426 0.431798275933005 0.00045935986801383513
order 0.0010638297872340426 0.494850021680094 0.0005264361932766958
appointed 0.0010638297872340426 0.6777807052660807 0.000721043303474554
end 0.0010638297872340426 0.44369749923271273 0.00047201861620501355
may 0.0031914893617021275 0.3098039199714864 0.000988735914802616
god 0.0010638297872340426 0.9208187539523752 0.0009795944190982716
strengthen 0.0010638297872340426 1.3979400086720377 0.0014871702219915294
spirit 0.0010638297872340426 1.0969100130080565 0.0011669255457532515
uplift 0.0010638297872340426 2.0 0.002127659574468085
heart 0.0010638297872340426 0.5228787452803376 0.0005562539843407847
even 0.002127659574468085 0.3665315444204135 0.0007798543498306671
accuser 0.0010638297872340426 2.0 0.002127659574468085
forced 0.0010638297872340426 0.721246399047171 0.0007672834032416713
admit 0.0010638297872340426 1.3979400086720377 0.0014871702219915294
truly 0.0010638297872340426 0.958607314841775 0.0010197950157891224
courage 0.0010638297872340426 0.958607314841775 0.0010197950157891224
conviction 0.0010638297872340426 1.045757490560675 0.0011125079686815692
integrity 0.0010638297872340426 1.1549019599857433 0.001228619106367812
telegram 0.0010638297872340426 2.0 0.002127659574468085
publish 0.0010638297872340426 0.07058107428570728 7.508624924011414e-05
jan 0.0010638297872340426 0.9208187539523752 0.0009795944190982716
comment 0.002127659574468085 0.07058107428570728 0.00015017249848022827
baptist 0.005319148936170213 0.8860566476931633 0.004713067274963634
minister 0.006382978723404255 0.5376020021010439 0.003431502141070493
one 0.005319148936170213 0.08092190762392613 0.00043043567885067094
top 0.0010638297872340426 0.48148606012211254 0.0005122192128958644
working 0.002127659574468085 1.8794260687941502 0.0039987788697747875
sclc 0.0031914893617021275 1.0969100130080565 0.0035007766372597547
south 0.0031914893617021275 0.40893539297350084 0.001305112956298407
prominent 0.0010638297872340426 0.7447274948966939 0.0007922632924432913
worked 0.00425531914893617 0.3098039199714864 0.001318314553070155
closely 0.0010638297872340426 1.0969100130080565 0.0011669255457532515
dr 0.0031914893617021275 0.7958800173440752 0.002540042608544921
co 0.0031914893617021275 0.4202164033831899 0.0013411161810101804
founding 0.0010638297872340426 0.6777807052660807 0.000721043303474554
organizing 0.002127659574468085 1.1549019599857433 0.002457238212735624
direct 0.002127659574468085 1.0969100130080565 0.002333851091506503
action 0.002127659574468085 0.585026652029182 0.0012447375575088979
refusing 0.0010638297872340426 1.3979400086720377 0.0014871702219915294
waver 0.0010638297872340426 2.0 0.002127659574468085
multiple 0.0010638297872340426 0.721246399047171 0.0007672834032416713
attack 0.002127659574468085 0.7447274948966939 0.0015845265848865827
also 0.005319148936170213 0.0861861476162833 0.00045843695540576226
community 0.0010638297872340426 0.48148606012211254 0.0005122192128958644
activist 0.003191489361702128 1.494850021680094 0.004770797941532215
cincinnati 0.0031914893617021275 2.0 0.006382978723404255
died 0.002127659574468085 0.31875876262441283 0.0006782101332434315
born 0.002127659574468085 0.09151498112135023 0.00019471272579010688
large 0.002127659574468085 0.8860566476931633 0.0018852269099854538
clan 0.0010638297872340426 1.3979400086720377 0.0014871702219915294
eventually 0.0010638297872340426 0.3979400086720376 0.0004233404347574868
moved 0.002127659574468085 0.3872161432802645 0.0008238641346388606
toddler 0.0010638297872340426 1.6989700043360187 0.0018074148982298072
took 0.002127659574468085 0.28399665636520083 0.0006042482050323422
surname 0.0010638297872340426 1.3979400086720377 0.0014871702219915294
stepfather 0.0010638297872340426 2.0 0.002127659574468085
william 0.0010638297872340426 0.8239087409443188 0.0008764986605790626
married 0.0010638297872340426 0.24412514432750856 0.00025970760034841337
mother 0.0010638297872340426 0.21467016498923297 0.00022837251594599251
alberta 0.0010638297872340426 1.6989700043360187 0.0018074148982298072
farmer 0.0031914893617021275 1.045757490560675 0.0033375239060447074
coal 0.0010638297872340426 1.3979400086720377 0.0014871702219915294
miner 0.0010638297872340426 1.5228787452803376 0.0016200837715748273
graduating 0.0010638297872340426 0.5528419686577808 0.0005881297538912561
valedictorian 0.0010638297872340426 1.3010299956639813 0.0013840744634723205
high 0.0010638297872340426 0.27572413039921095 0.000293323542977884
school 0.002127659574468085 0.14874165128092467 0.0003164715984700525
assorted 0.0010638297872340426 2.0 0.002127659574468085
job 0.0010638297872340426 0.853871964321762 0.0009083744301295341
finding 0.0010638297872340426 1.2218487496163564 0.0012998390953365493
calling 0.0010638297872340426 0.7958800173440752 0.0008466808695149736
studying 0.0010638297872340426 1.0 0.0010638297872340426
ministerial 0.0010638297872340426 1.6989700043360187 0.0018074148982298072
institution 0.0010638297872340426 1.3010299956639813 0.0013840744634723205
earning 0.002127659574468085 0.6989700043360189 0.0014871702219915294
b 0.002127659574468085 0.37675070960209955 0.0008015972544725522
became 0.002127659574468085 0.07572071393811834 0.00016110790199599646
pastor 0.002127659574468085 1.2218487496163564 0.0025996781906730986
bethel 0.0010638297872340426 2.0 0.002127659574468085
church 0.002127659574468085 0.619788758288394 0.0013186994857199872
brown 0.0010638297872340426 0.8239087409443188 0.0008764986605790626
v 0.0010638297872340426 0.8860566476931633 0.0009426134549927269
board 0.0010638297872340426 0.8239087409443188 0.0008764986605790626
ruling 0.0010638297872340426 0.9208187539523752 0.0009795944190982716
inspired 0.002127659574468085 0.6989700043360189 0.0014871702219915294
actively 0.0010638297872340426 1.3010299956639813 0.0013840744634723205
participate 0.0010638297872340426 1.3010299956639813 0.0013840744634723205
growing 0.0010638297872340426 0.585026652029182 0.0006223687787544489
called 0.0010638297872340426 0.3010299956639812 0.00032024467623827785
hiring 0.0010638297872340426 1.5228787452803376 0.0016200837715748273
african 0.002127659574468085 0.28399665636520083 0.0006042482050323422
american 0.005319148936170213 0.1023729087095586 0.000544536748455099
police 0.0010638297872340426 0.5376020021010439 0.0005719170235117489
officer 0.0010638297872340426 0.8860566476931633 0.0009426134549927269
outlawing 0.0010638297872340426 1.5228787452803376 0.0016200837715748273
naacp 0.0010638297872340426 0.958607314841775 0.0010197950157891224
home 0.002127659574468085 0.31875876262441283 0.0006782101332434315
established 0.002127659574468085 0.7447274948966939 0.0015845265848865827
christian 0.0031914893617021275 0.9208187539523752 0.0029387832572948143
human 0.0010638297872340426 0.8860566476931633 0.0009426134549927269
founded 0.0031914893617021275 0.619788758288394 0.001978049228579981
southern 0.002127659574468085 0.6575773191777938 0.001399100679101689
leadership 0.002127659574468085 0.638272163982407 0.001358025880813632
conference 0.002127659574468085 0.7958800173440752 0.0016933617390299473
including 0.0010638297872340426 0.2365720064370627 0.000251672347273471
bayard 0.0010638297872340426 1.5228787452803376 0.0016200837715748273
rustin 0.0010638297872340426 1.5228787452803376 0.0016200837715748273
fellow 0.0010638297872340426 0.6020599913279624 0.0006404893524765557
ralph 0.0031914893617021275 1.1549019599857433 0.003685857319103436
abernathy 0.0031914893617021275 1.3010299956639813 0.004152223390416961
seen 0.0010638297872340426 0.619788758288394 0.0006593497428599936
big 0.0010638297872340426 0.5228787452803376 0.0005562539843407847
three 0.0010638297872340426 0.2076083105017461 0.0002208599047890916
read 0.0010638297872340426 0.0655015487564323 6.968249867705564e-05
bella 0.0010638297872340426 0.0655015487564323 6.968249867705564e-05
hadid 0.0010638297872340426 0.0655015487564323 6.968249867705564e-05
sadie 0.0010638297872340426 0.06048074738138145 6.434122061849091e-05
alexander 0.0010638297872340426 0.05551732784983141 5.906098707428874e-05
adrienne 0.0010638297872340426 0.0655015487564323 6.968249867705564e-05
kennedy 0.002127659574468085 0.06048074738138145 0.00012868244123698182
desegregation 0.002127659574468085 1.3010299956639813 0.002768148926944641
montgomery 0.0031914893617021275 1.045757490560675 0.0033375239060447074
bus 0.003191489361702128 3.154901959985743 0.010068836042507691
due 0.002127659574468085 0.6777807052660807 0.001442086606949108
citywide 0.0010638297872340426 2.0 0.002127659574468085
boycott 0.002127659574468085 1.2218487496163564 0.0025996781906730986
rosa 0.00425531914893617 1.3010299956639813 0.005536297853889282
park 0.00425531914893617 1.1549019599857433 0.004914476425471248
effort 0.0010638297872340426 0.5376020021010439 0.0005719170235117489
city 0.0010638297872340426 0.3665315444204135 0.00038992717491533356
implement 0.0010638297872340426 1.3979400086720377 0.0014871702219915294
residence 0.0010638297872340426 1.1549019599857433 0.001228619106367812
bombed 0.0010638297872340426 1.6989700043360187 0.0018074148982298072
christmas 0.0010638297872340426 1.045757490560675 0.0011125079686815692
inside 0.0010638297872340426 0.958607314841775 0.0010197950157891224
nonetheless 0.0010638297872340426 1.6989700043360187 0.0018074148982298072
steadfastly 0.0010638297872340426 1.6989700043360187 0.0018074148982298072
proceeded 0.0010638297872340426 1.3979400086720377 0.0014871702219915294
plan 0.0010638297872340426 0.8239087409443188 0.0008764986605790626
wife 0.0031914893617021275 0.3098039199714864 0.000988735914802616
daughter 0.0010638297872340426 0.31875876262441283 0.00033910506662171577
integrate 0.0010638297872340426 1.6989700043360187 0.0018074148982298072
white 0.0010638297872340426 0.3872161432802645 0.0004119320673194303
couple 0.0010638297872340426 0.40893539297350084 0.000435037652099469
brutally 0.0010638297872340426 1.5228787452803376 0.0016200837715748273
attacked 0.0010638297872340426 1.0969100130080565 0.0011669255457532515
ku 0.0010638297872340426 1.5228787452803376 0.0016200837715748273
klux 0.0010638297872340426 1.5228787452803376 0.0016200837715748273
klan 0.0010638297872340426 1.5228787452803376 0.0016200837715748273
mob 0.0010638297872340426 1.3010299956639813 0.0013840744634723205
held 0.0010638297872340426 0.48148606012211254 0.0005122192128958644
fast 0.002127659574468085 1.3010299956639813 0.002768148926944641
firm 0.0010638297872340426 0.6020599913279624 0.0006404893524765557
belief 0.0010638297872340426 1.045757490560675 0.0011125079686815692
key 0.0010638297872340426 0.958607314841775 0.0010197950157891224
throughout 0.0010638297872340426 0.6020599913279624 0.0006404893524765557
though 0.002127659574468085 0.3665315444204135 0.0007798543498306671
relocated 0.0010638297872340426 1.2218487496163564 0.0012998390953365493
early 0.0010638297872340426 0.07572071393811834 8.055395099799823e-05
hence 0.0010638297872340426 1.5228787452803376 0.0016200837715748273
routinely 0.0010638297872340426 1.6989700043360187 0.0018074148982298072
travelled 0.0010638297872340426 2.0 0.002127659574468085
back 0.002127659574468085 0.4202164033831899 0.000894077454006787
freedom 0.002127659574468085 0.619788758288394 0.0013186994857199872
rider 0.0010638297872340426 1.3979400086720377 0.0014871702219915294
provided 0.0010638297872340426 0.958607314841775 0.0010197950157891224
refuge 0.0010638297872340426 2.0 0.002127659574468085
outreach 0.0010638297872340426 1.1549019599857433 0.001228619106367812
made 0.0010638297872340426 0.1804560644581313 0.0001919745366575865
attorney 0.0010638297872340426 0.494850021680094 0.0005264361932766958
general 0.0010638297872340426 0.4559319556497244 0.0004850339953720472
robert 0.0010638297872340426 0.5528419686577808 0.0005881297538912561
assistance 0.0010638297872340426 1.3010299956639813 0.0013840744634723205
convinced 0.0010638297872340426 1.5228787452803376 0.0016200837715748273
become 0.0010638297872340426 0.3372421683184259 0.0003587682641685382
focal 0.0010638297872340426 2.0 0.002127659574468085
point 0.0031914893617021275 0.7447274948966939 0.002376789877329874
organized 0.002127659574468085 0.7958800173440752 0.0016933617390299473
documented 0.0010638297872340426 1.6989700043360187 0.0018074148982298072
driven 0.0010638297872340426 1.3010299956639813 0.0013840744634723205
badly 0.0010638297872340426 1.3010299956639813 0.0013840744634723205
hurt 0.0010638297872340426 1.3010299956639813 0.0013840744634723205
organizer 0.0010638297872340426 1.0969100130080565 0.0011669255457532515
arrested 0.0010638297872340426 0.8239087409443188 0.0008764986605790626
course 0.0010638297872340426 0.853871964321762 0.0009083744301295341
activism 0.0010638297872340426 0.958607314841775 0.0010197950157891224
yet 0.0010638297872340426 0.6777807052660807 0.000721043303474554
interview 0.0010638297872340426 1.3010299956639813 0.0013840744634723205
talk 0.0010638297872340426 0.6989700043360189 0.0007435851109957647
power 0.0010638297872340426 0.5376020021010439 0.0005719170235117489
faith 0.0010638297872340426 0.7958800173440752 0.0008466808695149736
sustaining 0.0010638297872340426 2.0 0.002127659574468085
greater 0.0010638297872340426 1.0969100130080565 0.0011669255457532515
new 0.002127659574468085 0.14266750356873154 0.00030354787993347134
light 0.0010638297872340426 0.9208187539523752 0.0009795944190982716
middle 0.0010638297872340426 0.585026652029182 0.0006223687787544489
forward 0.0010638297872340426 0.7695510786217261 0.0008186713602358789
another 0.0010638297872340426 0.40893539297350084 0.000435037652099469
organization 0.002127659574468085 0.6777807052660807 0.001442086606949108
housing 0.0010638297872340426 0.9208187539523752 0.0009795944190982716
foundation 0.0010638297872340426 0.7695510786217261 0.0008186713602358789
providing 0.0010638297872340426 1.0969100130080565 0.0011669255457532515
grant 0.0010638297872340426 2.0 0.002127659574468085
ownership 0.0010638297872340426 1.045757490560675 0.0011125079686815692
millennium 0.0010638297872340426 1.6989700043360187 0.0018074148982298072
received 0.0010638297872340426 0.28399665636520083 0.0003021241025161711
presidential 0.0010638297872340426 0.3665315444204135 0.00038992717491533356
citizen 0.002127659574468085 1.6420651529995463 0.0034937556446798857
medal 0.0010638297872340426 0.6575773191777938 0.0006995503395508445
bill 0.0010638297872340426 0.4202164033831899 0.0004470387270033935
clinton 0.0010638297872340426 0.5228787452803376 0.0005562539843407847
international 0.0010638297872340426 0.40893539297350084 0.000435037652099469
airport 0.0010638297872340426 1.6989700043360187 0.0018074148982298072
named 0.0010638297872340426 0.494850021680094 0.0005264361932766958
honor 0.0010638297872340426 0.7695510786217261 0.0008186713602358789
president 0.0010638297872340426 0.16749108729376372 0.00017818200775932311
mid 0.0010638297872340426 0.585026652029182 0.0006223687787544489
decade 0.0010638297872340426 0.8239087409443188 0.0008764986605790626
soon 0.0010638297872340426 0.40893539297350084 0.000435037652099469
left 0.0010638297872340426 0.2924298239020636 0.0003110955573426209
disagreement 0.0010638297872340426 2.0 0.002127659574468085
internal 0.0010638297872340426 1.3979400086720377 0.0014871702219915294
old 0.0010638297872340426 0.28399665636520083 0.0003021241025161711
thought 0.0010638297872340426 0.7958800173440752 0.0008466808695149736
live 0.0010638297872340426 0.431798275933005 0.00045935986801383513
dwelling 0.0010638297872340426 2.0 0.002127659574468085
deep 0.0010638297872340426 0.8860566476931633 0.0009426134549927269
tumult 0.0010638297872340426 2.0 0.002127659574468085
survived 0.0010638297872340426 1.0 0.0010638297872340426
sephira 0.0010638297872340426 2.0 0.002127659574468085
bailey 0.0010638297872340426 2.0 0.002127659574468085
second 0.0010638297872340426 0.19382002601611284 0.00020619151703841793
family 0.0010638297872340426 0.11918640771920867 0.00012679405076511561
award 0.0010638297872340426 0.494850021680094 0.0005264361932766958
winning 0.0010638297872340426 0.4202164033831899 0.0004470387270033935
fire 0.0010638297872340426 0.958607314841775 0.0010197950157891224
put 0.0010638297872340426 0.6777807052660807 0.000721043303474554
penned 0.0010638297872340426 1.2218487496163564 0.0012998390953365493
andrew 0.0010638297872340426 0.7447274948966939 0.0007922632924432913
manis 0.0010638297872340426 2.0 0.002127659574468085
legend 0.0010638297872340426 0.5686362358410126 0.0006049321657883113
tv 0.007446808510638298 0.5228787452803376 0.003893777890385493
john 0.0031914893617021275 0.37675070960209955 0.0012023958817088283
lewis 0.0010638297872340426 0.8860566476931633 0.0009426134549927269
philip 0.0010638297872340426 1.5228787452803376 0.0016200837715748273
randolph 0.0010638297872340426 1.5228787452803376 0.0016200837715748273
pioneer 0.0010638297872340426 0.958607314841775 0.0010197950157891224
pg 0.0010638297872340426 1.5228787452803376 0.0016200837715748273
legacy 0.0010638297872340426 0.6989700043360189 0.0007435851109957647
child 0.002127659574468085 0.2076083105017461 0.0004417198095781832
crusade 0.0010638297872340426 1.6989700043360187 0.0018074148982298072
mini 0.002127659574468085 1.2218487496163564 0.0025996781906730986
check 0.0010638297872340426 0.07058107428570728 7.508624924011414e-05
strive 0.0010638297872340426 0.07058107428570728 7.508624924011414e-05
accuracy 0.0010638297872340426 0.07058107428570728 7.508624924011414e-05
fairness 0.0010638297872340426 0.07058107428570728 7.508624924011414e-05
something 0.0010638297872340426 0.07058107428570728 7.508624924011414e-05
look 0.0010638297872340426 0.07058107428570728 7.508624924011414e-05
citation 0.0010638297872340426 0.07058107428570728 7.508624924011414e-05
information 0.0010638297872340426 0.07058107428570728 7.508624924011414e-05
article 0.0010638297872340426 0.07058107428570728 7.508624924011414e-05
title 0.0010638297872340426 0.07058107428570728 7.508624924011414e-05
author 0.002127659574468085 0.06048074738138145 0.00012868244123698182
com 0.002127659574468085 0.06048074738138145 0.00012868244123698182
editor 0.0010638297872340426 0.1023729087095586 0.0001089073496910198
website 0.002127659574468085 0.0655015487564323 0.00013936499735411127
url 0.0010638297872340426 0.07058107428570728 7.508624924011414e-05
access 0.0010638297872340426 0.07058107428570728 7.508624924011414e-05
publisher 0.0010638297872340426 0.07058107428570728 7.508624924011414e-05
e 0.00425531914893617 0.04575749056067514 0.00019471272579010699
television 0.002127659574468085 0.04575749056067514 9.735636289505349e-05
network 0.002127659574468085 0.04575749056067514 9.735636289505349e-05
last 0.0010638297872340426 0.0655015487564323 6.968249867705564e-05
updated 0.0010638297872340426 0.07058107428570728 7.508624924011414e-05
original 0.0010638297872340426 0.0655015487564323 6.968249867705564e-05
published 0.0010638297872340426 0.07058107428570728 7.508624924011414e-05
april 0.0010638297872340426 0.1549019599857432 0.00016478931913376936
receive 0.0010638297872340426 0.05551732784983141 5.906098707428874e-05
story 0.0031914893617021275 0.05551732784983141 0.0001771829612228662
shaped 0.002127659574468085 0.05551732784983141 0.00011812197414857748
world 0.002127659574468085 0.04575749056067514 9.735636289505349e-05
life 0.0010638297872340426 0.05060999335508724 5.384041846285877e-05
sign 0.0010638297872340426 0.05551732784983141 5.906098707428874e-05
person 0.009574468085106383 0.05060999335508724 0.0004845637661657289
james 0.002127659574468085 0.6020599913279624 0.0012809787049531114
headed 0.0010638297872340426 0.958607314841775 0.0010197950157891224
congress 0.0010638297872340426 0.4202164033831899 0.0004470387270033935
racial 0.0010638297872340426 0.6989700043360189 0.0007435851109957647
equality 0.0010638297872340426 0.8239087409443188 0.0008764986605790626
core 0.0010638297872340426 1.045757490560675 0.0011125079686815692
historic 0.0010638297872340426 0.6989700043360189 0.0007435851109957647
ride 0.0010638297872340426 1.2218487496163564 0.0012998390953365493
r 0.002127659574468085 0.5086383061657272 0.0010822091620547388
stine 0.002127659574468085 1.6989700043360187 0.0036148297964596144
famous 0.0010638297872340426 0.494850021680094 0.0005264361932766958
writing 0.0010638297872340426 0.853871964321762 0.0009083744301295341
goosebump 0.0010638297872340426 1.6989700043360187 0.0018074148982298072
bestselling 0.0010638297872340426 1.5228787452803376 0.0016200837715748273
horror 0.0010638297872340426 1.3010299956639813 0.0013840744634723205
series 0.00425531914893617 0.37675070960209955 0.0016031945089451044
kid 0.0010638297872340426 0.9208187539523752 0.0009795944190982716
created 0.002127659574468085 0.721246399047171 0.0015345668064833426
successful 0.0010638297872340426 0.4559319556497244 0.0004850339953720472
fear 0.0010638297872340426 1.045757490560675 0.0011125079686815692
street 0.0010638297872340426 0.8239087409443188 0.0008764986605790626
frank 0.002127659574468085 0.853871964321762 0.0018167488602590682
baum 0.002127659574468085 1.6989700043360187 0.0036148297964596144
book 0.0010638297872340426 0.585026652029182 0.0006223687787544489
writer 0.0010638297872340426 0.6989700043360189 0.0007435851109957647
popular 0.0010638297872340426 0.4685210829577449 0.000498426683997601
wizard 0.0010638297872340426 1.3979400086720377 0.0014871702219915294
oz 0.0010638297872340426 1.3010299956639813 0.0013840744634723205
ruth 0.0010638297872340426 1.1549019599857433 0.001228619106367812
plumly 0.0010638297872340426 1.6989700043360187 0.0018074148982298072
thompson 0.0010638297872340426 1.5228787452803376 0.0016200837715748273
continued 0.0010638297872340426 0.3372421683184259 0.0003587682641685382
write 0.0010638297872340426 1.045757490560675 0.0011125079686815692
love 0.0031914893617021275 0.5086383061657272 0.0016233137430821081
inventor 0.0010638297872340426 1.5228787452803376 0.0016200837715748273
best 0.0010638297872340426 0.13667713987954408 0.00014540121263781285
known 0.002127659574468085 0.06048074738138145 0.00012868244123698182
patenting 0.0010638297872340426 2.0 0.002127659574468085
portable 0.0010638297872340426 2.0 0.002127659574468085
pencil 0.0010638297872340426 2.0 0.002127659574468085
sharpener 0.002127659574468085 2.0 0.00425531914893617
nixon 0.002127659574468085 0.8860566476931633 0.0018852269099854538
pullman 0.0010638297872340426 1.5228787452803376 0.0016200837715748273
porter 0.0010638297872340426 1.5228787452803376 0.0016200837715748273
initiate 0.0010638297872340426 1.5228787452803376 0.0016200837715748273
close 0.005319148936170213 0.04575749056067514 0.00024339090723763375
adviser 0.0010638297872340426 0.7447274948966939 0.0007922632924432913
korematsu 0.002127659574468085 1.3979400086720377 0.002974340443983059
japanese 0.002127659574468085 1.0 0.002127659574468085
stood 0.0010638297872340426 0.8860566476931633 0.0009426134549927269
war 0.0010638297872340426 0.35654732351381263 0.00037930566331256663
ii 0.0010638297872340426 0.48148606012211254 0.0005122192128958644
government 0.0010638297872340426 0.494850021680094 0.0005264361932766958
detained 0.0010638297872340426 1.2218487496163564 0.0012998390953365493
ancestry 0.0010638297872340426 1.3010299956639813 0.0013840744634723205
coretta 0.002127659574468085 1.5228787452803376 0.0032401675431496546
scott 0.002127659574468085 1.045757490560675 0.0022250159373631384
scholar 0.0010638297872340426 1.0 0.0010638297872340426
led 0.0010638297872340426 0.37675070960209955 0.0004007986272362761
assassination 0.0010638297872340426 0.7447274948966939 0.0007922632924432913
memorialized 0.0010638297872340426 1.0969100130080565 0.0011669255457532515
loading 0.0010638297872340426 0.04575749056067514 4.8678181447526746e-05
logo 0.0010638297872340426 0.04575749056067514 4.8678181447526746e-05
registered 0.0010638297872340426 0.04575749056067514 4.8678181447526746e-05
trademark 0.0010638297872340426 0.04575749056067514 4.8678181447526746e-05
llc 0.0010638297872340426 0.04575749056067514 4.8678181447526746e-05
