jen 0.007157464212678937 1.3979400086720377 0.010005705583542192
malley 0.02965235173824131 1.3979400086720377 0.041452208846103365
dillon 0.027607361963190184 1.3979400086720377 0.03859343582223417
career 0.002044989775051125 0.17392519729917358 0.0003556752501005595
politics 0.003067484662576687 0.4685210829577449 0.0014371812360667023
fact 0.0030674846625766876 0.14116214857141457 0.0004330127256791859
biography 0.010224948875255624 0.04575749056067514 0.00046786800164289516
skip 0.0010224948875255625 0.04575749056067514 4.678680016428952e-05
main 0.0010224948875255625 0.04575749056067514 4.678680016428952e-05
content 0.0010224948875255625 0.04575749056067514 4.678680016428952e-05
people 0.00408997955010225 0.04575749056067514 0.00018714720065715807
nostalgia 0.003067484662576687 0.04575749056067514 0.00014036040049286854
celebrity 0.003067484662576687 0.04575749056067514 0.00014036040049286854
history 0.003067484662576687 0.04575749056067514 0.00014036040049286854
culture 0.003067484662576687 0.04575749056067514 0.00014036040049286854
crime 0.003067484662576687 0.04575749056067514 0.00014036040049286854
scandal 0.003067484662576687 0.04575749056067514 0.00014036040049286854
video 0.003067484662576687 0.04575749056067514 0.00014036040049286854
contact 0.003067484662576687 0.04575749056067514 0.00014036040049286854
u 0.009202453987730062 0.20065945054641832 0.0018465593608566104
advertise 0.002044989775051125 0.04575749056067514 9.357360032857904e-05
privacy 0.003067484662576687 0.04575749056067514 0.00014036040049286854
notice 0.002044989775051125 0.04575749056067514 9.357360032857904e-05
term 0.0030674846625766876 0.5406075122407692 0.0016583052522722984
use 0.002044989775051125 0.04575749056067514 9.357360032857904e-05
copyright 0.002044989775051125 0.04575749056067514 9.357360032857904e-05
policy 0.002044989775051125 0.04575749056067514 9.357360032857904e-05
ad 0.002044989775051125 0.04575749056067514 9.357360032857904e-05
choice 0.002044989775051125 0.04575749056067514 9.357360032857904e-05
accessibility 0.002044989775051125 0.04575749056067514 9.357360032857904e-05
support 0.002044989775051125 0.04575749056067514 9.357360032857904e-05
setting 0.0010224948875255625 0.04575749056067514 4.678680016428952e-05
february 0.0010224948875255625 0.04575749056067514 4.678680016428952e-05
subscribe 0.002044989775051125 0.04575749056067514 9.357360032857904e-05
newsletter 0.003067484662576687 0.04575749056067514 0.00014036040049286854
photo 0.0010224948875255625 0.12493873660829993 0.00012774921943588952
andre 0.0010224948875255625 2.0 0.002044989775051125
chung 0.0010224948875255625 2.0 0.002044989775051125
washington 0.0010224948875255625 0.3979400086720376 0.00040689162440903646
post 0.0010224948875255625 0.6989700043360189 0.0007146932559672995
via 0.0010224948875255625 0.5086383061657272 0.0005200800676541179
getty 0.0010224948875255625 0.2291479883578558 0.00023430264658267467
image 0.0010224948875255625 0.2218487496163564 0.000226839212286663
quick 0.0010224948875255625 0.07058107428570728 7.216878761319763e-05
name 0.003067484662576687 0.05551732784983141 0.00017029855168659941
birth 0.003067484662576687 0.07058107428570728 0.00021650636283959292
date 0.00408997955010225 0.07058107428570728 0.00028867515045279054
september 0.002044989775051125 0.5086383061657272 0.0010401601353082358
age 0.002044989775051125 0.11350927482751813 0.00023212530639574262
place 0.0010224948875255625 0.07572071393811834 7.742404288151161e-05
boston 0.00408997955010225 1.2218487496163564 0.004997336399248902
massachusetts 0.003067484662576687 0.7695510786217261 0.002360586130741491
originally 0.0010224948875255625 0.8860566476931633 0.0009059883923242979
jennifer 0.003067484662576687 1.3010299956639813 0.003990889557251476
brigid 0.003067484662576687 2.0 0.006134969325153374
full 0.0010224948875255625 0.3010299956639812 0.000307801631558263
cite 0.0010224948875255625 0.07058107428570728 7.216878761319763e-05
page 0.0010224948875255625 0.07058107428570728 7.216878761319763e-05
publish 0.0010224948875255625 0.07058107428570728 7.216878761319763e-05
dec 0.0010224948875255625 1.1549019599857433 0.0011808813496786742
comment 0.002044989775051125 0.07058107428570728 0.00014433757522639527
became 0.007157464212678937 0.07572071393811834 0.0005419683001705812
first 0.00408997955010225 0.0655015487564323 0.00026789999491383355
woman 0.003067484662576687 0.3979400086720376 0.0012206748732271093
manage 0.00408997955010225 1.3010299956639813 0.005321186076335302
winning 0.003067484662576687 0.4202164033831899 0.0012890073723410733
democratic 0.0081799591002045 0.3872161432802645 0.003167412214971489
presidential 0.012269938650306749 0.3665315444204135 0.004497319563440657
campaign 0.019427402862985686 1.609064892896621 0.03125995190698957
appointment 0.002044989775051125 0.958607314841775 0.001960342157140644
president 0.012269938650306749 1.0213630516155257 0.012532061983012585
joe 0.007157464212678937 0.5228787452803376 0.003742485906914482
biden 0.010224948875255624 0.6575773191777938 0.0067236944701205914
deputy 0.006134969325153374 0.9208187539523752 0.005649194809523774
chief 0.005112474437627812 0.5686362358410126 0.002907138220046077
staff 0.006134969325153374 0.9208187539523752 0.005649194809523774
embarked 0.0010224948875255625 1.1549019599857433 0.0011808813496786742
political 0.009202453987730062 0.3098039199714864 0.00285095631875601
fieldwork 0.0010224948875255625 2.0 0.002044989775051125
graduating 0.002044989775051125 0.5528419686577808 0.0011305561731242962
tuft 0.002044989775051125 2.0 0.00408997955010225
university 0.002044989775051125 0.2596373105057561 0.0005309556452060452
proficiency 0.0010224948875255625 2.0 0.002044989775051125
leading 0.002044989775051125 0.5228787452803376 0.0010692816876898522
chance 0.0010224948875255625 0.853871964321762 0.0008730797181204111
florida 0.002044989775051125 0.7447274948966939 0.0015229601122631778
democrat 0.002044989775051125 0.7958800173440752 0.0016275664976361458
jim 0.002044989775051125 1.0 0.002044989775051125
davis 0.003067484662576687 1.0969100130080565 0.0033647546411290077
gubernatorial 0.00408997955010225 1.3010299956639813 0.005321186076335302
bid 0.00408997955010225 0.6020599913279624 0.002462413052466104
along 0.002044989775051125 0.4202164033831899 0.0008593382482273823
fulfilling 0.0010224948875255625 1.2218487496163564 0.0012493340998122255
key 0.0010224948875255625 0.958607314841775 0.000980171078570322
role 0.0030674846625766876 0.9863203027088074 0.0030255224009472625
barack 0.002044989775051125 0.3872161432802645 0.0007918530537428723
obama 0.009202453987730062 0.37675070960209955 0.0034670310699579715
two 0.0010224948875255625 0.11918640771920867 0.0001218674925554281
served 0.00408997955010225 0.2676062401770315 0.00109450404980381
executive 0.003067484662576687 0.5528419686577808 0.0016958342596864442
national 0.00408997955010225 0.3010299956639812 0.001231206526233052
committee 0.002044989775051125 0.638272163982407 0.0013052600490437772
co 0.003067484662576687 0.4202164033831899 0.0012890073723410733
founded 0.0010224948875255625 0.619788758288394 0.0006337308366956994
prominent 0.0010224948875255625 0.7447274948966939 0.0007614800561315889
consulting 0.003067484662576687 1.3979400086720377 0.004288159535803797
firm 0.0010224948875255625 0.6020599913279624 0.000615603263116526
taking 0.002044989775051125 0.6020599913279624 0.001231206526233052
charge 0.0010224948875255625 0.958607314841775 0.000980171078570322
operation 0.0030674846625766876 2.3565473235138126 0.007228672771514764
march 0.002044989775051125 0.27572413039921095 0.0005638530274012495
went 0.002044989775051125 0.32790214206428253 0.0006705565277388191
accept 0.0010224948875255625 1.2218487496163564 0.0012493340998122255
early 0.005112474437627812 0.07572071393811834 0.000387120214407558
life 0.0030674846625766876 0.13679614097137055 0.0004196200643293576
education 0.003067484662576687 0.19382002601611284 0.0005945399571046406
born 0.0010224948875255625 0.09151498112135023 9.357360032857898e-05
second 0.002044989775051125 0.19382002601611284 0.0003963599714030938
kevin 0.00408997955010225 1.3010299956639813 0.005321186076335302
kathleen 0.002044989775051125 2.0 0.00408997955010225
four 0.0010224948875255625 0.28399665636520083 0.00029038512920777186
child 0.0010224948875255625 0.2076083105017461 0.00021227843609585495
grasping 0.0010224948875255625 1.6989700043360187 0.0017371881434928619
importance 0.0010224948875255625 1.0 0.0010224948875255625
sound 0.0010224948875255625 1.045757490560675 0.001069281687689852
school 0.002044989775051125 0.14874165128092467 0.000304175155993711
superintendent 0.0010224948875255625 2.0 0.002044989775051125
principal 0.0010224948875255625 1.5228787452803376 0.0015571357313704885
teacher 0.0010224948875255625 0.6989700043360189 0.0007146932559672995
bitten 0.0010224948875255625 2.0 0.002044989775051125
family 0.002044989775051125 0.11918640771920867 0.0002437349851108562
passion 0.0010224948875255625 1.2218487496163564 0.0012493340998122255
dad 0.0010224948875255625 0.958607314841775 0.000980171078570322
neighborhood 0.0010224948875255625 0.7958800173440752 0.0008137832488180729
association 0.0010224948875255625 0.8239087409443188 0.000842442475403189
jamaica 0.0010224948875255625 1.6989700043360187 0.0017371881434928619
plain 0.0010224948875255625 1.6989700043360187 0.0017371881434928619
prompting 0.002044989775051125 1.2218487496163564 0.002498668199624451
visit 0.0010224948875255625 2.0 0.002044989775051125
longtime 0.00408997955010225 0.7447274948966939 0.0030459202245263555
mayor 0.002044989775051125 0.6777807052660807 0.0013860546119960752
white 0.002044989775051125 0.3872161432802645 0.0007918530537428723
cousin 0.002044989775051125 1.3010299956639813 0.002660593038167651
matt 0.0010224948875255625 1.6989700043360187 0.0017371881434928619
become 0.0010224948875255625 0.3372421683184259 0.0003448283929636257
city 0.0010224948875255625 0.3665315444204135 0.0003747766302867214
councilman 0.0010224948875255625 1.5228787452803376 0.0015571357313704885
beyond 0.0010224948875255625 1.045757490560675 0.001069281687689852
discussion 0.0010224948875255625 1.0969100130080565 0.001121584880376336
found 0.003067484662576687 0.3372421683184259 0.001034485178890877
outlet 0.0010224948875255625 2.0 0.002044989775051125
competitive 0.0010224948875255625 1.5228787452803376 0.0015571357313704885
juice 0.0010224948875255625 2.0 0.002044989775051125
playing 0.0010224948875255625 0.8860566476931633 0.0009059883923242979
three 0.002044989775051125 0.2076083105017461 0.0004245568721917099
sport 0.0010224948875255625 1.0 0.0010224948875255625
franklin 0.0010224948875255625 0.8239087409443188 0.000842442475403189
high 0.002044989775051125 0.27572413039921095 0.0005638530274012495
moving 0.0010224948875255625 0.8860566476931633 0.0009059883923242979
science 0.0010224948875255625 0.7958800173440752 0.0008137832488180729
major 0.0010224948875255625 0.4202164033831899 0.00042966912411369115
captain 0.0010224948875255625 1.5228787452803376 0.0015571357313704885
softball 0.0010224948875255625 2.0 0.002044989775051125
team 0.002044989775051125 0.619788758288394 0.0012674616733913987
work 0.00408997955010225 0.2218487496163564 0.000907356849146652
briefly 0.0010224948875255625 1.0 0.0010224948875255625
volunteering 0.0010224948875255625 2.0 0.002044989775051125
bill 0.002044989775051125 0.4202164033831899 0.0008593382482273823
clinton 0.002044989775051125 0.5228787452803376 0.0010692816876898522
reelection 0.00408997955010225 1.0 0.00408997955010225
threw 0.0010224948875255625 1.0969100130080565 0.001121584880376336
answering 0.0010224948875255625 2.0 0.002044989775051125
phone 0.0010224948875255625 2.0 0.002044989775051125
attorney 0.002044989775051125 0.494850021680094 0.0010119632345196197
general 0.003067484662576687 0.4559319556497244 0.001398564281134124
scott 0.0010224948875255625 1.045757490560675 0.001069281687689852
harshbarger 0.0010224948875255625 2.0 0.002044989775051125
run 0.0010224948875255625 0.4559319556497244 0.0004661880937113747
volunteer 0.0010224948875255625 2.0 0.002044989775051125
coordinator 0.0010224948875255625 1.6989700043360187 0.0017371881434928619
al 0.0010224948875255625 0.7447274948966939 0.0007614800561315889
gore 0.0010224948875255625 1.1549019599857433 0.0011808813496786742
organizational 0.0010224948875255625 2.0 0.002044989775051125
skill 0.0010224948875255625 1.045757490560675 0.001069281687689852
additional 0.0010224948875255625 0.853871964321762 0.0008730797181204111
responsibility 0.0010224948875255625 1.1549019599857433 0.0011808813496786742
contested 0.0010224948875255625 1.3979400086720377 0.001429386511934599
recount 0.0010224948875255625 1.6989700043360187 0.0017371881434928619
field 0.00408997955010225 1.0 0.00408997955010225
director 0.005112474437627812 0.5686362358410126 0.002907138220046077
south 0.002044989775051125 0.40893539297350084 0.0008362686972873229
dakota 0.002044989775051125 1.2218487496163564 0.002498668199624451
tim 0.0010224948875255625 1.0969100130080565 0.001121584880376336
johnson 0.0010224948875255625 0.853871964321762 0.0008730797181204111
eked 0.0010224948875255625 2.0 0.002044989775051125
narrow 0.0010224948875255625 1.6989700043360187 0.0017371881434928619
senate 0.003067484662576687 0.5686362358410126 0.0017442829320276462
win 0.002044989775051125 0.585026652029182 0.0011963735215320696
louisiana 0.002044989775051125 1.2218487496163564 0.002498668199624451
mary 0.002044989775051125 1.0 0.002044989775051125
landrieu 0.0010224948875255625 2.0 0.002044989775051125
runoff 0.0010224948875255625 1.6989700043360187 0.0017371881434928619
race 0.002044989775051125 0.619788758288394 0.0012674616733913987
heading 0.002044989775051125 1.3979400086720377 0.002858773023869198
iowa 0.002044989775051125 1.3979400086720377 0.002858773023869198
john 0.002044989775051125 0.37675070960209955 0.0007704513488795493
edward 0.003067484662576687 1.6989700043360187 0.005211564430478585
manager 0.006134969325153374 0.9208187539523752 0.005649194809523774
senator 0.003067484662576687 0.5228787452803376 0.001603922531534778
tom 0.0010224948875255625 0.958607314841775 0.000980171078570322
daschle 0.0010224948875255625 2.0 0.002044989775051125
later 0.0010224948875255625 0.09151498112135023 9.357360032857898e-05
year 0.0010224948875255625 0.1307682802690238 0.0001337098980255867
november 0.005112474437627812 0.24412514432750856 0.001248083559956588
named 0.005112474437627812 0.494850021680094 0.002529908086299049
hope 0.0010224948875255625 1.0969100130080565 0.001121584880376336
aide 0.0030674846625766876 2.4559319556497243 0.0075335336062875
beginning 0.0010224948875255625 0.9208187539523752 0.0009415324682539625
cycle 0.002044989775051125 1.3010299956639813 0.002660593038167651
battleground 0.0010224948875255625 1.3010299956639813 0.0013302965190838255
state 0.002044989775051125 0.20065945054641826 0.0004103465246348022
elect 0.002044989775051125 0.8860566476931633 0.0018119767846485957
associate 0.0010224948875255625 0.9208187539523752 0.0009415324682539625
personnel 0.0010224948875255625 1.6989700043360187 0.0017371881434928619
oversaw 0.0010224948875255625 1.1549019599857433 0.0011808813496786742
outreach 0.0010224948875255625 1.1549019599857433 0.0011808813496786742
voter 0.0010224948875255625 1.045757490560675 0.001069281687689852
credited 0.0010224948875255625 1.5228787452803376 0.0015571357313704885
implementing 0.0010224948875255625 1.3010299956639813 0.0013302965190838255
modernized 0.0010224948875255625 1.6989700043360187 0.0017371881434928619
system 0.0010224948875255625 0.7958800173440752 0.0008137832488180729
data 0.002044989775051125 1.5228787452803376 0.003114271462740977
analytics 0.0010224948875255625 2.0 0.002044989775051125
across 0.002044989775051125 0.8239087409443188 0.001684884950806378
organization 0.002044989775051125 0.6777807052660807 0.0013860546119960752
heavily 0.0010224948875255625 1.3010299956639813 0.0013302965190838255
recruited 0.002044989775051125 1.5228787452803376 0.003114271462740977
strategist 0.002044989775051125 1.3010299956639813 0.002660593038167651
entered 0.0010224948875255625 0.721246399047171 0.0007374707556719541
beto 0.0010224948875255625 1.5228787452803376 0.0015571357313704885
rourke 0.002044989775051125 1.5228787452803376 0.003114271462740977
though 0.0010224948875255625 0.3665315444204135 0.0003747766302867214
pairing 0.0010224948875255625 2.0 0.002044989775051125
enough 0.0010224948875255625 0.6575773191777938 0.0006723694470120592
stave 0.0010224948875255625 1.6989700043360187 0.0017371881434928619
poor 0.0010224948875255625 0.7958800173440752 0.0008137832488180729
polling 0.0010224948875255625 1.3010299956639813 0.0013302965190838255
number 0.0010224948875255625 1.1549019599857433 0.0011808813496786742
former 0.005112474437627812 0.27572413039921095 0.0014096325685031236
texas 0.002044989775051125 0.619788758288394 0.0012674616733913987
congressman 0.002044989775051125 0.958607314841775 0.001960342157140644
departure 0.0010224948875255625 1.5228787452803376 0.0015571357313704885
autumn 0.0010224948875255625 1.5228787452803376 0.0015571357313704885
read 0.0010224948875255625 0.0655015487564323 6.697499872845839e-05
next 0.0010224948875255625 0.07058107428570728 7.216878761319763e-05
bella 0.0010224948875255625 0.0655015487564323 6.697499872845839e-05
hadid 0.0010224948875255625 0.0655015487564323 6.697499872845839e-05
sadie 0.0010224948875255625 0.06048074738138145 6.184125499118758e-05
alexander 0.0010224948875255625 0.05551732784983141 5.6766183895533145e-05
adrienne 0.0010224948875255625 0.0655015487564323 6.697499872845839e-05
kennedy 0.011247443762781187 0.06048074738138145 0.0006802538049030634
subsequently 0.0010224948875255625 0.7695510786217261 0.0007868620435804971
announced 0.0010224948875255625 0.40893539297350084 0.00041813434864366143
right 0.002044989775051125 0.07058107428570728 0.00014433757522639527
coronavirus 0.0010224948875255625 1.0 0.0010224948875255625
pandemic 0.0010224948875255625 0.9208187539523752 0.0009415324682539625
forced 0.0010224948875255625 0.721246399047171 0.0007374707556719541
closure 0.0010224948875255625 1.6989700043360187 0.0017371881434928619
philadelphia 0.0010224948875255625 1.045757490560675 0.001069281687689852
headquarters 0.0010224948875255625 1.2218487496163564 0.0012493340998122255
working 0.002044989775051125 0.35654732351381263 0.0007291356309075923
attic 0.0010224948875255625 2.0 0.002044989775051125
maryland 0.0010224948875255625 1.045757490560675 0.001069281687689852
home 0.0010224948875255625 0.31875876262441283 0.00032592920513743647
zeroed 0.0010224948875255625 2.0 0.002044989775051125
virtual 0.0010224948875255625 1.2218487496163564 0.0012493340998122255
fundraising 0.0010224948875255625 1.3979400086720377 0.001429386511934599
shore 0.0010224948875255625 2.0 0.002044989775051125
candidate 0.002044989775051125 1.4710832997223453 0.0030083503061806654
lagging 0.0010224948875255625 2.0 0.002044989775051125
finance 0.0010224948875255625 2.0 0.002044989775051125
crop 0.0010224948875255625 1.6989700043360187 0.0017371881434928619
younger 0.0010224948875255625 0.585026652029182 0.0005981867607660348
surrogate 0.0010224948875255625 2.0 0.002044989775051125
alongside 0.0010224948875255625 0.7695510786217261 0.0007868620435804971
preached 0.0010224948875255625 2.0 0.002044989775051125
focus 0.0010224948875255625 0.7695510786217261 0.0007868620435804971
reclaiming 0.0010224948875255625 1.5228787452803376 0.0015571357313704885
blue 0.0010224948875255625 0.8239087409443188 0.000842442475403189
wall 0.0010224948875255625 0.5528419686577808 0.0005652780865621481
michigan 0.0010224948875255625 1.0969100130080565 0.001121584880376336
pennsylvania 0.0010224948875255625 0.8860566476931633 0.0009059883923242979
wisconsin 0.0010224948875255625 1.2218487496163564 0.0012493340998122255
swung 0.0010224948875255625 1.6989700043360187 0.0017371881434928619
donald 0.0010224948875255625 0.494850021680094 0.0005059816172598099
trump 0.002044989775051125 0.5086383061657272 0.0010401601353082358
way 0.0010224948875255625 0.431798275933005 0.00044151152958384976
kamala 0.0010224948875255625 1.1549019599857433 0.0011808813496786742
harris 0.0010224948875255625 1.045757490560675 0.001069281687689852
declared 0.0010224948875255625 0.5528419686577808 0.0005652780865621481
winner 0.0010224948875255625 1.6989700043360187 0.0017371881434928619
vice 0.0010224948875255625 0.5376020021010439 0.0005496952986718241
mike 0.003067484662576687 0.8860566476931633 0.0027179651769728935
penny 0.0010224948875255625 1.2218487496163564 0.0012493340998122255
making 0.0010224948875255625 0.3979400086720376 0.00040689162440903646
overall 0.0010224948875255625 1.5228787452803376 0.0015571357313704885
kellyanne 0.0010224948875255625 1.6989700043360187 0.0017371881434928619
conway 0.0010224948875255625 1.6989700043360187 0.0017371881434928619
seven 0.0010224948875255625 0.619788758288394 0.0006337308366956994
election 0.002044989775051125 0.853871964321762 0.0017461594362408223
took 0.0010224948875255625 0.28399665636520083 0.00029038512920777186
west 0.0010224948875255625 0.7695510786217261 0.0007868620435804971
wing 0.0010224948875255625 1.3979400086720377 0.001429386511934599
position 0.002044989775051125 0.619788758288394 0.0012674616733913987
dnc 0.002044989775051125 1.5228787452803376 0.003114271462740977
helm 0.0010224948875255625 1.3979400086720377 0.001429386511934599
party 0.00408997955010225 0.3979400086720376 0.0016275664976361458
endured 0.0010224948875255625 1.0 0.0010224948875255625
disastrous 0.0010224948875255625 1.6989700043360187 0.0017371881434928619
showing 0.0010224948875255625 1.1549019599857433 0.0011808813496786742
midterm 0.0010224948875255625 1.3979400086720377 0.001429386511934599
reformulate 0.0010224948875255625 2.0 0.002044989775051125
strategy 0.0030674846625766876 2.619788758288394 0.008036161835240474
grassroots 0.0010224948875255625 1.3010299956639813 0.0013302965190838255
social 0.0010224948875255625 0.5228787452803376 0.0005346408438449261
networking 0.0010224948875255625 1.6989700043360187 0.0017371881434928619
leaving 0.0010224948875255625 0.5686362358410126 0.0005814276440092155
spring 0.002044989775051125 1.0969100130080565 0.002243169760752672
returned 0.0010224948875255625 0.5086383061657272 0.0005200800676541179
chair 0.0010224948875255625 0.958607314841775 0.000980171078570322
unity 0.0010224948875255625 1.2218487496163564 0.0012493340998122255
reform 0.002044989775051125 2.0177287669604316 0.004126234697260597
commission 0.0010224948875255625 1.2218487496163564 0.0012493340998122255
set 0.0010224948875255625 0.494850021680094 0.0005059816172598099
lead 0.0010224948875255625 0.5228787452803376 0.0005346408438449261
nonprofit 0.0010224948875255625 1.3979400086720377 0.001429386511934599
entity 0.0010224948875255625 1.6989700043360187 0.0017371881434928619
tasked 0.0010224948875255625 1.3979400086720377 0.001429386511934599
fostering 0.0010224948875255625 2.0 0.002044989775051125
widescale 0.0010224948875255625 2.0 0.002044989775051125
exchange 0.0010224948875255625 1.045757490560675 0.001069281687689852
joining 0.0010224948875255625 0.7695510786217261 0.0007868620435804971
precision 0.003067484662576687 2.0 0.006134969325153374
teamed 0.0010224948875255625 1.2218487496163564 0.0012493340998122255
fellow 0.0010224948875255625 0.6020599913279624 0.000615603263116526
staffer 0.0010224948875255625 1.3979400086720377 0.001429386511934599
stephanie 0.0010224948875255625 1.6989700043360187 0.0017371881434928619
cutter 0.0010224948875255625 2.0 0.002044989775051125
teddy 0.0010224948875255625 2.0 0.002044989775051125
goff 0.0010224948875255625 2.0 0.002044989775051125
marketing 0.0010224948875255625 2.0 0.002044989775051125
agency 0.0010224948875255625 1.0 0.0010224948875255625
effort 0.0010224948875255625 0.5376020021010439 0.0005496952986718241
company 0.0010224948875255625 0.494850021680094 0.0005059816172598099
included 0.0010224948875255625 0.48148606012211254 0.0004923170348896857
liberal 0.002044989775051125 0.8860566476931633 0.0018119767846485957
canada 0.0010224948875255625 1.0 0.0010224948875255625
saw 0.0010224948875255625 0.6989700043360189 0.0007146932559672995
leader 0.002044989775051125 0.8582367697242121 0.0017550854186589207
justin 0.0010224948875255625 1.1549019599857433 0.0011808813496786742
trudeau 0.0010224948875255625 1.3979400086720377 0.001429386511934599
elected 0.002044989775051125 0.3665315444204135 0.0007495532605734428
prime 0.0010224948875255625 0.7958800173440752 0.0008137832488180729
minister 0.0010224948875255625 0.5376020021010439 0.0005496952986718241
also 0.002044989775051125 0.0861861476162833 0.00017624979062634625
profile 0.0010224948875255625 0.853871964321762 0.0008730797181204111
corporate 0.0010224948875255625 1.0969100130080565 0.001121584880376336
client 0.0010224948875255625 1.5228787452803376 0.0015571357313704885
electric 0.0010224948875255625 1.6989700043360187 0.0017371881434928619
bank 0.0010224948875255625 1.0 0.0010224948875255625
america 0.0010224948875255625 0.37675070960209955 0.00038522567443977464
football 0.0010224948875255625 1.2218487496163564 0.0012493340998122255
league 0.0010224948875255625 0.8239087409443188 0.000842442475403189
personal 0.0010224948875255625 0.3372421683184259 0.0003448283929636257
met 0.0010224948875255625 0.44369749923271273 0.00045367842457332593
husband 0.0010224948875255625 0.7447274948966939 0.0007614800561315889
patrick 0.0010224948875255625 1.5228787452803376 0.0015571357313704885
time 0.0030674846625766876 0.4791236183116582 0.0014697043506492584
get 0.0010224948875255625 0.44369749923271273 0.00045367842457332593
engaged 0.0010224948875255625 1.045757490560675 0.001069281687689852
running 0.0010224948875255625 0.721246399047171 0.0007374707556719541
chet 0.0010224948875255625 2.0 0.002044989775051125
culver 0.0010224948875255625 2.0 0.002044989775051125
concurrent 0.0010224948875255625 2.0 0.002044989775051125
married 0.0010224948875255625 0.24412514432750856 0.00024961671199131755
june 0.0010224948875255625 0.28399665636520083 0.00029038512920777186
gave 0.0010224948875255625 0.6020599913279624 0.000615603263116526
twin 0.0010224948875255625 1.2218487496163564 0.0012493340998122255
daughter 0.0010224948875255625 0.8239087409443188 0.000842442475403189
katie 0.0010224948875255625 1.6989700043360187 0.0017371881434928619
one 0.0010224948875255625 0.08092190762392613 8.274223683428031e-05
week 0.0010224948875255625 0.7958800173440752 0.0008137832488180729
victory 0.0010224948875255625 0.5686362358410126 0.0005814276440092155
son 0.0010224948875255625 0.28399665636520083 0.00029038512920777186
arrived 0.0010224948875255625 1.0 0.0010224948875255625
retaining 0.0010224948875255625 1.5228787452803376 0.0015571357313704885
love 0.0010224948875255625 0.5086383061657272 0.0005200800676541179
athletics 0.0010224948875255625 1.6989700043360187 0.0017371881434928619
told 0.0010224948875255625 0.44369749923271273 0.00045367842457332593
series 0.0010224948875255625 0.37675070960209955 0.00038522567443977464
would 0.0010224948875255625 0.2291479883578558 0.00023430264658267467
likely 0.0010224948875255625 1.0969100130080565 0.001121584880376336
coach 0.0010224948875255625 1.2218487496163564 0.0012493340998122255
pursued 0.0010224948875255625 1.2218487496163564 0.0012493340998122255
said 0.0010224948875255625 0.2518119729937996 0.0002574764550038851
devotee 0.0010224948875255625 1.5228787452803376 0.0015571357313704885
jane 0.0010224948875255625 1.5228787452803376 0.0015571357313704885
austen 0.0010224948875255625 2.0 0.002044989775051125
novel 0.0010224948875255625 1.2218487496163564 0.0012493340998122255
owner 0.0010224948875255625 1.3010299956639813 0.0013302965190838255
expansive 0.0010224948875255625 1.6989700043360187 0.0017371881434928619
shoe 0.0010224948875255625 1.6989700043360187 0.0017371881434928619
collection 0.0010224948875255625 0.853871964321762 0.0008730797181204111
check 0.0010224948875255625 0.07058107428570728 7.216878761319763e-05
strive 0.0010224948875255625 0.07058107428570728 7.216878761319763e-05
accuracy 0.0010224948875255625 0.07058107428570728 7.216878761319763e-05
fairness 0.0010224948875255625 0.07058107428570728 7.216878761319763e-05
see 0.002044989775051125 0.04575749056067514 9.357360032857904e-05
something 0.0010224948875255625 0.07058107428570728 7.216878761319763e-05
look 0.0010224948875255625 0.07058107428570728 7.216878761319763e-05
citation 0.0010224948875255625 0.07058107428570728 7.216878761319763e-05
information 0.0010224948875255625 0.07058107428570728 7.216878761319763e-05
article 0.0010224948875255625 0.07058107428570728 7.216878761319763e-05
title 0.0010224948875255625 0.07058107428570728 7.216878761319763e-05
author 0.0010224948875255625 0.06048074738138145 6.184125499118758e-05
com 0.002044989775051125 0.06048074738138145 0.00012368250998237516
editor 0.0010224948875255625 0.1023729087095586 0.0001046757757766448
website 0.002044989775051125 0.0655015487564323 0.00013394999745691677
url 0.0010224948875255625 0.07058107428570728 7.216878761319763e-05
access 0.0010224948875255625 0.07058107428570728 7.216878761319763e-05
publisher 0.0010224948875255625 0.07058107428570728 7.216878761319763e-05
e 0.002044989775051125 0.04575749056067514 9.357360032857904e-05
television 0.002044989775051125 0.04575749056067514 9.357360032857904e-05
network 0.002044989775051125 0.04575749056067514 9.357360032857904e-05
last 0.0010224948875255625 0.0655015487564323 6.697499872845839e-05
updated 0.0010224948875255625 0.07058107428570728 7.216878761319763e-05
january 0.0010224948875255625 0.2676062401770315 0.0002736260124509525
original 0.0010224948875255625 0.0655015487564323 6.697499872845839e-05
published 0.0010224948875255625 0.07058107428570728 7.216878761319763e-05
december 0.0010224948875255625 0.40893539297350084 0.00041813434864366143
receive 0.0010224948875255625 0.05551732784983141 5.6766183895533145e-05
story 0.003067484662576687 0.05551732784983141 0.00017029855168659941
shaped 0.002044989775051125 0.05551732784983141 0.00011353236779106629
world 0.0010224948875255625 0.04575749056067514 4.678680016428952e-05
sign 0.0010224948875255625 0.05551732784983141 5.6766183895533145e-05
person 0.009202453987730062 0.05060999335508724 0.00046573613516951454
ron 0.002044989775051125 1.2218487496163564 0.002498668199624451
klain 0.002044989775051125 1.3979400086720377 0.002858773023869198
lawyer 0.002044989775051125 0.48148606012211254 0.0009846340697793714
operative 0.0010224948875255625 1.3979400086720377 0.001429386511934599
donilon 0.002044989775051125 1.3979400086720377 0.002858773023869198
pollster 0.0010224948875255625 1.3010299956639813 0.0013302965190838255
consultant 0.0010224948875255625 0.958607314841775 0.000980171078570322
senior 0.002044989775051125 1.0 0.002044989775051125
adviser 0.0010224948875255625 0.7447274948966939 0.0007614800561315889
cedric 0.002044989775051125 1.5228787452803376 0.003114271462740977
richmond 0.002044989775051125 1.3979400086720377 0.002858773023869198
five 0.0010224948875255625 0.48148606012211254 0.0004923170348896857
chairing 0.0010224948875255625 1.5228787452803376 0.0015571357313704885
advisor 0.0010224948875255625 1.1549019599857433 0.0011808813496786742
house 0.002044989775051125 0.32790214206428253 0.0006705565277388191
office 0.002044989775051125 0.31875876262441283 0.0006518584102748729
public 0.002044989775051125 0.2596373105057561 0.0005309556452060452
engagement 0.0010224948875255625 1.0969100130080565 0.001121584880376336
ted 0.00408997955010225 1.3010299956639813 0.005321186076335302
known 0.002044989775051125 0.06048074738138145 0.00012368250998237516
lion 0.0010224948875255625 1.2218487496163564 0.0012493340998122255
staunch 0.0010224948875255625 1.0 0.0010224948875255625
congress 0.0010224948875255625 0.4202164033831899 0.00042966912411369115
nine 0.0010224948875255625 0.8239087409443188 0.000842442475403189
spearheading 0.0010224948875255625 1.3010299956639813 0.0013302965190838255
many 0.0010224948875255625 0.28399665636520083 0.00029038512920777186
legislative 0.0010224948875255625 0.8239087409443188 0.000842442475403189
juli 0.002044989775051125 1.2218487496163564 0.002498668199624451
n 0.002044989775051125 0.7695510786217261 0.0015737240871609942
castro 0.002044989775051125 1.0969100130080565 0.002243169760752672
san 0.0010224948875255625 0.8860566476931633 0.0009059883923242979
antonio 0.0010224948875255625 1.1549019599857433 0.0011808813496786742
hud 0.0010224948875255625 1.045757490560675 0.001069281687689852
secretary 0.0010224948875255625 0.638272163982407 0.0006526300245218886
administration 0.0010224948875255625 0.6575773191777938 0.0006723694470120592
among 0.0010224948875255625 0.35654732351381263 0.00036456781545379617
nomination 0.0010224948875255625 0.5086383061657272 0.0005200800676541179
gargan 0.002044989775051125 2.0 0.00408997955010225
prominently 0.0010224948875255625 1.6989700043360187 0.0017371881434928619
involved 0.0010224948875255625 0.4559319556497244 0.0004661880937113747
infamous 0.0010224948875255625 1.045757490560675 0.001069281687689852
chappaquiddick 0.0010224948875255625 2.0 0.002044989775051125
incident 0.0010224948875255625 0.8860566476931633 0.0009059883923242979
joseph 0.00408997955010225 0.585026652029182 0.0023927470430641393
p 0.00408997955010225 0.9208187539523752 0.00376612987301585
best 0.0010224948875255625 0.13667713987954408 0.00013975167676844998
father 0.002044989775051125 0.14874165128092467 0.000304175155993711
f 0.002044989775051125 0.721246399047171 0.0014749415113439082
representative 0.002044989775051125 1.4814860601221125 0.0030296238448304963
robert 0.0010224948875255625 0.5528419686577808 0.0005652780865621481
iii 0.0010224948875255625 1.045757490560675 0.001069281687689852
part 0.0010224948875255625 0.3372421683184259 0.0003448283929636257
famed 0.0010224948875255625 0.8860566476931633 0.0009059883923242979
american 0.002044989775051125 0.1023729087095586 0.0002093515515532896
dynasty 0.0010224948875255625 1.3010299956639813 0.0013302965190838255
latest 0.0010224948875255625 1.3010299956639813 0.0013302965190838255
member 0.0010224948875255625 0.3010299956639812 0.000307801631558263
seat 0.0010224948875255625 0.619788758288394 0.0006337308366956994
retiring 0.0010224948875255625 1.3010299956639813 0.0013302965190838255
barney 0.0010224948875255625 1.3010299956639813 0.0013302965190838255
frank 0.0010224948875255625 0.853871964321762 0.0008730797181204111
samuel 0.002044989775051125 1.3979400086720377 0.002858773023869198
adam 0.002044989775051125 1.2218487496163564 0.002498668199624451
founding 0.0010224948875255625 0.6777807052660807 0.0006930273059980376
helped 0.0010224948875255625 0.3372421683184259 0.0003448283929636257
organize 0.0010224948875255625 1.1549019599857433 0.0011808813496786742
tea 0.0010224948875255625 1.3010299956639813 0.0013302965190838255
signed 0.0010224948875255625 0.494850021680094 0.0005059816172598099
declaration 0.0010224948875255625 1.045757490560675 0.001069281687689852
independence 0.0010224948875255625 0.958607314841775 0.000980171078570322
loading 0.0010224948875255625 0.04575749056067514 4.678680016428952e-05
logo 0.0010224948875255625 0.04575749056067514 4.678680016428952e-05
registered 0.0010224948875255625 0.04575749056067514 4.678680016428952e-05
trademark 0.0010224948875255625 0.04575749056067514 4.678680016428952e-05
llc 0.0010224948875255625 0.04575749056067514 4.678680016428952e-05
close 0.00408997955010225 0.04575749056067514 0.00018714720065715807
