sza 0.04500548847420417 1.6989700043360187 0.0764629749481633
song 0.008781558726673985 1.337242168318426 0.011743070632873115
album 0.01756311745334797 1.1214782044987934 0.019696653426982104
ctrl 0.009879253567508232 1.6989700043360187 0.01678455547642609
biography 0.010976948408342482 0.04575749056067514 0.0005022776131797491
skip 0.0010976948408342481 0.04575749056067514 5.0227761317974915e-05
main 0.0010976948408342481 0.04575749056067514 5.0227761317974915e-05
content 0.0010976948408342481 0.04575749056067514 5.0227761317974915e-05
people 0.005488474204171241 0.04575749056067514 0.00025113880658987457
nostalgia 0.003293084522502744 0.04575749056067514 0.00015068328395392473
celebrity 0.003293084522502744 0.04575749056067514 0.00015068328395392473
history 0.0043907793633369925 0.04575749056067514 0.00020091104527189966
culture 0.003293084522502744 0.04575749056067514 0.00015068328395392473
crime 0.003293084522502744 0.04575749056067514 0.00015068328395392473
scandal 0.003293084522502744 0.04575749056067514 0.00015068328395392473
video 0.0043907793633369925 0.04575749056067514 0.00020091104527189966
contact 0.003293084522502744 0.04575749056067514 0.00015068328395392473
u 0.003293084522502744 0.04575749056067514 0.00015068328395392473
advertise 0.0021953896816684962 0.04575749056067514 0.00010045552263594983
privacy 0.003293084522502744 0.04575749056067514 0.00015068328395392473
notice 0.0021953896816684962 0.04575749056067514 0.00010045552263594983
term 0.0021953896816684962 0.04575749056067514 0.00010045552263594983
use 0.0021953896816684962 0.04575749056067514 0.00010045552263594983
copyright 0.0021953896816684962 0.04575749056067514 0.00010045552263594983
policy 0.0021953896816684962 0.04575749056067514 0.00010045552263594983
ad 0.0021953896816684962 0.04575749056067514 0.00010045552263594983
choice 0.0021953896816684962 0.04575749056067514 0.00010045552263594983
accessibility 0.0021953896816684962 0.04575749056067514 0.00010045552263594983
support 0.0021953896816684962 0.04575749056067514 0.00010045552263594983
setting 0.0010976948408342481 0.04575749056067514 5.0227761317974915e-05
february 0.0021953896816684962 0.04575749056067514 0.00010045552263594983
subscribe 0.0021953896816684962 0.04575749056067514 0.00010045552263594983
newsletter 0.003293084522502744 0.04575749056067514 0.00015068328395392473
photo 0.0010976948408342481 0.12493873660829993 0.00013714460659527985
dia 0.0010976948408342481 2.0 0.0021953896816684962
dipasupil 0.0010976948408342481 2.0 0.0021953896816684962
getty 0.0010976948408342481 0.2291479883578558 0.00025153456460796464
image 0.0010976948408342481 0.2218487496163564 0.0002435222278994033
bet 0.0010976948408342481 1.5228787452803376 0.0016716561419103596
quick 0.0010976948408342481 0.07058107428570728 7.74764811039597e-05
fact 0.0021953896816684962 0.14116214857141457 0.0003099059244158388
name 0.0043907793633369925 0.05551732784983141 0.00024376433743065386
birth 0.0021953896816684962 0.07058107428570728 0.0001549529622079194
date 0.0043907793633369925 0.07058107428570728 0.0003099059244158388
november 0.0021953896816684962 0.24412514432750856 0.0005359498228924447
age 0.0010976948408342481 0.11350927482751813 0.00012459854536500344
place 0.0010976948408342481 0.07572071393811834 8.311823703415844e-05
st 0.0021953896816684962 0.721246399047171 0.001583416902408718
louis 0.0021953896816684962 1.0969100130080565 0.0024081449242767433
missouri 0.0021953896816684962 1.3979400086720377 0.00306902307063016
zodiac 0.0010976948408342481 0.3010299956639812 0.00033043907317670826
sign 0.0021953896816684962 0.05551732784983141 0.00012188216871532693
scorpio 0.0010976948408342481 1.0969100130080565 0.0012040724621383717
cite 0.0010976948408342481 0.07058107428570728 7.74764811039597e-05
page 0.0010976948408342481 0.07058107428570728 7.74764811039597e-05
publish 0.0010976948408342481 0.07058107428570728 7.74764811039597e-05
jan 0.0010976948408342481 0.9208187539523752 0.0010107779955569431
comment 0.0021953896816684962 0.07058107428570728 0.0001549529622079194
american 0.005488474204171241 0.1023729087095586 0.0005618710686583898
singer 0.009879253567508232 0.4202164033831899 0.004151424402248857
songwriter 0.007683863885839737 0.8860566476931633 0.00680833867601772
music 0.010976948408342482 0.4559319556497244 0.005004741554881717
blend 0.0010976948408342481 1.6989700043360187 0.001864950608491788
r 0.005488474204171241 0.5086383061657272 0.002791648222643948
b 0.006586169045005488 0.37675070960209955 0.0024813438612652002
rock 0.005488474204171241 0.721246399047171 0.003958542256021796
soul 0.0043907793633369925 0.853871964321762 0.0037491633998760136
first 0.005488474204171241 0.0655015487564323 0.0003595035606829435
certified 0.0010976948408342481 1.5228787452803376 0.0016716561419103596
platinum 0.0043907793633369925 1.1549019599857433 0.005070919692582847
often 0.0021953896816684962 0.5376020021010439 0.001180245888256957
called 0.0010976948408342481 0.3010299956639812 0.00033043907317670826
though 0.0021953896816684962 0.3665315444204135 0.0008046795706265939
also 0.006586169045005488 0.0861861476162833 0.0005676365375386387
encompasses 0.0010976948408342481 2.0 0.0021953896816684962
element 0.0010976948408342481 1.3010299956639813 0.0014281339140109564
rap 0.0010976948408342481 1.6989700043360187 0.001864950608491788
studio 0.0021953896816684962 1.045757490560675 0.0022958452043044457
launched 0.0010976948408342481 0.6777807052660807 0.0007439963833875749
billboard 0.0043907793633369925 1.0 0.0043907793633369925
draw 0.0010976948408342481 2.0 0.0021953896816684962
upon 0.0010976948408342481 0.721246399047171 0.000791708451204359
insecurity 0.0010976948408342481 1.5228787452803376 0.0016716561419103596
concern 0.0010976948408342481 1.3010299956639813 0.0014281339140109564
felt 0.0010976948408342481 0.6020599913279624 0.0006608781463534165
ostracized 0.0010976948408342481 1.6989700043360187 0.001864950608491788
youth 0.0010976948408342481 0.958607314841775 0.0010522583038877881
welcoming 0.0010976948408342481 2.0 0.0021953896816684962
fan 0.0021953896816684962 0.8239087409443188 0.0018088007485056396
artistic 0.0010976948408342481 1.5228787452803376 0.0016716561419103596
collaborator 0.0010976948408342481 1.5228787452803376 0.0016716561419103596
include 0.0021953896816684962 0.619788758288394 0.0013606778447604697
labelmate 0.0010976948408342481 2.0 0.0021953896816684962
kendrick 0.0021953896816684962 1.5228787452803376 0.0033433122838207193
lamar 0.003293084522502744 1.3979400086720377 0.00460353460594524
rihanna 0.0021953896816684962 1.3979400086720377 0.00306902307063016
doja 0.0021953896816684962 1.6989700043360187 0.003729901216983576
cat 0.0021953896816684962 1.1549019599857433 0.0025354598462914235
justin 0.0021953896816684962 1.1549019599857433 0.0025354598462914235
timberlake 0.0021953896816684962 2.0 0.0043907793633369925
early 0.0010976948408342481 0.07572071393811834 8.311823703415844e-05
life 0.0021953896816684962 0.13679614097137055 0.00030032083638061594
education 0.0010976948408342481 0.19382002601611284 0.00021275524260824682
real 0.0010976948408342481 0.6989700043360189 0.00076725576765754
born 0.0010976948408342481 0.09151498112135023 0.00010045552263594976
sol 0.0010976948408342481 1.6989700043360187 0.001864950608491788
xe 0.0010976948408342481 0.853871964321762 0.0009372908499690034
na 0.0010976948408342481 2.0 0.0021953896816684962
imani 0.0010976948408342481 2.0 0.0021953896816684962
rowe 0.0010976948408342481 1.2218487496163564 0.0013412170687336514
pronounced 0.0010976948408342481 1.6989700043360187 0.001864950608491788
sizzah 0.0010976948408342481 2.0 0.0021953896816684962
acronym 0.0010976948408342481 1.5228787452803376 0.0016716561419103596
word 0.0010976948408342481 0.7447274948966939 0.0008174835289755147
supreme 0.0021953896816684962 0.585026652029182 0.001284361475365932
alphabet 0.0021953896816684962 1.6989700043360187 0.003729901216983576
part 0.0010976948408342481 0.3372421683184259 0.00037018898827489126
philosophical 0.0010976948408342481 1.6989700043360187 0.001864950608491788
system 0.0010976948408342481 0.7958800173440752 0.0008736333889616633
established 0.0010976948408342481 0.7447274948966939 0.0008174835289755147
former 0.0010976948408342481 0.27572413039921095 0.00030266095543272334
member 0.0010976948408342481 0.3010299956639812 0.00033043907317670826
nation 0.0010976948408342481 0.35654732351381263 0.0003913801575343717
islam 0.0010976948408342481 1.045757490560675 0.0011479226021522228
grew 0.0010976948408342481 0.494850021680094 0.000543194315784955
maplewood 0.0010976948408342481 2.0 0.0021953896816684962
new 0.0021953896816684962 0.14266750356873154 0.0003132107652441966
jersey 0.0010976948408342481 1.2218487496163564 0.0013412170687336514
said 0.0010976948408342481 0.2518119729937996 0.0002764127036155868
family 0.0021953896816684962 1.0777937225609837 0.0023661772174774615
one 0.005488474204171241 0.08092190762392613 0.00044413780254624663
black 0.0043907793633369925 0.3872161432802645 0.0017001806510659255
five 0.0021953896816684962 0.48148606012211254 0.001057049528259303
block 0.0010976948408342481 1.3010299956639813 0.0014281339140109564
radius 0.0010976948408342481 2.0 0.0021953896816684962
father 0.0021953896816684962 0.14874165128092467 0.0003265458864564757
worked 0.0021953896816684962 0.3098039199714864 0.0006801403292458538
cnn 0.0010976948408342481 1.3010299956639813 0.0014281339140109564
producer 0.0010976948408342481 0.8239087409443188 0.0009044003742528198
mother 0.0021953896816684962 0.21467016498923297 0.0004712846651794357
executive 0.0010976948408342481 0.5528419686577808 0.000606851776792295
role 0.0010976948408342481 0.3665315444204135 0.00040233978531329696
muslim 0.0010976948408342481 0.9208187539523752 0.0010107779955569431
attended 0.0010976948408342481 0.5376020021010439 0.0005901229441284785
islamic 0.0010976948408342481 1.1549019599857433 0.0012677299231457118
prep 0.0010976948408342481 1.6989700043360187 0.001864950608491788
school 0.003293084522502744 1.0026136156026868 0.0033016913795917238
later 0.0010976948408342481 0.09151498112135023 0.00010045552263594976
stepped 0.0010976948408342481 1.0969100130080565 0.0012040724621383717
away 0.0010976948408342481 0.5376020021010439 0.0005901229441284785
faith 0.0010976948408342481 0.7958800173440752 0.0008736333889616633
described 0.0010976948408342481 0.6989700043360189 0.00076725576765754
lonely 0.0021953896816684962 1.3010299956639813 0.0028562678280219128
childhood 0.0010976948408342481 0.6020599913279624 0.0006608781463534165
sibling 0.0021953896816684962 0.8860566476931633 0.0019452396217193486
lived 0.0010976948408342481 0.6020599913279624 0.0006608781463534165
year 0.003293084522502744 0.24995468798823245 0.0008231219143410508
apart 0.0010976948408342481 1.5228787452803376 0.0016716561419103596
friend 0.0021953896816684962 1.2069083998234196 0.0026496342476913714
playmate 0.0010976948408342481 2.0 0.0021953896816684962
lot 0.0010976948408342481 1.0969100130080565 0.0012040724621383717
room 0.0010976948408342481 0.8860566476931633 0.0009726198108596743
get 0.0010976948408342481 0.44369749923271273 0.00048704445579880653
weird 0.0010976948408342481 2.0 0.0021953896816684962
gymnast 0.0010976948408342481 2.0 0.0021953896816684962
dancer 0.0021953896816684962 1.0969100130080565 0.0024081449242767433
outsider 0.0010976948408342481 1.5228787452803376 0.0016716561419103596
bullied 0.0010976948408342481 1.1549019599857433 0.0012677299231457118
growing 0.0010976948408342481 0.585026652029182 0.000642180737682966
listened 0.0010976948408342481 1.6989700043360187 0.001864950608491788
kind 0.0021953896816684962 2.193820026016113 0.004816289848553487
jazz 0.0010976948408342481 1.0969100130080565 0.0012040724621383717
indie 0.0010976948408342481 1.6989700043360187 0.001864950608491788
boy 0.0010976948408342481 0.7958800173440752 0.0008736333889616633
band 0.0010976948408342481 1.3010299956639813 0.0014281339140109564
yet 0.003293084522502744 0.6777807052660807 0.0022319891501627245
expect 0.0010976948408342481 1.5228787452803376 0.0016716561419103596
pursue 0.0010976948408342481 0.8860566476931633 0.0009726198108596743
career 0.0021953896816684962 0.17392519729917358 0.00038183358353276306
industry 0.0021953896816684962 0.7958800173440752 0.0017472667779233266
went 0.0021953896816684962 0.32790214206428253 0.0007198729792849232
delaware 0.0010976948408342481 1.0 0.0010976948408342481
state 0.0010976948408342481 0.2924298239020636 0.00032099870900336293
university 0.0010976948408342481 0.2596373105057561 0.0002850025362302482
study 0.0010976948408342481 0.853871964321762 0.0009372908499690034
marine 0.0010976948408342481 1.3010299956639813 0.0014281339140109564
biology 0.0010976948408342481 2.0 0.0021953896816684962
transferred 0.0010976948408342481 1.2218487496163564 0.0013412170687336514
dropped 0.0010976948408342481 0.853871964321762 0.0009372908499690034
breaking 0.0010976948408342481 1.2218487496163564 0.0013412170687336514
rapper 0.0010976948408342481 1.2218487496163564 0.0013412170687336514
brother 0.0010976948408342481 0.494850021680094 0.000543194315784955
sing 0.0010976948408342481 1.2218487496163564 0.0013412170687336514
hook 0.0010976948408342481 1.6989700043360187 0.001864950608491788
mixtapes 0.0010976948408342481 1.6989700043360187 0.001864950608491788
led 0.0010976948408342481 0.37675070960209955 0.0004135573102108667
creating 0.0010976948408342481 1.0 0.0010976948408342481
working 0.0010976948408342481 0.35654732351381263 0.0003913801575343717
job 0.0010976948408342481 0.853871964321762 0.0009372908499690034
salesperson 0.0010976948408342481 2.0 0.0021953896816684962
sephora 0.0010976948408342481 2.0 0.0021953896816684962
strip 0.0010976948408342481 1.5228787452803376 0.0016716561419103596
club 0.0010976948408342481 0.8239087409443188 0.0009044003742528198
bartender 0.0010976948408342481 2.0 0.0021953896816684962
used 0.003293084522502744 0.5086383061657272 0.0016749889335863685
soundcloud 0.0010976948408342481 1.6989700043360187 0.001864950608491788
share 0.0010976948408342481 0.958607314841775 0.0010522583038877881
like 0.0043907793633369925 0.2365720064370627 0.001038735483807081
aftermath 0.0010976948408342481 1.0 0.0010976948408342481
attracted 0.0010976948408342481 1.5228787452803376 0.0016716561419103596
debut 0.005488474204171241 0.8239087409443188 0.0045220018712640985
ep 0.003293084522502744 1.5228787452803376 0.005014968425731079
see 0.003293084522502744 0.04575749056067514 0.00015068328395392473
run 0.0010976948408342481 0.4559319556497244 0.0005004741554881717
came 0.003293084522502744 0.3010299956639812 0.0009913172195301246
encountered 0.0021953896816684962 1.3979400086720377 0.00306902307063016
terrence 0.0010976948408342481 2.0 0.0021953896816684962
punch 0.0021953896816684962 1.5228787452803376 0.0033433122838207193
henderson 0.0010976948408342481 2.0 0.0021953896816684962
head 0.0010976948408342481 0.5228787452803376 0.0005739613010761115
top 0.0021953896816684962 0.48148606012211254 0.001057049528259303
dawg 0.0021953896816684962 2.0 0.0043907793633369925
entertainment 0.0021953896816684962 1.0 0.0021953896816684962
hearing 0.0010976948408342481 1.0969100130080565 0.0012040724621383717
impressed 0.0010976948408342481 1.2218487496163564 0.0013412170687336514
enough 0.0010976948408342481 0.6575773191777938 0.00072181923071108
continue 0.0010976948408342481 0.6777807052660807 0.0007439963833875749
listening 0.0010976948408342481 1.1549019599857433 0.0012677299231457118
work 0.0010976948408342481 0.2218487496163564 0.0002435222278994033
released 0.003293084522502744 0.3010299956639812 0.0009913172195301246
another 0.003293084522502744 0.40893539297350084 0.001346658813304613
signed 0.0010976948408342481 0.494850021680094 0.000543194315784955
making 0.0021953896816684962 0.3979400086720376 0.0008736333889616633
female 0.0021953896816684962 0.6020599913279624 0.001321756292706833
artist 0.003293084522502744 1.341035157335565 0.004416142120753782
join 0.0010976948408342481 0.9208187539523752 0.0010107779955569431
label 0.0010976948408342481 0.958607314841775 0.0010522583038877881
z 0.0010976948408342481 1.3979400086720377 0.00153451153531508
crtl 0.0010976948408342481 2.0 0.0021953896816684962
subject 0.0010976948408342481 1.045757490560675 0.0011479226021522228
numerous 0.0010976948408342481 0.721246399047171 0.000791708451204359
delay 0.0021953896816684962 2.0 0.0043907793633369925
june 0.0010976948408342481 0.28399665636520083 0.0003117416645062578
wanted 0.0010976948408342481 0.5528419686577808 0.000606851776792295
consideration 0.0010976948408342481 2.0 0.0021953896816684962
heard 0.0010976948408342481 0.958607314841775 0.0010522583038877881
tune 0.0021953896816684962 1.5228787452803376 0.0033433122838207193
superstar 0.0010976948408342481 0.853871964321762 0.0009372908499690034
added 0.0010976948408342481 0.853871964321762 0.0009372908499690034
anti 0.0010976948408342481 0.721246399047171 0.000791708451204359
still 0.0010976948408342481 0.431798275933005 0.0004739827397727827
produced 0.0010976948408342481 0.7958800173440752 0.0008736333889616633
featured 0.0021953896816684962 0.7695510786217261 0.0016894644975229993
process 0.0010976948408342481 0.7958800173440752 0.0008736333889616633
forced 0.0010976948408342481 0.721246399047171 0.000791708451204359
deal 0.0010976948408342481 0.5528419686577808 0.000606851776792295
issue 0.0010976948408342481 0.6989700043360189 0.00076725576765754
explained 0.0010976948408342481 1.0 0.0010976948408342481
release 0.0010976948408342481 0.5686362358410126 0.0006241890623940864
anxiety 0.0010976948408342481 1.3010299956639813 0.0014281339140109564
hard 0.0010976948408342481 0.638272163982407 0.0007006280614515995
complete 0.0010976948408342481 0.9208187539523752 0.0010107779955569431
thing 0.0010976948408342481 0.6989700043360189 0.00076725576765754
feel 0.0021953896816684962 0.8860566476931633 0.0019452396217193486
hate 0.0010976948408342481 1.0 0.0010976948408342481
finally 0.0010976948408342481 0.7447274948966939 0.0008174835289755147
arrived 0.0010976948408342481 1.0 0.0010976948408342481
greeted 0.0010976948408342481 2.0 0.0021953896816684962
acclaim 0.0010976948408342481 1.5228787452803376 0.0016716561419103596
mix 0.0010976948408342481 1.1549019599857433 0.0012677299231457118
accompanied 0.0010976948408342481 1.5228787452803376 0.0016716561419103596
speaking 0.0010976948408342481 0.9208187539523752 0.0010107779955569431
unveiled 0.0010976948408342481 1.3979400086720377 0.00153451153531508
vulnerability 0.0010976948408342481 2.0 0.0021953896816684962
connected 0.0010976948408342481 1.3010299956639813 0.0014281339140109564
twenty 0.0010976948408342481 2.0 0.0021953896816684962
somethings 0.0010976948408342481 2.0 0.0021953896816684962
particularly 0.0010976948408342481 1.0 0.0010976948408342481
younger 0.0010976948408342481 0.585026652029182 0.000642180737682966
woman 0.0010976948408342481 0.3979400086720376 0.00043681669448083165
issa 0.0010976948408342481 2.0 0.0021953896816684962
rae 0.0010976948408342481 1.6989700043360187 0.001864950608491788
drawn 0.0010976948408342481 1.1549019599857433 0.0012677299231457118
record 0.0010976948408342481 0.494850021680094 0.000543194315784955
multiple 0.0010976948408342481 0.721246399047171 0.000791708451204359
track 0.0010976948408342481 1.2218487496163564 0.0013412170687336514
second 0.0021953896816684962 0.19382002601611284 0.00042551048521649365
season 0.0010976948408342481 1.2218487496163564 0.0013412170687336514
tv 0.0010976948408342481 0.5228787452803376 0.0005739613010761115
series 0.0010976948408342481 0.37675070960209955 0.0004135573102108667
insecure 0.0010976948408342481 1.6989700043360187 0.001864950608491788
read 0.0010976948408342481 0.0655015487564323 7.19007121365887e-05
next 0.003293084522502744 0.07058107428570728 0.00023242944331187907
bella 0.0010976948408342481 0.0655015487564323 7.19007121365887e-05
hadid 0.0010976948408342481 0.0655015487564323 7.19007121365887e-05
sadie 0.0010976948408342481 0.06048074738138145 6.638940437034188e-05
alexander 0.0010976948408342481 0.05551732784983141 6.0941084357663465e-05
adrienne 0.0010976948408342481 0.0655015487564323 7.19007121365887e-05
kennedy 0.0010976948408342481 0.06048074738138145 6.638940437034188e-05
popular 0.0021953896816684962 0.4685210829577449 0.0010285863511695827
drew 0.0010976948408342481 0.8239087409443188 0.0009044003742528198
barrymore 0.0021953896816684962 2.0 0.0043907793633369925
cameo 0.0010976948408342481 2.0 0.0021953896816684962
dove 0.0010976948408342481 1.6989700043360187 0.001864950608491788
wind 0.0010976948408342481 1.3010299956639813 0.0014281339140109564
sang 0.0010976948408342481 1.2218487496163564 0.0013412170687336514
single 0.006586169045005488 1.585026652029182 0.010439253471103284
love 0.0010976948408342481 0.5086383061657272 0.0005583296445287895
galore 0.0010976948408342481 2.0 0.0021953896816684962
weekend 0.0010976948408342481 1.3979400086720377 0.00153451153531508
resulted 0.0010976948408342481 0.8860566476931633 0.0009726198108596743
grammy 0.005488474204171241 0.6575773191777938 0.0036090961535554
nomination 0.0010976948408342481 1.3010299956639813 0.0014281339140109564
made 0.0010976948408342481 0.1804560644581313 0.00019808569095294327
nominated 0.0021953896816684962 0.853871964321762 0.0018745816999380068
award 0.0021953896816684962 1.216096420727265 0.002669805533978628
win 0.0010976948408342481 0.585026652029182 0.000642180737682966
statuette 0.0010976948408342481 2.0 0.0021953896816684962
experience 0.0021953896816684962 0.619788758288394 0.0013606778447604697
initially 0.0010976948408342481 0.7695510786217261 0.0008447322487614996
upsetting 0.0010976948408342481 2.0 0.0021953896816684962
ultimately 0.0010976948408342481 0.9208187539523752 0.0010107779955569431
took 0.0010976948408342481 0.28399665636520083 0.0003117416645062578
stride 0.0010976948408342481 2.0 0.0021953896816684962
told 0.0021953896816684962 0.44369749923271273 0.0009740889115976131
cosmopolitan 0.0010976948408342481 2.0 0.0021953896816684962
girl 0.0010976948408342481 0.6989700043360189 0.00076725576765754
burbs 0.0010976948408342481 2.0 0.0021953896816684962
never 0.0010976948408342481 0.431798275933005 0.0004739827397727827
dream 0.0010976948408342481 1.045757490560675 0.0011479226021522228
loss 0.0010976948408342481 1.3979400086720377 0.00153451153531508
keep 0.0010976948408342481 0.6575773191777938 0.00072181923071108
remaining 0.0010976948408342481 1.0 0.0010976948408342481
week 0.0010976948408342481 0.7695510786217261 0.0008447322487614996
phase 0.0010976948408342481 1.3979400086720377 0.00153451153531508
tour 0.0021953896816684962 0.7447274948966939 0.0016349670579510294
needed 0.0010976948408342481 0.8860566476931633 0.0009726198108596743
break 0.0010976948408342481 0.8860566476931633 0.0009726198108596743
tend 0.0010976948408342481 2.0 0.0021953896816684962
vocal 0.0021953896816684962 2.154901959985743 0.004730849527959919
cord 0.0010976948408342481 2.0 0.0021953896816684962
cope 0.0010976948408342481 1.5228787452803376 0.0016716561419103596
death 0.0010976948408342481 0.2365720064370627 0.00025968387095177026
mac 0.0010976948408342481 2.0 0.0021953896816684962
miller 0.0010976948408342481 1.2218487496163564 0.0013412170687336514
passing 0.0010976948408342481 1.045757490560675 0.0011479226021522228
grandmother 0.0010976948408342481 0.6777807052660807 0.0007439963833875749
found 0.0010976948408342481 0.3372421683184259 0.00037018898827489126
comfort 0.0010976948408342481 1.3010299956639813 0.0014281339140109564
pilate 0.0010976948408342481 2.0 0.0021953896816684962
meditation 0.0010976948408342481 2.0 0.0021953896816684962
sound 0.0010976948408342481 1.045757490560675 0.0011479226021522228
bowl 0.0010976948408342481 1.5228787452803376 0.0016716561419103596
even 0.003293084522502744 0.3665315444204135 0.0012070193559398908
performed 0.0010976948408342481 0.7695510786217261 0.0008447322487614996
using 0.0010976948408342481 0.7958800173440752 0.0008736333889616633
latter 0.0010976948408342481 1.045757490560675 0.0011479226021522228
continues 0.0010976948408342481 1.0 0.0010976948408342481
wary 0.0010976948408342481 1.6989700043360187 0.001864950608491788
sharing 0.0010976948408342481 1.2218487496163564 0.0013412170687336514
world 0.0043907793633369925 0.04575749056067514 0.00020091104527189966
admitted 0.0010976948408342481 0.7958800173440752 0.0008736333889616633
interview 0.0010976948408342481 0.585026652029182 0.000642180737682966
know 0.0010976948408342481 0.4559319556497244 0.0005004741554881717
represents 0.0010976948408342481 1.5228787452803376 0.0016716561419103596
time 0.0010976948408342481 0.1023729087095586 0.00011237421373167795
matter 0.0010976948408342481 0.853871964321762 0.0009372908499690034
picture 0.0010976948408342481 0.9208187539523752 0.0010107779955569431
want 0.0021953896816684962 0.585026652029182 0.001284361475365932
paint 0.0010976948408342481 1.3979400086720377 0.00153451153531508
build 0.0010976948408342481 1.0 0.0010976948408342481
make 0.0010976948408342481 0.9208187539523752 0.0010107779955569431
scary 0.0010976948408342481 1.6989700043360187 0.001864950608491788
wait 0.0010976948408342481 1.3010299956639813 0.0014281339140109564
kept 0.0010976948408342481 0.8860566476931633 0.0009726198108596743
exercising 0.0010976948408342481 1.5228787452803376 0.0016716561419103596
talent 0.0010976948408342481 0.853871964321762 0.0009372908499690034
collaborated 0.0010976948408342481 1.6989700043360187 0.001864950608491788
star 0.003293084522502744 1.4828041020500258 0.00488299923836452
soundtrack 0.0021953896816684962 1.3979400086720377 0.00306902307063016
marvel 0.0010976948408342481 2.0 0.0021953896816684962
panther 0.0010976948408342481 1.3979400086720377 0.00153451153531508
side 0.0010976948408342481 0.585026652029182 0.000642180737682966
troll 0.0010976948408342481 2.0 0.0021953896816684962
successful 0.0021953896816684962 0.4559319556497244 0.0010009483109763434
hit 0.005488474204171241 0.3665315444204135 0.002011698926566485
different 0.0010976948408342481 0.7695510786217261 0.0008447322487614996
good 0.0021953896816684962 0.585026652029182 0.001284361475365932
day 0.0021953896816684962 0.40893539297350084 0.0008977725422030754
reached 0.0010976948408342481 0.721246399047171 0.000791708451204359
hot 0.0010976948408342481 0.958607314841775 0.0010522583038877881
joined 0.0010976948408342481 0.4685210829577449 0.0005142931755847914
kiss 0.0010976948408342481 1.3979400086720377 0.00153451153531508
shirt 0.0010976948408342481 1.6989700043360187 0.001864950608491788
teamed 0.0010976948408342481 1.2218487496163564 0.0013412170687336514
grey 0.0010976948408342481 1.5228787452803376 0.0016716561419103596
goose 0.0010976948408342481 2.0 0.0021953896816684962
essence 0.0010976948408342481 2.0 0.0021953896816684962
stream 0.0010976948408342481 2.0 0.0021953896816684962
virtual 0.0010976948408342481 1.2218487496163564 0.0013412170687336514
concert 0.0010976948408342481 0.853871964321762 0.0009372908499690034
bloom 0.0010976948408342481 2.0 0.0021953896816684962
july 0.0010976948408342481 0.37675070960209955 0.0004135573102108667
spectacle 0.0010976948408342481 2.0 0.0021953896816684962
drone 0.0010976948408342481 1.6989700043360187 0.001864950608491788
capture 0.0010976948408342481 2.0 0.0021953896816684962
footage 0.0010976948408342481 1.5228787452803376 0.0016716561419103596
million 0.0021953896816684962 0.5228787452803376 0.001147922602152223
live 0.0010976948408342481 0.431798275933005 0.0004739827397727827
viewer 0.0010976948408342481 1.3010299956639813 0.0014281339140109564
youtube 0.0010976948408342481 1.0969100130080565 0.0012040724621383717
environmental 0.0021953896816684962 1.0 0.0021953896816684962
activism 0.0010976948408342481 0.958607314841775 0.0010522583038877881
coordinated 0.0010976948408342481 1.2218487496163564 0.0013412170687336514
forest 0.0010976948408342481 2.0 0.0021953896816684962
tazo 0.0021953896816684962 2.0 0.0043907793633369925
form 0.0010976948408342481 0.7447274948966939 0.0008174835289755147
tree 0.0043907793633369925 3.0 0.013172338090010977
corp 0.0010976948408342481 1.0969100130080565 0.0012040724621383717
group 0.0021953896816684962 0.37675070960209955 0.0008271146204217334
employ 0.0010976948408342481 1.6989700043360187 0.001864950608491788
individual 0.0010976948408342481 1.0969100130080565 0.0012040724621383717
plant 0.0010976948408342481 1.3979400086720377 0.00153451153531508
effort 0.0010976948408342481 0.5376020021010439 0.0005901229441284785
intended 0.0010976948408342481 1.0 0.0010976948408342481
combat 0.0010976948408342481 1.2218487496163564 0.0013412170687336514
type 0.0010976948408342481 1.3979400086720377 0.00153451153531508
racism 0.0010976948408342481 0.853871964321762 0.0009372908499690034
affect 0.0010976948408342481 2.0 0.0021953896816684962
many 0.0010976948408342481 0.28399665636520083 0.0003117416645062578
brown 0.0010976948408342481 0.8239087409443188 0.0009044003742528198
neighborhood 0.0010976948408342481 1.5228787452803376 0.0016716561419103596
high 0.0010976948408342481 0.27572413039921095 0.00030266095543272334
rate 0.0010976948408342481 1.5228787452803376 0.0016716561419103596
air 0.0021953896816684962 0.8860566476931633 0.0019452396217193486
pollution 0.0010976948408342481 1.5228787452803376 0.0016716561419103596
clean 0.0010976948408342481 1.1549019599857433 0.0012677299231457118
conversation 0.0010976948408342481 1.2218487496163564 0.0013412170687336514
dumb 0.0010976948408342481 1.3979400086720377 0.00153451153531508
privilege 0.0010976948408342481 1.2218487496163564 0.0013412170687336514
something 0.0021953896816684962 0.07058107428570728 0.0001549529622079194
great 0.0010976948408342481 0.5228787452803376 0.0005739613010761115
add 0.0010976948408342481 1.3010299956639813 0.0014281339140109564
community 0.0010976948408342481 0.48148606012211254 0.0005285247641296515
equal 0.0010976948408342481 1.0969100130080565 0.0012040724621383717
whale 0.0010976948408342481 2.0 0.0021953896816684962
protect 0.0010976948408342481 0.721246399047171 0.000791708451204359
ocean 0.0010976948408342481 1.5228787452803376 0.0016716561419103596
advocated 0.0010976948408342481 1.0969100130080565 0.0012040724621383717
food 0.0010976948408342481 1.2218487496163564 0.0013412170687336514
desert 0.0010976948408342481 1.6989700043360187 0.001864950608491788
check 0.0010976948408342481 0.07058107428570728 7.74764811039597e-05
strive 0.0010976948408342481 0.07058107428570728 7.74764811039597e-05
accuracy 0.0010976948408342481 0.07058107428570728 7.74764811039597e-05
fairness 0.0010976948408342481 0.07058107428570728 7.74764811039597e-05
look 0.0010976948408342481 0.07058107428570728 7.74764811039597e-05
right 0.0010976948408342481 0.07058107428570728 7.74764811039597e-05
citation 0.0010976948408342481 0.07058107428570728 7.74764811039597e-05
information 0.0010976948408342481 0.07058107428570728 7.74764811039597e-05
article 0.0010976948408342481 0.07058107428570728 7.74764811039597e-05
title 0.0010976948408342481 0.07058107428570728 7.74764811039597e-05
author 0.0010976948408342481 0.06048074738138145 6.638940437034188e-05
com 0.0021953896816684962 0.06048074738138145 0.00013277880874068375
editor 0.0010976948408342481 0.1023729087095586 0.00011237421373167795
website 0.0021953896816684962 0.0655015487564323 0.0001438014242731774
url 0.0010976948408342481 0.07058107428570728 7.74764811039597e-05
access 0.0010976948408342481 0.07058107428570728 7.74764811039597e-05
publisher 0.0010976948408342481 0.07058107428570728 7.74764811039597e-05
e 0.0021953896816684962 0.04575749056067514 0.00010045552263594983
television 0.0021953896816684962 0.04575749056067514 0.00010045552263594983
network 0.0021953896816684962 0.04575749056067514 0.00010045552263594983
last 0.0010976948408342481 0.0655015487564323 7.19007121365887e-05
updated 0.0010976948408342481 0.07058107428570728 7.74764811039597e-05
january 0.0021953896816684962 0.2676062401770315 0.0005874999784347563
original 0.0010976948408342481 0.0655015487564323 7.19007121365887e-05
published 0.0010976948408342481 0.07058107428570728 7.74764811039597e-05
receive 0.0010976948408342481 0.05551732784983141 6.0941084357663465e-05
story 0.003293084522502744 0.05551732784983141 0.00018282325307299036
shaped 0.0021953896816684962 0.05551732784983141 0.00012188216871532693
person 0.009879253567508232 0.05060999335508724 0.0004999889574048136
chuck 0.0021953896816684962 1.2218487496163564 0.0026824341374673028
berry 0.0021953896816684962 1.3010299956639813 0.0028562678280219128
influential 0.0010976948408342481 0.6777807052660807 0.0007439963833875749
n 0.0010976948408342481 0.7695510786217261 0.0008447322487614996
roll 0.0010976948408342481 1.0 0.0010976948408342481
performer 0.0010976948408342481 1.1549019599857433 0.0012677299231457118
known 0.0043907793633369925 0.06048074738138145 0.0002655576174813675
including 0.0010976948408342481 0.2365720064370627 0.00025968387095177026
maybellene 0.0010976948408342481 1.5228787452803376 0.0016716561419103596
johnny 0.0010976948408342481 1.3010299956639813 0.0014281339140109564
goode 0.0010976948408342481 1.5228787452803376 0.0016716561419103596
miranda 0.0021953896816684962 2.0 0.0043907793633369925
lambert 0.0021953896816684962 1.6989700043360187 0.003729901216983576
winning 0.0010976948408342481 0.4202164033831899 0.00046126937802765084
country 0.0021953896816684962 0.27572413039921095 0.0006053219108654467
kerosene 0.0010976948408342481 2.0 0.0021953896816684962
crazy 0.0010976948408342481 1.2218487496163564 0.0013412170687336514
ex 0.0010976948408342481 0.9208187539523752 0.0010107779955569431
girlfriend 0.0010976948408342481 1.2218487496163564 0.0013412170687336514
maren 0.0021953896816684962 2.0 0.0043907793633369925
morris 0.0021953896816684962 1.6989700043360187 0.003729901216983576
church 0.0010976948408342481 0.619788758288394 0.0006803389223802349
akon 0.0021953896816684962 2.0 0.0043907793633369925
senegalese 0.0010976948408342481 2.0 0.0021953896816684962
vocalist 0.0010976948408342481 1.3010299956639813 0.0014281339140109564
style 0.0010976948408342481 0.8239087409443188 0.0009044003742528198
well 0.0010976948408342481 0.20065945054641826 0.00022026284362943827
collaboration 0.0010976948408342481 2.0 0.0021953896816684962
hip 0.0010976948408342481 1.1549019599857433 0.0012677299231457118
hop 0.0010976948408342481 1.3010299956639813 0.0014281339140109564
leif 0.0021953896816684962 2.0 0.0043907793633369925
garrett 0.0021953896816684962 1.6989700043360187 0.003729901216983576
actor 0.0010976948408342481 0.4685210829577449 0.0005142931755847914
rose 0.0021953896816684962 0.7447274948966939 0.0016349670579510294
fame 0.0021953896816684962 0.48148606012211254 0.001057049528259303
era 0.0010976948408342481 0.8239087409443188 0.0009044003742528198
teen 0.0010976948408342481 0.8860566476931633 0.0009726198108596743
idol 0.0010976948408342481 2.0 0.0021953896816684962
sheryl 0.0021953896816684962 2.0 0.0043907793633369925
crow 0.0021953896816684962 1.3010299956639813 0.0028562678280219128
began 0.0010976948408342481 0.20065945054641826 0.00022026284362943827
backup 0.0010976948408342481 2.0 0.0021953896816684962
garnered 0.0010976948408342481 1.5228787452803376 0.0016716561419103596
nine 0.0010976948408342481 0.8239087409443188 0.0009044003742528198
grammys 0.0010976948408342481 1.3010299956639813 0.0014281339140109564
sold 0.0010976948408342481 0.8860566476931633 0.0009726198108596743
unit 0.0010976948408342481 1.5228787452803376 0.0016716561419103596
worldwide 0.0010976948408342481 1.045757490560675 0.0011479226021522228
jewel 0.0021953896816684962 2.0 0.0043907793633369925
multi 0.0010976948408342481 0.6020599913279624 0.0006608781463534165
poet 0.0010976948408342481 1.2218487496163564 0.0013412170687336514
actress 0.0010976948408342481 0.6020599913279624 0.0006608781463534165
piece 0.0010976948408342481 1.6989700043360187 0.001864950608491788
yielded 0.0010976948408342481 2.0 0.0021953896816684962
save 0.0010976948408342481 1.1549019599857433 0.0012677299231457118
ciara 0.003293084522502744 2.0 0.006586169045005488
goody 0.0010976948408342481 2.0 0.0021953896816684962
followup 0.0010976948408342481 2.0 0.0021953896816684962
evolution 0.0010976948408342481 1.6989700043360187 0.001864950608491788
married 0.0010976948408342481 0.24412514432750856 0.00026797491144622235
nfl 0.0010976948408342481 1.5228787452803376 0.0016716561419103596
russell 0.0010976948408342481 1.3979400086720377 0.00153451153531508
wilson 0.0010976948408342481 1.3010299956639813 0.0014281339140109564
jack 0.0021953896816684962 0.853871964321762 0.0018745816999380068
dorsey 0.0021953896816684962 2.0 0.0043907793633369925
businessman 0.0010976948408342481 0.958607314841775 0.0010522583038877881
best 0.0010976948408342481 0.13667713987954408 0.00015002979130575642
founder 0.0010976948408342481 0.7958800173440752 0.0008736333889616633
social 0.0010976948408342481 0.5228787452803376 0.0005739613010761115
networking 0.0010976948408342481 1.6989700043360187 0.001864950608491788
site 0.0010976948408342481 0.853871964321762 0.0009372908499690034
twitter 0.0010976948408342481 1.0969100130080565 0.0012040724621383717
loading 0.0010976948408342481 0.04575749056067514 5.0227761317974915e-05
logo 0.0010976948408342481 0.04575749056067514 5.0227761317974915e-05
registered 0.0010976948408342481 0.04575749056067514 5.0227761317974915e-05
trademark 0.0010976948408342481 0.04575749056067514 5.0227761317974915e-05
llc 0.0010976948408342481 0.04575749056067514 5.0227761317974915e-05
close 0.0043907793633369925 0.04575749056067514 0.00020091104527189966
