personality 0.012323943661971832 2.853871964321762 0.035170957306782276
celebrity 0.01056338028169014 0.04575749056067514 0.00048335377352825854
chef 0.007042253521126761 3.3010299956639813 0.023246690110309727
supermodel 0.0035211267605633804 2.744727494896694 0.009664533432734839
biography 0.01056338028169014 0.04575749056067514 0.00048335377352825854
com 0.0017605633802816902 0.06048074738138145 0.00010648018905172791
skip 0.0017605633802816902 0.04575749056067514 8.055896225470976e-05
main 0.0017605633802816902 0.04575749056067514 8.055896225470976e-05
content 0.0017605633802816902 0.04575749056067514 8.055896225470976e-05
people 0.007042253521126761 0.04575749056067514 0.00032223584901883905
nostalgia 0.00528169014084507 0.04575749056067514 0.00024167688676412927
history 0.00528169014084507 0.04575749056067514 0.00024167688676412927
culture 0.00528169014084507 0.04575749056067514 0.00024167688676412927
crime 0.00528169014084507 0.04575749056067514 0.00024167688676412927
scandal 0.007042253521126761 0.04575749056067514 0.00032223584901883905
video 0.00528169014084507 0.04575749056067514 0.00024167688676412927
contact 0.0035211267605633804 0.04575749056067514 0.00016111792450941952
u 0.01056338028169014 0.20065945054641832 0.002119642083236813
advertise 0.0035211267605633804 0.04575749056067514 0.00016111792450941952
privacy 0.00528169014084507 0.04575749056067514 0.00024167688676412927
notice 0.0035211267605633804 0.04575749056067514 0.00016111792450941952
term 0.0035211267605633804 0.04575749056067514 0.00016111792450941952
use 0.00528169014084507 0.04575749056067514 0.00024167688676412927
copyright 0.0035211267605633804 0.04575749056067514 0.00016111792450941952
policy 0.0035211267605633804 0.04575749056067514 0.00016111792450941952
ad 0.0035211267605633804 0.04575749056067514 0.00016111792450941952
choice 0.0035211267605633804 0.04575749056067514 0.00016111792450941952
accessibility 0.0035211267605633804 0.04575749056067514 0.00016111792450941952
support 0.0035211267605633804 0.04575749056067514 0.00016111792450941952
setting 0.0017605633802816902 0.04575749056067514 8.055896225470976e-05
february 0.0017605633802816902 0.04575749056067514 8.055896225470976e-05
subscribe 0.0035211267605633804 0.04575749056067514 0.00016111792450941952
newsletter 0.00528169014084507 1.5686362358410129 0.0082850505414138
kim 0.00528169014084507 1.1549019599857433 0.006099834295699348
kardashian 0.01056338028169014 1.3010299956639813 0.01374327460208431
west 0.0017605633802816902 0.7695510786217261 0.0013548434482776868
gordon 0.0017605633802816902 1.3979400086720377 0.002461161987098658
ramsay 0.0017605633802816902 2.0 0.0035211267605633804
kris 0.0017605633802816902 2.0 0.0035211267605633804
jenner 0.00528169014084507 1.6989700043360187 0.008973433121493056
prince 0.0017605633802816902 0.6989700043360189 0.001230580993549329
michael 0.0017605633802816902 0.494850021680094 0.0008712148269015739
jackson 0.0017605633802816902 0.5228787452803376 0.0009205611712682
ii 0.0017605633802816902 0.48148606012211254 0.0008476867255670995
vanna 0.0017605633802816902 2.0 0.0035211267605633804
white 0.0017605633802816902 0.3872161432802645 0.0006817185621131417
paris 0.0017605633802816902 0.6020599913279624 0.0010599647734647227
hilton 0.0017605633802816902 1.5228787452803376 0.0026811245515498904
simon 0.0017605633802816902 1.6989700043360187 0.002991144373831019
cowell 0.0017605633802816902 2.0 0.0035211267605633804
talent 0.0017605633802816902 1.0 0.0017605633802816902
story 0.00528169014084507 0.05551732784983141 0.000293225323150518
name 0.0035211267605633804 0.05551732784983141 0.00019548354876701201
often 0.0017605633802816902 0.5376020021010439 0.0009464823980652182
three 0.0017605633802816902 0.2076083105017461 0.00036550758891152485
generate 0.0017605633802816902 1.3010299956639813 0.0022905457670140514
person 0.04225352112676056 0.05060999335508724 0.0021384504234543905
bella 0.0035211267605633804 0.0655015487564323 0.00023063925618462078
hadid 0.007042253521126761 0.0655015487564323 0.00046127851236924157
american 0.007042253521126761 0.1023729087095586 0.0007209359768278775
along 0.0017605633802816902 0.4202164033831899 0.0007398176115901231
sister 0.0017605633802816902 0.721246399047171 0.0012697999983224842
gigi 0.00528169014084507 1.5228787452803376 0.00804337365464967
reached 0.0017605633802816902 0.721246399047171 0.0012697999983224842
summit 0.0017605633802816902 1.045757490560675 0.0018411223425363998
fashion 0.00528169014084507 0.9208187539523752 0.004863479334255503
world 0.00528169014084507 0.04575749056067514 0.00024167688676412927
sasha 0.0035211267605633804 1.2218487496163564 0.004302284329635058
obama 0.014084507042253521 0.37675070960209955 0.005306348022564782
younger 0.0017605633802816902 0.585026652029182 0.0010299765000513768
daughter 0.007042253521126761 0.31875876262441283 0.0022447800184817804
former 0.007042253521126761 0.27572413039921095 0.0019417192281634575
president 0.017605633802816902 0.16749108729376372 0.002948786748129643
barack 0.0035211267605633804 0.3872161432802645 0.0013634371242262835
first 0.00528169014084507 0.0655015487564323 0.00034595888427693114
lady 0.0035211267605633804 0.6575773191777938 0.0023154130956964574
michelle 0.0035211267605633804 1.0 0.0035211267605633804
malia 0.0035211267605633804 1.2218487496163564 0.004302284329635058
older 0.0017605633802816902 0.721246399047171 0.0012697999983224842
jenna 0.0035211267605633804 1.3979400086720377 0.004922323974197316
bush 0.00528169014084507 0.7447274948966939 0.003933419867412116
hager 0.0035211267605633804 1.6989700043360187 0.005982288747662038
george 0.0035211267605633804 0.4685210829577449 0.0016497221230906511
w 0.0017605633802816902 0.6989700043360189 0.001230580993549329
worked 0.0017605633802816902 0.3098039199714864 0.0005454294365695183
teacher 0.0017605633802816902 0.6989700043360189 0.001230580993549329
journalist 0.0017605633802816902 1.3010299956639813 0.0022905457670140514
including 0.0017605633802816902 0.2365720064370627 0.00041650001133285684
reporting 0.0017605633802816902 1.6989700043360187 0.002991144373831019
today 0.0017605633802816902 0.7447274948966939 0.0013111399558040386
hunter 0.0035211267605633804 1.1549019599857433 0.004066556197132899
biden 0.01056338028169014 0.6575773191777938 0.006946239287089371
lawyer 0.0017605633802816902 0.48148606012211254 0.0008476867255670995
investment 0.0017605633802816902 0.853871964321762 0.0015032957118340882
banker 0.0017605633802816902 1.0 0.0017605633802816902
son 0.0035211267605633804 0.28399665636520083 0.000999988226638031
joe 0.0035211267605633804 0.5228787452803376 0.0018411223425364
late 0.0017605633802816902 0.3665315444204135 0.0006453020148246717
wife 0.0035211267605633804 0.3098039199714864 0.0010908588731390367
neilia 0.0017605633802816902 1.3979400086720377 0.002461161987098658
ashley 0.0035211267605633804 1.2218487496163564 0.004302284329635058
jill 0.0017605633802816902 1.3010299956639813 0.0022905457670140514
regis 0.0035211267605633804 2.0 0.007042253521126761
philbin 0.0035211267605633804 2.0 0.007042253521126761
well 0.0017605633802816902 0.20065945054641826 0.0003532736805394688
known 0.01584507042253521 0.06048074738138145 0.000958321701465551
tv 0.007042253521126761 0.5228787452803376 0.0036822446850728
co 0.0017605633802816902 0.4202164033831899 0.0007398176115901231
hosted 0.0017605633802816902 1.2218487496163564 0.002151142164817529
live 0.0017605633802816902 0.431798275933005 0.0007602082322764173
morning 0.0017605633802816902 0.958607314841775 0.0016876889345805897
program 0.0035211267605633804 0.5528419686577808 0.0019466266502034535
becoming 0.0017605633802816902 0.3372421683184259 0.0005937362118282147
host 0.0017605633802816902 0.853871964321762 0.0015032957118340882
game 0.00528169014084507 1.958607314841775 0.01034475694458684
show 0.01232394366197183 1.1726307269461747 0.01445143501518173
want 0.0017605633802816902 1.3010299956639813 0.0022905457670140514
millionaire 0.0017605633802816902 1.5228787452803376 0.0026811245515498904
james 0.00528169014084507 0.6020599913279624 0.0031798943203941673
holzhauer 0.0035211267605633804 2.0 0.007042253521126761
consecutive 0.0017605633802816902 1.2218487496163564 0.002151142164817529
jeopardy 0.0035211267605633804 2.0 0.007042253521126761
making 0.0017605633802816902 0.3979400086720376 0.0007005986068169676
second 0.0017605633802816902 0.19382002601611284 0.0003412324401692128
around 0.0017605633802816902 0.4559319556497244 0.0008026971050171204
champion 0.0017605633802816902 1.0969100130080565 0.0019311796003662967
earnings 0.0017605633802816902 1.6989700043360187 0.002991144373831019
totaled 0.0017605633802816902 2.0 0.0035211267605633804
million 0.0017605633802816902 0.5228787452803376 0.0009205611712682
receive 0.0017605633802816902 0.05551732784983141 9.774177438350601e-05
shaped 0.0035211267605633804 0.05551732784983141 0.00019548354876701201
life 0.0017605633802816902 0.05060999335508724 8.910210097726628e-05
sign 0.0017605633802816902 0.05551732784983141 9.774177438350601e-05
jojo 0.0035211267605633804 2.0 0.007042253521126761
siwa 0.0035211267605633804 2.0 0.007042253521126761
singer 0.0035211267605633804 0.4202164033831899 0.0014796352231802462
dancer 0.0017605633802816902 1.0969100130080565 0.0019311796003662967
youtube 0.0017605633802816902 1.0969100130080565 0.0019311796003662967
famous 0.0017605633802816902 0.494850021680094 0.0008712148269015739
donning 0.0017605633802816902 2.0 0.0035211267605633804
big 0.0017605633802816902 0.5228787452803376 0.0009205611712682
bow 0.0017605633802816902 2.0 0.0035211267605633804
hair 0.0017605633802816902 1.3979400086720377 0.002461161987098658
hit 0.0017605633802816902 0.3665315444204135 0.0006453020148246717
single 0.0017605633802816902 1.0 0.0017605633802816902
boomerang 0.0017605633802816902 2.0 0.0035211267605633804
hold 0.0017605633802816902 1.0 0.0017605633802816902
drama 0.0017605633802816902 1.0 0.0017605633802816902
model 0.0017605633802816902 1.0 0.0017605633802816902
walked 0.0017605633802816902 1.5228787452803376 0.0026811245515498904
runway 0.0017605633802816902 1.2218487496163564 0.002151142164817529
biggest 0.0017605633802816902 1.045757490560675 0.0018411223425363998
designer 0.0017605633802816902 1.6989700043360187 0.002991144373831019
industry 0.0017605633802816902 0.7958800173440752 0.0014011972136339353
graced 0.0017605633802816902 1.6989700043360187 0.002991144373831019
cover 0.0017605633802816902 1.3010299956639813 0.0022905457670140514
vogue 0.0035211267605633804 1.1549019599857433 0.004066556197132899
teen 0.0017605633802816902 0.8860566476931633 0.0015599588867837382
harper 0.0017605633802816902 1.2218487496163564 0.002151142164817529
bazaar 0.0017605633802816902 1.6989700043360187 0.002991144373831019
elle 0.0017605633802816902 1.6989700043360187 0.002991144373831019
glamour 0.0017605633802816902 1.6989700043360187 0.002991144373831019
khlo 0.00528169014084507 2.0 0.01056338028169014
reality 0.00528169014084507 1.0 0.00528169014084507
television 0.0035211267605633804 0.04575749056067514 0.00016111792450941952
starred 0.0017605633802816902 0.7695510786217261 0.0013548434482776868
keeping 0.0035211267605633804 1.045757490560675 0.0036822446850727996
kardashians 0.0035211267605633804 1.5228787452803376 0.005362249103099781
revenge 0.0017605633802816902 2.0 0.0035211267605633804
body 0.0017605633802816902 0.5686362358410126 0.0010011201335229096
stormy 0.0035211267605633804 1.6989700043360187 0.005982288747662038
daniel 0.0035211267605633804 1.3979400086720377 0.004922323974197316
adult 0.0017605633802816902 0.8860566476931633 0.0015599588867837382
film 0.0017605633802816902 0.6020599913279624 0.0010599647734647227
star 0.007042253521126761 0.32790214206428253 0.002309170014537201
whose 0.0017605633802816902 0.7695510786217261 0.0013548434482776868
alleged 0.0017605633802816902 0.958607314841775 0.0016876889345805897
affair 0.0017605633802816902 0.9208187539523752 0.0016211597780851677
donald 0.01056338028169014 0.494850021680094 0.0052272889614094434
trump 0.01232394366197183 0.5086383061657272 0.0062684298295072015
became 0.00528169014084507 0.07572071393811834 0.00039993334826470955
major 0.0017605633802816902 0.4202164033831899 0.0007398176115901231
potential 0.0017605633802816902 0.958607314841775 0.0016876889345805897
legal 0.0017605633802816902 0.5086383061657272 0.0008954899756438861
implication 0.0017605633802816902 2.0 0.0035211267605633804
attorney 0.0035211267605633804 0.494850021680094 0.0017424296538031479
revealed 0.0017605633802816902 0.5086383061657272 0.0008954899756438861
october 0.0017605633802816902 0.37675070960209955 0.0006632935028205978
paid 0.0017605633802816902 1.0 0.0017605633802816902
discus 0.0017605633802816902 1.1549019599857433 0.0020332780985664496
relationship 0.0017605633802816902 0.5228787452803376 0.0009205611712682
abby 0.0035211267605633804 2.0 0.007042253521126761
lee 0.0035211267605633804 0.7695510786217261 0.0027096868965553736
miller 0.0035211267605633804 1.2218487496163564 0.004302284329635058
tirade 0.0017605633802816902 2.0 0.0035211267605633804
tough 0.0017605633802816902 0.8860566476931633 0.0015599588867837382
training 0.0017605633802816902 1.0969100130080565 0.0019311796003662967
lifetime 0.0017605633802816902 0.7958800173440752 0.0014011972136339353
dance 0.0017605633802816902 1.1549019599857433 0.0020332780985664496
mom 0.0017605633802816902 2.0 0.0035211267605633804
sentenced 0.0017605633802816902 0.958607314841775 0.0016876889345805897
year 0.0017605633802816902 0.1307682802690238 0.00023022584554405597
day 0.0017605633802816902 0.2924298239020636 0.0005148412392641965
prison 0.0017605633802816902 0.6020599913279624 0.0010599647734647227
bankruptcy 0.0017605633802816902 1.3010299956639813 0.0022905457670140514
fraud 0.0017605633802816902 1.045757490560675 0.0018411223425363998
among 0.0017605633802816902 0.35654732351381263 0.0006277241611158674
charge 0.0017605633802816902 0.9208187539523752 0.0016211597780851677
steve 0.0035211267605633804 1.0969100130080565 0.0038623592007325934
bannon 0.0035211267605633804 2.0 0.007042253521126761
executive 0.0017605633802816902 0.5528419686577808 0.0009733133251017267
chairman 0.0017605633802816902 0.8860566476931633 0.0015599588867837382
breitbart 0.0017605633802816902 2.0 0.0035211267605633804
news 0.0017605633802816902 0.585026652029182 0.0010299765000513768
also 0.0035211267605633804 0.0861861476162833 0.00030347235076156096
served 0.0035211267605633804 0.2676062401770315 0.0009422754935810968
ceo 0.0017605633802816902 1.3979400086720377 0.002461161987098658
presidential 0.0017605633802816902 0.3665315444204135 0.0006453020148246717
campaign 0.0035211267605633804 0.3872161432802645 0.0013634371242262835
senior 0.0035211267605633804 1.0 0.0035211267605633804
counselor 0.0035211267605633804 1.3979400086720377 0.004922323974197316
th 0.0017605633802816902 0.2076083105017461 0.00036550758891152485
ree 0.0035211267605633804 2.0 0.007042253521126761
drummond 0.0035211267605633804 2.0 0.007042253521126761
blogger 0.0017605633802816902 2.0 0.0035211267605633804
book 0.0017605633802816902 0.585026652029182 0.0010299765000513768
author 0.0035211267605633804 0.06048074738138145 0.00021296037810345582
best 0.0017605633802816902 0.13667713987954408 0.00024062876739356352
pioneer 0.0017605633802816902 0.958607314841775 0.0016876889345805897
woman 0.0017605633802816902 0.3979400086720376 0.0007005986068169676
caitlyn 0.0035211267605633804 1.6989700043360187 0.005982288747662038
formerly 0.0017605633802816902 1.1549019599857433 0.0020332780985664496
bruce 0.0017605633802816902 1.0969100130080565 0.0019311796003662967
gold 0.0017605633802816902 0.853871964321762 0.0015032957118340882
medal 0.0017605633802816902 0.6575773191777938 0.0011577065478482287
winning 0.0017605633802816902 0.4202164033831899 0.0007398176115901231
track 0.0017605633802816902 0.8860566476931633 0.0015599588867837382
set 0.0017605633802816902 0.494850021680094 0.0008712148269015739
record 0.0017605633802816902 0.494850021680094 0.0008712148269015739
decathlon 0.0017605633802816902 1.6989700043360187 0.002991144373831019
summer 0.0017605633802816902 0.6989700043360189 0.001230580993549329
olympics 0.0017605633802816902 1.2218487496163564 0.002151142164817529
amal 0.0035211267605633804 1.6989700043360187 0.005982288747662038
alamuddin 0.0035211267605633804 2.0 0.007042253521126761
clooney 0.00528169014084507 1.6989700043360187 0.008973433121493056
activist 0.0017605633802816902 0.494850021680094 0.0008712148269015739
distinguished 0.0017605633802816902 1.3010299956639813 0.0022905457670140514
career 0.0017605633802816902 0.17392519729917358 0.00030620633327319295
focused 0.0017605633802816902 0.6989700043360189 0.001230580993549329
international 0.0017605633802816902 0.40893539297350084 0.000719956677770248
law 0.0017605633802816902 0.3665315444204135 0.0006453020148246717
human 0.0017605633802816902 0.8860566476931633 0.0015599588867837382
right 0.0017605633802816902 0.32790214206428253 0.0005772925036343003
issue 0.0017605633802816902 0.6989700043360189 0.001230580993549329
married 0.0035211267605633804 0.24412514432750856 0.0008595955786179879
actor 0.0035211267605633804 0.4685210829577449 0.0016497221230906511
ayesha 0.0035211267605633804 2.0 0.007042253521126761
curry 0.00528169014084507 1.6989700043360187 0.008973433121493056
entrepreneur 0.0017605633802816902 1.3979400086720377 0.002461161987098658
hosting 0.0017605633802816902 1.1549019599857433 0.0020332780985664496
cooking 0.0035211267605633804 1.3979400086720377 0.004922323974197316
culinary 0.0017605633802816902 2.0 0.0035211267605633804
product 0.0017605633802816902 1.5228787452803376 0.0026811245515498904
nba 0.0017605633802816902 2.0 0.0035211267605633804
superstar 0.0017605633802816902 0.853871964321762 0.0015032957118340882
stephen 0.0017605633802816902 1.0969100130080565 0.0019311796003662967
rupaul 0.007042253521126761 2.0 0.014084507042253521
drag 0.00528169014084507 1.5228787452803376 0.00804337365464967
queen 0.0017605633802816902 0.9208187539523752 0.0016211597780851677
race 0.0017605633802816902 0.619788758288394 0.0010911773913528063
jr 0.0035211267605633804 0.32790214206428253 0.0011545850072686005
oldest 0.0017605633802816902 1.1549019599857433 0.0020332780985664496
trustee 0.0017605633802816902 1.6989700043360187 0.002991144373831019
organization 0.0017605633802816902 0.6777807052660807 0.001193275889552959
kellyanne 0.0035211267605633804 1.6989700043360187 0.005982288747662038
conway 0.0035211267605633804 1.6989700043360187 0.005982288747662038
pollster 0.0017605633802816902 1.3010299956639813 0.0022905457670140514
political 0.0017605633802816902 0.3098039199714864 0.0005454294365695183
consultant 0.0017605633802816902 0.958607314841775 0.0016876889345805897
manager 0.0017605633802816902 0.9208187539523752 0.0016211597780851677
melanie 0.0035211267605633804 1.5228787452803376 0.005362249103099781
brown 0.0035211267605633804 0.8239087409443188 0.0029010871160011224
mel 0.0017605633802816902 2.0 0.0035211267605633804
b 0.0017605633802816902 0.37675070960209955 0.0006632935028205978
previously 0.0017605633802816902 0.7695510786217261 0.0013548434482776868
scary 0.0017605633802816902 1.6989700043360187 0.002991144373831019
spice 0.0035211267605633804 1.6989700043360187 0.005982288747662038
member 0.0017605633802816902 0.3010299956639812 0.0005299823867323613
girl 0.0035211267605633804 1.4948500216800942 0.005263556414366529
british 0.0017605633802816902 0.6989700043360189 0.001230580993549329
pop 0.0017605633802816902 0.5686362358410126 0.0010011201335229096
group 0.0017605633802816902 0.37675070960209955 0.0006632935028205978
julia 0.0035211267605633804 1.6989700043360187 0.005982288747662038
child 0.0035211267605633804 0.2924298239020636 0.001029682478528393
household 0.0017605633802816902 1.0 0.0017605633802816902
via 0.0017605633802816902 0.5086383061657272 0.0008954899756438861
groundbreaking 0.0017605633802816902 1.1549019599857433 0.0020332780985664496
cookbook 0.0017605633802816902 1.6989700043360187 0.002991144373831019
mastering 0.0017605633802816902 1.6989700043360187 0.002991144373831019
art 0.0017605633802816902 1.0969100130080565 0.0019311796003662967
french 0.0035211267605633804 1.1549019599857433 0.004066556197132899
popular 0.0017605633802816902 0.4685210829577449 0.0008248610615453256
businesswoman 0.0017605633802816902 1.3979400086720377 0.002461161987098658
creating 0.0017605633802816902 1.0 0.0017605633802816902
brand 0.0017605633802816902 1.3979400086720377 0.002461161987098658
kkw 0.0035211267605633804 1.6989700043360187 0.005982288747662038
beauty 0.0017605633802816902 1.3010299956639813 0.0022905457670140514
fragrance 0.0017605633802816902 1.6989700043360187 0.002991144373831019
skim 0.0017605633802816902 1.6989700043360187 0.002991144373831019
loading 0.0017605633802816902 0.04575749056067514 8.055896225470976e-05
see 0.0017605633802816902 0.04575749056067514 8.055896225470976e-05
logo 0.0017605633802816902 0.04575749056067514 8.055896225470976e-05
registered 0.0017605633802816902 0.04575749056067514 8.055896225470976e-05
trademark 0.0017605633802816902 0.04575749056067514 8.055896225470976e-05
e 0.0017605633802816902 0.04575749056067514 8.055896225470976e-05
network 0.0017605633802816902 0.04575749056067514 8.055896225470976e-05
llc 0.0017605633802816902 0.04575749056067514 8.055896225470976e-05
close 0.007042253521126761 0.04575749056067514 0.00032223584901883905
