famous 0.001876172607879925 0.494850021680094 0.0009284240556849794
people 0.0075046904315197 0.04575749056067514 0.0003433958015810517
biography 0.005628517823639775 0.04575749056067514 0.0002575468511857888
skip 0.001876172607879925 0.04575749056067514 8.584895039526293e-05
main 0.001876172607879925 0.04575749056067514 8.584895039526293e-05
content 0.001876172607879925 0.04575749056067514 8.584895039526293e-05
nostalgia 0.0075046904315197 0.04575749056067514 0.0003433958015810517
celebrity 0.005628517823639775 0.04575749056067514 0.0002575468511857888
history 0.0075046904315197 0.04575749056067514 0.0003433958015810517
culture 0.005628517823639775 0.04575749056067514 0.0002575468511857888
crime 0.005628517823639775 0.04575749056067514 0.0002575468511857888
scandal 0.005628517823639775 0.04575749056067514 0.0002575468511857888
video 0.0075046904315197 0.8696662315049939 0.006526575846191323
contact 0.00375234521575985 0.04575749056067514 0.00017169790079052586
u 0.005628517823639775 0.20065945054641832 0.0011294152938822796
advertise 0.00375234521575985 0.04575749056067514 0.00017169790079052586
privacy 0.005628517823639775 0.04575749056067514 0.0002575468511857888
notice 0.00375234521575985 0.04575749056067514 0.00017169790079052586
term 0.00375234521575985 0.04575749056067514 0.00017169790079052586
use 0.00375234521575985 0.04575749056067514 0.00017169790079052586
copyright 0.00375234521575985 0.04575749056067514 0.00017169790079052586
policy 0.00375234521575985 0.04575749056067514 0.00017169790079052586
ad 0.00375234521575985 0.04575749056067514 0.00017169790079052586
choice 0.00375234521575985 0.04575749056067514 0.00017169790079052586
accessibility 0.00375234521575985 0.04575749056067514 0.00017169790079052586
support 0.00375234521575985 0.04575749056067514 0.00017169790079052586
setting 0.001876172607879925 0.04575749056067514 8.584895039526293e-05
february 0.001876172607879925 0.04575749056067514 8.584895039526293e-05
subscribe 0.001876172607879925 0.04575749056067514 8.584895039526293e-05
newsletter 0.001876172607879925 0.04575749056067514 8.584895039526293e-05
person 0.0450281425891182 0.05060999335508724 0.002278873997227193
bella 0.00375234521575985 0.0655015487564323 0.00024578442310105926
hadid 0.00375234521575985 0.0655015487564323 0.00024578442310105926
american 0.028142589118198873 0.1023729087095586 0.002881038706647991
supermodel 0.001876172607879925 1.2218487496163564 0.0022923991550025447
along 0.001876172607879925 0.4202164033831899 0.0007883985054093619
sister 0.001876172607879925 0.721246399047171 0.0013531827374243359
gigi 0.001876172607879925 1.5228787452803376 0.002857183387017519
reached 0.00375234521575985 0.721246399047171 0.0027063654748486717
summit 0.001876172607879925 1.045757490560675 0.001962021558275188
fashion 0.00375234521575985 0.9208187539523752 0.0034552298459751417
world 0.005628517823639775 0.04575749056067514 0.0002575468511857888
sadie 0.00375234521575985 0.06048074738138145 0.00022694464308210675
alexander 0.00375234521575985 0.05551732784983141 0.00020832017954908598
economist 0.001876172607879925 1.5228787452803376 0.002857183387017519
lawyer 0.001876172607879925 0.48148606012211254 0.0009033509570771343
civil 0.001876172607879925 0.3467874862246563 0.000650633182410237
right 0.001876172607879925 0.32790214206428253 0.0006152010170061586
advocate 0.001876172607879925 0.9208187539523752 0.0017276149229875709
achieved 0.001876172607879925 0.8239087409443188 0.001545795011152568
multiple 0.001876172607879925 0.721246399047171 0.0013531827374243359
first 0.016885553470919325 1.46344155742847 0.024711020669523884
black 0.0075046904315197 0.3872161432802645 0.002905937285405362
woman 0.005628517823639775 0.7958800173440752 0.0044796248630998604
th 0.001876172607879925 0.2076083105017461 0.0003895090253316062
century 0.001876172607879925 0.494850021680094 0.0009284240556849794
adrienne 0.00375234521575985 0.0655015487564323 0.00024578442310105926
kennedy 0.00375234521575985 0.06048074738138145 0.00022694464308210675
playwright 0.001876172607879925 1.5228787452803376 0.002857183387017519
influenced 0.001876172607879925 1.0 0.001876172607879925
theater 0.001876172607879925 1.045757490560675 0.001962021558275188
complex 0.001876172607879925 1.5228787452803376 0.002857183387017519
time 0.001876172607879925 0.37675070960209955 0.0007068493613547834
surrealist 0.001876172607879925 2.0 0.00375234521575985
work 0.001876172607879925 0.2218487496163564 0.0004162265471226199
center 0.001876172607879925 1.3979400086720377 0.0026227767517299017
amanda 0.00375234521575985 1.6989700043360187 0.006375121967489752
gorman 0.00375234521575985 1.6989700043360187 0.006375121967489752
poet 0.001876172607879925 1.2218487496163564 0.0022923991550025447
activist 0.00375234521575985 0.494850021680094 0.0018568481113699587
worldwide 0.001876172607879925 1.045757490560675 0.001962021558275188
audience 0.001876172607879925 1.2218487496163564 0.0022923991550025447
read 0.001876172607879925 0.0655015487564323 0.00012289221155052963
poem 0.001876172607879925 1.6989700043360187 0.003187560983744876
hill 0.001876172607879925 0.8860566476931633 0.0016623952114318261
climb 0.001876172607879925 1.3979400086720377 0.0026227767517299017
inauguration 0.001876172607879925 1.0 0.001876172607879925
president 0.00375234521575985 0.16749108729376372 0.0006284843800891697
joe 0.001876172607879925 0.5228787452803376 0.0009810107791375941
biden 0.001876172607879925 0.6575773191777938 0.0012337285538044913
sza 0.00375234521575985 1.6989700043360187 0.006375121967489752
singer 0.01125703564727955 0.4202164033831899 0.004730391032456171
songwriter 0.0075046904315197 0.8860566476931633 0.006649580845727305
music 0.00375234521575985 0.4559319556497244 0.0017108140924942754
blend 0.001876172607879925 1.6989700043360187 0.003187560983744876
r 0.00375234521575985 0.5086383061657272 0.0019085865146931604
b 0.00375234521575985 0.37675070960209955 0.0014136987227095668
rock 0.00375234521575985 0.721246399047171 0.0027063654748486717
soul 0.001876172607879925 0.853871964321762 0.0016020111900971145
album 0.005628517823639775 0.5528419686577808 0.003111680874246421
ctrl 0.001876172607879925 1.6989700043360187 0.003187560983744876
certified 0.001876172607879925 1.5228787452803376 0.002857183387017519
platinum 0.001876172607879925 1.1549019599857433 0.0021667954221120888
willow 0.00375234521575985 1.5228787452803376 0.005714366774035038
smith 0.00375234521575985 1.1549019599857433 0.0043335908442241776
musician 0.00375234521575985 0.6575773191777938 0.0024674571076089826
child 0.001876172607879925 0.2924298239020636 0.0005486488253322019
hollywood 0.001876172607879925 0.7958800173440752 0.0014932082876999535
royalty 0.001876172607879925 1.5228787452803376 0.002857183387017519
made 0.00375234521575985 0.1804560644581313 0.0006771334501243201
name 0.001876172607879925 0.05551732784983141 0.00010416008977454299
pop 0.001876172607879925 0.5686362358410126 0.0010668597295328567
well 0.00375234521575985 0.20065945054641826 0.0007529435292548528
joining 0.001876172607879925 0.7695510786217261 0.001443810654074533
mother 0.001876172607879925 0.21467016498923297 0.000402758283281863
grandmother 0.001876172607879925 0.6777807052660807 0.0012716335933697575
talk 0.005628517823639775 2.0 0.01125703564727955
show 0.00375234521575985 0.494850021680094 0.0018568481113699587
red 0.001876172607879925 0.8239087409443188 0.001545795011152568
table 0.001876172607879925 1.5228787452803376 0.002857183387017519
lil 0.00375234521575985 1.3979400086720377 0.005245553503459803
na 0.00375234521575985 1.6989700043360187 0.006375121967489752
x 0.00375234521575985 0.4559319556497244 0.0017108140924942754
rapper 0.005628517823639775 1.2218487496163564 0.006877197465007635
song 0.00375234521575985 1.337242168318426 0.005017794252601973
old 0.001876172607879925 0.28399665636520083 0.0005328267474018777
town 0.001876172607879925 0.9208187539523752 0.0017276149229875709
road 0.00375234521575985 0.853871964321762 0.003204022380194229
became 0.001876172607879925 0.07572071393811834 0.00014206512933980926
viral 0.001876172607879925 1.3010299956639813 0.002440956839894899
hit 0.005628517823639775 0.3665315444204135 0.0020630293306965115
montero 0.001876172607879925 1.6989700043360187 0.003187560983744876
also 0.001876172607879925 0.0861861476162833 0.00016170008933636643
success 0.00375234521575985 0.431798275933005 0.0016202561948705629
robert 0.00375234521575985 0.5528419686577808 0.0020744539161642807
durst 0.00375234521575985 1.6989700043360187 0.006375121967489752
real 0.001876172607879925 0.6989700043360189 0.0013113883758649508
estate 0.001876172607879925 0.853871964321762 0.0016020111900971145
scion 0.001876172607879925 1.6989700043360187 0.003187560983744876
earned 0.00375234521575985 0.40893539297350084 0.00153446676537899
notoriety 0.001876172607879925 1.2218487496163564 0.0022923991550025447
disappearance 0.001876172607879925 1.2218487496163564 0.0022923991550025447
wife 0.001876172607879925 0.3098039199714864 0.0005812456284643271
acquittal 0.001876172607879925 1.3010299956639813 0.002440956839894899
murder 0.001876172607879925 0.853871964321762 0.0016020111900971145
texas 0.001876172607879925 0.619788758288394 0.0011628306909725965
man 0.001876172607879925 0.37675070960209955 0.0007068493613547834
charged 0.001876172607879925 0.7695510786217261 0.001443810654074533
murdering 0.001876172607879925 1.6989700043360187 0.003187560983744876
longtime 0.001876172607879925 0.7447274948966939 0.0013972373262602137
friend 0.001876172607879925 0.638272163982407 0.0011975087504360357
bob 0.00375234521575985 1.045757490560675 0.003924043116550376
saget 0.00375234521575985 2.0 0.0075046904315197
comedic 0.001876172607879925 2.0 0.00375234521575985
tv 0.00375234521575985 0.5228787452803376 0.0019620215582751882
personality 0.001876172607879925 0.853871964321762 0.0016020111900971145
actor 0.00375234521575985 0.4685210829577449 0.0017580528441191179
found 0.00375234521575985 0.3372421683184259 0.0012654490368421234
sitcom 0.001876172607879925 1.3979400086720377 0.0026227767517299017
full 0.001876172607879925 0.3010299956639812 0.0005647842320149741
house 0.001876172607879925 0.32790214206428253 0.0006152010170061586
later 0.001876172607879925 0.09151498112135023 0.00017169790079052575
america 0.001876172607879925 0.37675070960209955 0.0007068493613547834
funniest 0.001876172607879925 2.0 0.00375234521575985
home 0.001876172607879925 0.31875876262441283 0.0005980464589576225
lizzo 0.00375234521575985 2.0 0.0075046904315197
classically 0.001876172607879925 2.0 0.00375234521575985
trained 0.001876172607879925 1.2218487496163564 0.0022923991550025447
flutist 0.001876172607879925 2.0 0.00375234521575985
whose 0.005628517823639775 0.7695510786217261 0.004331431962223599
race 0.001876172607879925 0.619788758288394 0.0011628306909725965
sexuality 0.001876172607879925 1.5228787452803376 0.002857183387017519
body 0.001876172607879925 0.5686362358410126 0.0010668597295328567
confidence 0.001876172607879925 1.5228787452803376 0.002857183387017519
dua 0.00375234521575985 2.0 0.0075046904315197
lipa 0.00375234521575985 2.0 0.0075046904315197
british 0.00375234521575985 0.6989700043360189 0.0026227767517299017
kosovar 0.001876172607879925 2.0 0.00375234521575985
albanian 0.001876172607879925 2.0 0.00375234521575985
grammy 0.00375234521575985 0.6575773191777938 0.0024674571076089826
award 0.00375234521575985 0.494850021680094 0.0018568481113699587
winner 0.001876172607879925 0.853871964321762 0.0016020111900971145
captivated 0.001876172607879925 2.0 0.00375234521575985
listener 0.001876172607879925 1.6989700043360187 0.003187560983744876
single 0.00375234521575985 0.585026652029182 0.0021952219588337036
new 0.001876172607879925 0.14266750356873154 0.0002676688622302655
rule 0.001876172607879925 1.0 0.001876172607879925
future 0.001876172607879925 0.721246399047171 0.0013531827374243359
olivia 0.00375234521575985 1.5228787452803376 0.005714366774035038
rodrigo 0.00375234521575985 1.6989700043360187 0.006375121967489752
actress 0.005628517823639775 0.6020599913279624 0.0033887053920898446
fame 0.001876172607879925 0.48148606012211254 0.0009033509570771343
high 0.00375234521575985 0.27572413039921095 0.0010346121215730243
school 0.001876172607879925 0.14874165128092467 0.0002790650117840988
musical 0.00375234521575985 0.48148606012211254 0.0018067019141542685
series 0.001876172607879925 0.37675070960209955 0.0007068493613547834
releasing 0.001876172607879925 1.1549019599857433 0.0021667954221120888
driver 0.001876172607879925 1.6989700043360187 0.003187560983744876
license 0.001876172607879925 1.3979400086720377 0.0026227767517299017
megan 0.0075046904315197 1.6989700043360187 0.012750243934979503
thee 0.00375234521575985 1.6989700043360187 0.006375121967489752
stallion 0.00375234521575985 1.6989700043360187 0.006375121967489752
winning 0.00375234521575985 0.4202164033831899 0.0015767970108187237
best 0.001876172607879925 0.13667713987954408 0.0002564299059653735
known 0.00375234521575985 0.06048074738138145 0.00022694464308210675
savage 0.001876172607879925 1.3979400086720377 0.0026227767517299017
wap 0.001876172607879925 2.0 0.00375234521575985
hot 0.001876172607879925 0.958607314841775 0.0017985127858194652
girl 0.00375234521575985 0.6989700043360189 0.0026227767517299017
summer 0.00375234521575985 0.6989700043360189 0.0026227767517299017
bowen 0.00375234521575985 2.0 0.0075046904315197
yang 0.00375234521575985 1.5228787452803376 0.005714366774035038
comedian 0.001876172607879925 1.1549019599857433 0.0021667954221120888
podcaster 0.001876172607879925 2.0 0.00375234521575985
chinese 0.001876172607879925 1.3979400086720377 0.0026227767517299017
cast 0.001876172607879925 1.045757490560675 0.001962021558275188
member 0.00375234521575985 0.3010299956639812 0.0011295684640299482
saturday 0.001876172607879925 1.1549019599857433 0.0021667954221120888
night 0.001876172607879925 0.638272163982407 0.0011975087504360357
live 0.001876172607879925 0.431798275933005 0.0008101280974352814
arturo 0.00375234521575985 2.0 0.0075046904315197
alfonso 0.00375234521575985 2.0 0.0075046904315197
schomburg 0.00375234521575985 2.0 0.0075046904315197
afro 0.001876172607879925 1.6989700043360187 0.003187560983744876
puerto 0.00375234521575985 1.6989700043360187 0.006375121967489752
rican 0.00375234521575985 2.0 0.0075046904315197
historian 0.001876172607879925 1.6989700043360187 0.003187560983744876
moved 0.001876172607879925 0.3872161432802645 0.0007264843213513405
united 0.001876172607879925 0.18708664335714445 0.00035100683556687514
state 0.001876172607879925 0.20065945054641826 0.0003764717646274264
spent 0.001876172607879925 0.48148606012211254 0.0009033509570771343
life 0.001876172607879925 0.0861861476162833 0.00016170008933636643
collecting 0.001876172607879925 1.6989700043360187 0.003187560983744876
material 0.001876172607879925 1.5228787452803376 0.002857183387017519
demonstrating 0.001876172607879925 1.6989700043360187 0.003187560983744876
accomplishment 0.001876172607879925 0.8860566476931633 0.0016623952114318261
african 0.001876172607879925 0.28399665636520083 0.0005328267474018777
diaspora 0.001876172607879925 2.0 0.00375234521575985
scope 0.001876172607879925 1.5228787452803376 0.002857183387017519
carolina 0.00375234521575985 0.7958800173440752 0.002986416575399907
herrera 0.00375234521575985 2.0 0.0075046904315197
venezuelan 0.001876172607879925 1.3979400086720377 0.0026227767517299017
designer 0.001876172607879925 1.1549019599857433 0.0021667954221120888
collection 0.001876172607879925 0.853871964321762 0.0016020111900971145
debuted 0.001876172607879925 1.2218487496163564 0.0022923991550025447
since 0.001876172607879925 0.3372421683184259 0.0006327245184210617
led 0.001876172607879925 0.37675070960209955 0.0007068493613547834
company 0.001876172607879925 0.494850021680094 0.0009284240556849794
become 0.00375234521575985 0.3372421683184259 0.0012654490368421234
global 0.001876172607879925 0.8239087409443188 0.001545795011152568
brand 0.001876172607879925 1.1549019599857433 0.0021667954221120888
bad 0.00375234521575985 0.6020599913279624 0.0022591369280598964
bunny 0.00375234521575985 2.0 0.0075046904315197
spanish 0.001876172607879925 1.2218487496163564 0.0022923991550025447
record 0.00375234521575985 1.193820026016113 0.0044796248630998604
reach 0.001876172607879925 1.3010299956639813 0.002440956839894899
billboard 0.001876172607879925 1.0 0.001876172607879925
zaya 0.00375234521575985 1.6989700043360187 0.006375121967489752
wade 0.00375234521575985 1.5228787452803376 0.005714366774035038
stepped 0.001876172607879925 1.0969100130080565 0.0020579925197149276
public 0.001876172607879925 0.2596373105057561 0.00048712440995451426
arena 0.001876172607879925 0.9208187539523752 0.0017276149229875709
trans 0.001876172607879925 1.3010299956639813 0.002440956839894899
young 0.001876172607879925 0.3010299956639812 0.0005647842320149741
transgender 0.001876172607879925 1.0969100130080565 0.0020579925197149276
community 0.001876172607879925 0.48148606012211254 0.0009033509570771343
coco 0.00375234521575985 2.0 0.0075046904315197
gauff 0.00375234521575985 2.0 0.0075046904315197
professional 0.001876172607879925 0.8239087409443188 0.001545795011152568
tennis 0.001876172607879925 1.3010299956639813 0.002440956839894899
player 0.001876172607879925 0.958607314841775 0.0017985127858194652
rose 0.001876172607879925 0.7447274948966939 0.0013972373262602137
prominence 0.001876172607879925 1.3010299956639813 0.002440956839894899
win 0.001876172607879925 0.585026652029182 0.0010976109794168518
venus 0.001876172607879925 2.0 0.00375234521575985
williams 0.001876172607879925 0.8860566476931633 0.0016623952114318261
wimbledon 0.001876172607879925 1.6989700043360187 0.003187560983744876
zo 0.00375234521575985 2.0 0.0075046904315197
kravitz 0.00375234521575985 2.0 0.0075046904315197
writer 0.001876172607879925 0.6989700043360189 0.0013113883758649508
director 0.001876172607879925 0.5686362358410126 0.0010668597295328567
project 0.001876172607879925 1.045757490560675 0.001962021558275188
include 0.001876172607879925 0.619788758288394 0.0011628306909725965
fidelity 0.001876172607879925 2.0 0.00375234521575985
big 0.001876172607879925 0.5228787452803376 0.0009810107791375941
little 0.00375234521575985 0.6989700043360189 0.0026227767517299017
lie 0.001876172607879925 1.2218487496163564 0.0022923991550025447
mad 0.001876172607879925 1.3010299956639813 0.002440956839894899
max 0.001876172607879925 2.0 0.00375234521575985
fury 0.001876172607879925 1.5228787452803376 0.002857183387017519
batman 0.001876172607879925 2.0 0.00375234521575985
rapinoe 0.00375234521575985 2.0 0.0075046904315197
soccer 0.001876172607879925 1.3979400086720377 0.0026227767517299017
champion 0.001876172607879925 1.0969100130080565 0.0020579925197149276
two 0.001876172607879925 0.11918640771920867 0.00022361427339438777
cup 0.001876172607879925 1.2218487496163564 0.0022923991550025447
title 0.001876172607879925 1.3979400086720377 0.0026227767517299017
olympic 0.001876172607879925 1.3010299956639813 0.002440956839894899
gold 0.005628517823639775 0.853871964321762 0.004806033570291344
medal 0.0075046904315197 2.3565473235138126 0.01768515815019747
florence 0.00375234521575985 1.6989700043360187 0.006375121967489752
pugh 0.00375234521575985 2.0 0.0075046904315197
starred 0.001876172607879925 0.7695510786217261 0.001443810654074533
midsommar 0.001876172607879925 2.0 0.00375234521575985
widow 0.001876172607879925 1.1549019599857433 0.0021667954221120888
academy 0.001876172607879925 0.6020599913279624 0.0011295684640299482
nomination 0.001876172607879925 0.5086383061657272 0.0009542932573465802
role 0.001876172607879925 0.3665315444204135 0.0006876764435655038
katie 0.00375234521575985 1.6989700043360187 0.006375121967489752
ledecky 0.00375234521575985 2.0 0.0075046904315197
swimmer 0.001876172607879925 1.6989700043360187 0.003187560983744876
olympics 0.00375234521575985 1.2218487496163564 0.0045847983100050895
shattering 0.001876172607879925 2.0 0.00375234521575985
numerous 0.001876172607879925 0.721246399047171 0.0013531827374243359
continued 0.001876172607879925 0.3372421683184259 0.0006327245184210617
streak 0.001876172607879925 1.3979400086720377 0.0026227767517299017
earning 0.001876172607879925 0.6989700043360189 0.0013113883758649508
four 0.001876172607879925 0.28399665636520083 0.0005328267474018777
one 0.001876172607879925 0.08092190762392613 0.00015182346646139987
silver 0.001876172607879925 1.3010299956639813 0.002440956839894899
sasha 0.00375234521575985 1.2218487496163564 0.0045847983100050895
obama 0.0075046904315197 0.37675070960209955 0.0028273974454191336
younger 0.001876172607879925 0.585026652029182 0.0010976109794168518
daughter 0.001876172607879925 0.31875876262441283 0.0005980464589576225
former 0.001876172607879925 0.27572413039921095 0.0005173060607865121
barack 0.001876172607879925 0.3872161432802645 0.0007264843213513405
lady 0.001876172607879925 0.6575773191777938 0.0012337285538044913
michelle 0.001876172607879925 1.0 0.001876172607879925
loading 0.001876172607879925 0.04575749056067514 8.584895039526293e-05
see 0.001876172607879925 0.04575749056067514 8.584895039526293e-05
logo 0.001876172607879925 0.04575749056067514 8.584895039526293e-05
registered 0.001876172607879925 0.04575749056067514 8.584895039526293e-05
trademark 0.001876172607879925 0.04575749056067514 8.584895039526293e-05
e 0.001876172607879925 0.04575749056067514 8.584895039526293e-05
television 0.001876172607879925 0.04575749056067514 8.584895039526293e-05
network 0.001876172607879925 0.04575749056067514 8.584895039526293e-05
llc 0.001876172607879925 0.04575749056067514 8.584895039526293e-05
close 0.0075046904315197 0.04575749056067514 0.0003433958015810517
