conrad 0.012448132780082987 1.0 0.012448132780082987
murray 0.04149377593360996 1.0969100130080565 0.04551493829908948
michael 0.009128630705394191 0.494850021680094 0.004517303102473887
jackson 0.030705394190871368 0.5228787452803376 0.016055197987860988
trial 0.0033195020746887966 0.7447274948966939 0.0024721244643873654
jail 0.0024896265560165973 1.0969100130080565 0.0027308962979453685
biography 0.008298755186721992 0.04575749056067514 0.0003797302121217854
skip 0.0008298755186721991 0.04575749056067514 3.797302121217854e-05
main 0.0008298755186721991 0.04575749056067514 3.797302121217854e-05
content 0.0008298755186721991 0.04575749056067514 3.797302121217854e-05
people 0.004149377593360996 0.04575749056067514 0.0001898651060608927
nostalgia 0.0024896265560165973 0.04575749056067514 0.00011391906363653562
celebrity 0.0024896265560165973 0.04575749056067514 0.00011391906363653562
history 0.0024896265560165973 0.04575749056067514 0.00011391906363653562
culture 0.0024896265560165973 0.04575749056067514 0.00011391906363653562
crime 0.0024896265560165973 0.04575749056067514 0.00011391906363653562
scandal 0.0033195020746887966 0.04575749056067514 0.00015189208484871417
video 0.0033195020746887966 0.04575749056067514 0.00015189208484871417
contact 0.0024896265560165973 0.04575749056067514 0.00011391906363653562
u 0.0033195020746887966 0.20065945054641832 0.0006660894623947496
advertise 0.0016597510373443983 0.04575749056067514 7.594604242435709e-05
privacy 0.0024896265560165973 0.04575749056067514 0.00011391906363653562
notice 0.0016597510373443983 0.04575749056067514 7.594604242435709e-05
term 0.0016597510373443983 0.04575749056067514 7.594604242435709e-05
use 0.0033195020746887966 0.04575749056067514 0.00015189208484871417
copyright 0.0016597510373443983 0.04575749056067514 7.594604242435709e-05
policy 0.0016597510373443983 0.04575749056067514 7.594604242435709e-05
ad 0.0016597510373443983 0.04575749056067514 7.594604242435709e-05
choice 0.0016597510373443983 0.04575749056067514 7.594604242435709e-05
accessibility 0.0016597510373443983 0.04575749056067514 7.594604242435709e-05
support 0.0033195020746887966 0.04575749056067514 0.00015189208484871417
setting 0.0008298755186721991 0.04575749056067514 3.797302121217854e-05
february 0.0024896265560165973 0.04575749056067514 0.00011391906363653562
subscribe 0.0016597510373443983 0.04575749056067514 7.594604242435709e-05
newsletter 0.0024896265560165973 0.04575749056067514 0.00011391906363653562
photo 0.0008298755186721991 0.12493873660829993 0.00010368359884506218
kevork 0.0008298755186721991 2.0 0.0016597510373443983
djansezian 0.0008298755186721991 2.0 0.0016597510373443983
getty 0.0008298755186721991 0.2291479883578558 0.00019016430569116663
image 0.0016597510373443983 1.4436974992327127 0.0023961784219630085
quick 0.0008298755186721991 0.07058107428570728 5.857350563129235e-05
fact 0.0024896265560165973 0.14116214857141457 0.0003514410337877541
name 0.0033195020746887966 0.05551732784983141 0.0001842898849786935
birth 0.0016597510373443983 0.07058107428570728 0.0001171470112625847
date 0.0033195020746887966 0.07058107428570728 0.0002342940225251694
age 0.0033195020746887966 0.11350927482751813 0.00037679427328636723
education 0.0016597510373443983 0.19382002601611284 0.0003216929892383616
mayo 0.0016597510373443983 2.0 0.0033195020746887966
clinic 0.0024896265560165973 1.6989700043360187 0.004229800840670586
meharry 0.0016597510373443983 2.0 0.0033195020746887966
medical 0.009128630705394191 0.7447274948966939 0.006798342277065256
college 0.0024896265560165973 0.40893539297350084 0.0010180964140419108
texas 0.0024896265560165973 0.619788758288394 0.0015430425517553375
southern 0.0016597510373443983 0.6575773191777938 0.0010914146376394917
university 0.004149377593360996 0.2596373105057561 0.0010773332386130958
place 0.0008298755186721991 0.07572071393811834 6.283876675362518e-05
st 0.0016597510373443983 0.721246399047171 0.001197089458999454
andrew 0.0024896265560165973 2.0 0.004979253112033195
grenada 0.0016597510373443983 2.0 0.0033195020746887966
full 0.0008298755186721991 0.3010299956639812 0.00024981742378753626
robert 0.0016597510373443983 0.5528419686577808 0.000917580030967271
zodiac 0.0008298755186721991 0.3010299956639812 0.00024981742378753626
sign 0.0016597510373443983 0.05551732784983141 9.214494248934674e-05
pisces 0.0008298755186721991 1.0969100130080565 0.0009102987659817895
early 0.0024896265560165973 0.07572071393811834 0.00018851630026087553
life 0.0058091286307053935 0.13679614097137055 0.0007946663790867998
training 0.004149377593360996 1.0969100130080565 0.004551493829908948
practicing 0.0016597510373443983 1.1549019599857433 0.0019168497261174162
medicine 0.004979253112033195 1.5228787452803376 0.007582798731686328
la 0.004149377593360996 2.3010299956639813 0.009547842305659674
vega 0.004149377593360996 1.3010299956639813 0.005398464712298677
treating 0.0024896265560165973 2.0 0.004979253112033195
king 0.0024896265560165973 0.4685210829577449 0.001166442530185257
pop 0.005809128630705394 0.5686362358410126 0.0033032810380805716
death 0.007468879668049793 0.2365720064370627 0.0017669278489075224
investigation 0.0016597510373443983 0.958607314841775 0.0015910494852145643
indictment 0.0016597510373443983 1.5228787452803376 0.0025275995772287762
cite 0.0008298755186721991 0.07058107428570728 5.857350563129235e-05
page 0.0008298755186721991 0.07058107428570728 5.857350563129235e-05
publish 0.0008298755186721991 0.07058107428570728 5.857350563129235e-05
apr 0.0008298755186721991 0.5528419686577808 0.0004587900154836355
comment 0.0016597510373443983 0.07058107428570728 0.0001171470112625847
found 0.0033195020746887966 0.3372421683184259 0.0011194760774055632
guilty 0.0024896265560165973 0.7958800173440752 0.0019814440265827596
involuntary 0.0024896265560165973 1.3979400086720377 0.0034803485693079774
manslaughter 0.0033195020746887966 1.3010299956639813 0.004318771769838942
november 0.0033195020746887966 0.24412514432750856 0.0008103739230788666
moved 0.0008298755186721991 0.3872161432802645 0.0003213411977429581
united 0.0016597510373443983 0.18708664335714445 0.00031051725038530196
state 0.0016597510373443983 0.20065945054641826 0.0003330447311973747
opened 0.0008298755186721991 1.0969100130080565 0.0009102987659817895
private 0.0024896265560165973 0.6020599913279624 0.0014989045427252175
practice 0.0024896265560165973 0.9208187539523752 0.0022924948231179466
hired 0.0016597510373443983 1.3010299956639813 0.002159385884919471
personal 0.0016597510373443983 0.3372421683184259 0.0005597380387027816
physician 0.0024896265560165973 0.8239087409443188 0.002051225081189175
concert 0.0016597510373443983 0.853871964321762 0.0014172148785423437
tour 0.0016597510373443983 0.7447274948966939 0.0012360622321936827
june 0.0024896265560165973 0.28399665636520083 0.000707045617506724
died 0.0016597510373443983 0.31875876262441283 0.000529060186928486
prescription 0.0024896265560165973 3.3010299956639813 0.008218331939412401
drug 0.005809128630705394 1.6575773191777938 0.009629079862443615
overdose 0.0008298755186721991 1.0969100130080565 0.0009102987659817895
sentenced 0.0008298755186721991 0.958607314841775 0.0007955247426072821
four 0.0016597510373443983 0.28399665636520083 0.00047136374500448267
year 0.005809128630705394 0.11918640771920867 0.0006923691734725815
prison 0.0016597510373443983 0.6020599913279624 0.000999269695150145
served 0.0016597510373443983 0.2676062401770315 0.0004441597347336622
two 0.006639004149377593 0.11918640771920867 0.0007912790553972359
los 0.004149377593360996 0.6020599913279624 0.0024981742378753628
angeles 0.004149377593360996 0.6020599913279624 0.0024981742378753628
county 0.0024896265560165973 0.8239087409443188 0.002051225081189175
released 0.0016597510373443983 0.3010299956639812 0.0004996348475750725
october 0.0016597510373443983 0.37675070960209955 0.0006253123810823229
born 0.0008298755186721991 0.09151498112135023 7.594604242435703e-05
man 0.0016597510373443983 0.37675070960209955 0.0006253123810823229
would 0.0008298755186721991 0.2291479883578558 0.00019016430569116663
become 0.0024896265560165973 0.3372421683184259 0.0008396070580541723
embroiled 0.0008298755186721991 1.3979400086720377 0.0011601161897693258
controversy 0.0016597510373443983 1.9788107009300622 0.0032843331135768666
surrounding 0.0016597510373443983 1.5228787452803376 0.0025275995772287762
come 0.0008298755186721991 0.5528419686577808 0.0004587900154836355
money 0.0008298755186721991 0.6575773191777938 0.0005457073188197459
mother 0.0024896265560165973 0.21467016498923297 0.0005344485435416588
milta 0.0016597510373443983 2.0 0.0033195020746887966
spending 0.0008298755186721991 0.721246399047171 0.000598544729499727
time 0.0024896265560165973 0.1023729087095586 0.0002548703121399799
trinidad 0.0024896265560165973 2.0 0.004979253112033195
tobago 0.0016597510373443983 2.0 0.0033195020746887966
search 0.0008298755186721991 1.2218487496163564 0.0010139823648268517
better 0.0016597510373443983 0.638272163982407 0.0010593728862778539
paying 0.0008298755186721991 1.1549019599857433 0.0009584248630587081
work 0.004149377593360996 0.2218487496163564 0.000920534230773263
lived 0.0008298755186721991 0.6020599913279624 0.0004996348475750725
maternal 0.0008298755186721991 1.0969100130080565 0.0009102987659817895
grandparent 0.0008298755186721991 1.5228787452803376 0.0012637997886143881
grenadian 0.0008298755186721991 2.0 0.0016597510373443983
farmer 0.0008298755186721991 1.6989700043360187 0.001409933613556862
fractured 0.0008298755186721991 1.3979400086720377 0.0011601161897693258
family 0.0016597510373443983 0.11918640771920867 0.00019781976384930898
compounded 0.0008298755186721991 1.5228787452803376 0.0012637997886143881
total 0.0008298755186721991 1.0969100130080565 0.0009102987659817895
absence 0.0008298755186721991 1.3010299956639813 0.0010796929424597354
father 0.004149377593360996 0.14874165128092467 0.0006171852750245837
rawle 0.0008298755186721991 2.0 0.0016597510373443983
houston 0.004149377593360996 1.3979400086720377 0.005800580948846629
area 0.0008298755186721991 0.7447274948966939 0.0006180311160968413
focused 0.0008298755186721991 0.6989700043360189 0.0005800580948846629
career 0.0008298755186721991 0.17392519729917358 0.00014433626331881625
offering 0.0008298755186721991 1.2218487496163564 0.0010139823648268517
service 0.0008298755186721991 1.0 0.0008298755186721991
poor 0.0008298755186721991 0.7958800173440752 0.0006604813421942533
xa 0.0016597510373443983 0.17392519729917358 0.0002886725266376325
meet 0.0008298755186721991 0.9208187539523752 0.0007641649410393155
dad 0.0008298755186721991 0.958607314841775 0.0007955247426072821
seven 0.0008298755186721991 0.619788758288394 0.0005143475172517792
relocated 0.0008298755186721991 1.2218487496163564 0.0010139823648268517
live 0.0016597510373443983 0.431798275933005 0.0007166776364033278
became 0.0024896265560165973 0.07572071393811834 0.00018851630026087553
citizen 0.0008298755186721991 0.9208187539523752 0.0007641649410393155
finished 0.0008298755186721991 1.045757490560675 0.0008678485398843776
high 0.0016597510373443983 0.27572413039921095 0.0004576334114509725
school 0.0024896265560165973 0.14874165128092467 0.0003703111650147502
like 0.0016597510373443983 0.2365720064370627 0.0003926506330905605
determined 0.0008298755186721991 0.7695510786217261 0.0006386316005159553
make 0.0008298755186721991 0.3872161432802645 0.0003213411977429581
demonstrating 0.0008298755186721991 1.6989700043360187 0.001409933613556862
propensity 0.0008298755186721991 2.0 0.0016597510373443983
hard 0.0008298755186721991 0.638272163982407 0.0005296864431389269
volunteered 0.0008298755186721991 1.5228787452803376 0.0012637997886143881
elementary 0.0008298755186721991 0.8860566476931633 0.0007353167200773139
teacher 0.0008298755186721991 0.6989700043360189 0.0005800580948846629
experience 0.0016597510373443983 0.619788758288394 0.0010286950345035585
followed 0.004979253112033195 0.5528419686577808 0.002752740092901813
custom 0.0008298755186721991 1.3979400086720377 0.0011601161897693258
clerk 0.0008298755186721991 1.5228787452803376 0.0012637997886143881
insurance 0.0008298755186721991 1.0 0.0008298755186721991
underwriter 0.0008298755186721991 2.0 0.0016597510373443983
order 0.0016597510373443983 0.494850021680094 0.000821327836813434
pay 0.0008298755186721991 0.853871964321762 0.0007086074392711718
also 0.0024896265560165973 0.0861861476162833 0.00021457132186626548
afraid 0.0008298755186721991 1.0 0.0008298755186721991
take 0.0016597510373443983 0.48148606012211254 0.0007991469877545436
advantage 0.0008298755186721991 1.3010299956639813 0.0010796929424597354
opportunity 0.0008298755186721991 0.8239087409443188 0.0006837416937297251
bought 0.0008298755186721991 1.1549019599857433 0.0009584248630587081
first 0.004979253112033195 0.0655015487564323 0.00032614879048845953
house 0.0016597510373443983 0.32790214206428253 0.0005442359204386432
later 0.0008298755186721991 0.09151498112135023 7.594604242435703e-05
sold 0.0008298755186721991 0.8860566476931633 0.0007353167200773139
decent 0.0008298755186721991 1.6989700043360187 0.001409933613556862
profit 0.0008298755186721991 1.5228787452803376 0.0012637997886143881
tuition 0.0008298755186721991 1.2218487496163564 0.0010139823648268517
visiting 0.0008298755186721991 1.3010299956639813 0.0010796929424597354
getting 0.0008298755186721991 0.7695510786217261 0.0006386316005159553
chance 0.0008298755186721991 0.853871964321762 0.0007086074392711718
introduce 0.0008298755186721991 2.0 0.0016597510373443983
returned 0.0033195020746887966 0.5086383061657272 0.001688425912583327
enroll 0.0008298755186721991 1.6989700043360187 0.001409933613556862
three 0.0008298755186721991 0.2076083105017461 0.0001722890543582955
graduated 0.0008298755186721991 0.6575773191777938 0.0005457073188197459
magna 0.0008298755186721991 1.2218487496163564 0.0010139823648268517
cum 0.0008298755186721991 1.0 0.0008298755186721991
laude 0.0008298755186721991 1.0 0.0008298755186721991
degree 0.0008298755186721991 0.5228787452803376 0.0004339242699421889
pre 0.0008298755186721991 1.1549019599857433 0.0009584248630587081
biological 0.0008298755186721991 1.045757490560675 0.0008678485398843776
science 0.0008298755186721991 1.3010299956639813 0.0010796929424597354
footstep 0.0008298755186721991 1.1549019599857433 0.0009584248630587081
attended 0.0008298755186721991 0.5376020021010439 0.0004461427403328165
primarily 0.0008298755186721991 1.045757490560675 0.0008678485398843776
african 0.0008298755186721991 0.28399665636520083 0.00023568187250224134
american 0.0008298755186721991 0.1023729087095586 8.495677071332665e-05
nashville 0.0008298755186721991 1.2218487496163564 0.0010139823648268517
tennessee 0.0008298755186721991 1.0 0.0008298755186721991
upon 0.0008298755186721991 0.721246399047171 0.000598544729499727
graduating 0.0008298755186721991 0.5528419686577808 0.0004587900154836355
maharre 0.0008298755186721991 2.0 0.0016597510373443983
enrolled 0.0008298755186721991 1.0 0.0008298755186721991
additional 0.0016597510373443983 0.853871964321762 0.0014172148785423437
minnesota 0.0008298755186721991 1.1549019599857433 0.0009584248630587081
completed 0.0008298755186721991 1.1549019599857433 0.0009584248630587081
residency 0.0008298755186721991 1.6989700043360187 0.001409933613556862
loma 0.0008298755186721991 2.0 0.0016597510373443983
linda 0.0008298755186721991 1.3979400086720377 0.0011601161897693258
center 0.0033195020746887966 0.585026652029182 0.0019419971851591105
california 0.0024896265560165973 0.5528419686577808 0.0013763700464509065
stint 0.0008298755186721991 1.6989700043360187 0.001409933613556862
studied 0.0008298755186721991 0.7958800173440752 0.0006604813421942533
arizona 0.0008298755186721991 0.958607314841775 0.0007955247426072821
cardiology 0.0016597510373443983 2.0 0.0033195020746887966
fellowship 0.0016597510373443983 1.3979400086720377 0.0023202323795386516
landed 0.0008298755186721991 1.045757490560675 0.0008678485398843776
back 0.0008298755186721991 0.4202164033831899 0.00034872730571219076
eventually 0.0008298755186721991 0.3979400086720376 0.00033024067109712664
worked 0.0016597510373443983 0.3098039199714864 0.0005141973775460354
associate 0.0008298755186721991 0.9208187539523752 0.0007641649410393155
director 0.0008298755186721991 0.5686362358410126 0.0004718972911543673
interventional 0.0008298755186721991 2.0 0.0016597510373443983
program 0.0008298755186721991 0.5528419686577808 0.0004587900154836355
sharp 0.0008298755186721991 1.0969100130080565 0.0009102987659817895
memorial 0.0008298755186721991 0.9208187539523752 0.0007641649410393155
hospital 0.0008298755186721991 0.8239087409443188 0.0006837416937297251
san 0.0008298755186721991 0.8860566476931633 0.0007353167200773139
diego 0.0008298755186721991 1.6989700043360187 0.001409933613556862
left 0.0016597510373443983 0.2924298239020636 0.0004853607035718898
second 0.0016597510373443983 0.19382002601611284 0.0003216929892383616
struck 0.0008298755186721991 0.9208187539523752 0.0007641649410393155
opening 0.0008298755186721991 0.9208187539523752 0.0007641649410393155
locating 0.0008298755186721991 2.0 0.0016597510373443983
office 0.0016597510373443983 0.31875876262441283 0.000529060186928486
east 0.0008298755186721991 0.8860566476931633 0.0007353167200773139
strip 0.0008298755186721991 1.5228787452803376 0.0012637997886143881
taking 0.0008298755186721991 0.6020599913279624 0.0004996348475750725
cue 0.0008298755186721991 2.0 0.0016597510373443983
aimed 0.0008298755186721991 1.045757490560675 0.0008678485398843776
serve 0.0008298755186721991 0.5086383061657272 0.00042210647814583174
city 0.0016597510373443983 0.3665315444204135 0.0006083511110712257
wealthy 0.0008298755186721991 0.958607314841775 0.0007955247426072821
underserved 0.0008298755186721991 1.6989700043360187 0.001409933613556862
well 0.0016597510373443983 0.20065945054641826 0.0003330447311973747
expanded 0.0008298755186721991 0.9208187539523752 0.0007641649410393155
scope 0.0008298755186721991 1.5228787452803376 0.0012637997886143881
made 0.0008298755186721991 0.1804560644581313 0.00014975607008973552
open 0.0008298755186721991 0.7447274948966939 0.0006180311160968413
acre 0.0008298755186721991 1.6989700043360187 0.001409933613556862
home 0.0033195020746887966 1.5406075122407692 0.005114049833164379
heart 0.0016597510373443983 0.5228787452803376 0.0008678485398843778
vascular 0.0008298755186721991 2.0 0.0016597510373443983
institute 0.0008298755186721991 0.853871964321762 0.0007086074392711718
lucky 0.0008298755186721991 1.3979400086720377 0.0011601161897693258
dr 0.012448132780082987 0.7958800173440752 0.0099072201329138
community 0.0008298755186721991 0.48148606012211254 0.0003995734938772718
patient 0.0016597510373443983 2.920818753952375 0.004847831956767427
ruby 0.0008298755186721991 1.6989700043360187 0.001409933613556862
mosley 0.0008298755186721991 2.0 0.0016597510373443983
told 0.0033195020746887966 0.44369749923271273 0.0014728547692372206
magazine 0.0008298755186721991 0.8239087409443188 0.0006837416937297251
many 0.0016597510373443983 0.28399665636520083 0.00047136374500448267
thank 0.0008298755186721991 1.3979400086720377 0.0011601161897693258
god 0.0008298755186721991 0.9208187539523752 0.0007641649410393155
financial 0.0008298755186721991 0.8860566476931633 0.0007353167200773139
dealing 0.0008298755186721991 1.2218487496163564 0.0010139823648268517
doctor 0.004979253112033195 1.1549019599857433 0.0057505491783522485
however 0.0016597510373443983 0.32790214206428253 0.0005442359204386432
might 0.0016597510373443983 0.853871964321762 0.0014172148785423437
feel 0.0008298755186721991 0.8860566476931633 0.0007353167200773139
otherwise 0.0008298755186721991 1.3010299956639813 0.0010796929424597354
unpaid 0.0016597510373443983 1.5228787452803376 0.0025275995772287762
debt 0.0016597510373443983 2.7447274948966935 0.004555564306882478
lawsuit 0.0008298755186721991 1.3010299956639813 0.0010796929424597354
tax 0.0008298755186721991 0.7958800173440752 0.0006604813421942533
lien 0.0008298755186721991 2.0 0.0016597510373443983
court 0.0024896265560165973 0.4202164033831899 0.0010461819171365722
judgment 0.0008298755186721991 1.6989700043360187 0.001409933613556862
alone 0.0008298755186721991 1.1549019599857433 0.0009584248630587081
issued 0.0008298755186721991 1.045757490560675 0.0008678485398843776
december 0.0008298755186721991 0.40893539297350084 0.0003393654713473036
unknown 0.0016597510373443983 1.0 0.0016597510373443983
number 0.0008298755186721991 0.4685210829577449 0.00038881417672841903
child 0.004149377593360996 0.5000381344038097 0.0020748470307212024
ordered 0.0008298755186721991 0.9208187539523752 0.0007641649410393155
cough 0.0008298755186721991 2.0 0.0016597510373443983
situation 0.0016597510373443983 1.1549019599857433 0.0019168497261174162
set 0.0008298755186721991 0.494850021680094 0.000410663918406717
stage 0.0008298755186721991 0.721246399047171 0.000598544729499727
working 0.0016597510373443983 0.35654732351381263 0.0005917797900644193
relationship 0.0016597510373443983 0.5228787452803376 0.0008678485398843778
men 0.0016597510373443983 0.6777807052660807 0.0011249472286573954
met 0.0008298755186721991 0.44369749923271273 0.00036821369230930515
singer 0.007468879668049793 0.4202164033831899 0.003138545751409717
frequent 0.0008298755186721991 1.2218487496163564 0.0010139823648268517
visitor 0.0008298755186721991 1.6989700043360187 0.001409933613556862
contacted 0.0008298755186721991 1.6989700043360187 0.001409933613556862
one 0.0016597510373443983 0.08092190762392613 0.00013431022012269897
report 0.0016597510373443983 0.7695510786217261 0.0012772632010319106
indicate 0.0008298755186721991 2.0 0.0016597510373443983
soon 0.0016597510373443983 0.40893539297350084 0.0006787309426946072
friend 0.0008298755186721991 0.5686362358410126 0.0004718972911543673
began 0.0008298755186721991 0.20065945054641826 0.00016652236559868734
making 0.0008298755186721991 0.3979400086720376 0.00033024067109712664
plan 0.0008298755186721991 0.8239087409443188 0.0006837416937297251
upcoming 0.0008298755186721991 1.5228787452803376 0.0012637997886143881
astounding 0.0008298755186721991 1.6989700043360187 0.001409933613556862
month 0.0016597510373443983 1.016824927962187 0.001687676228982883
motivation 0.0008298755186721991 2.0 0.0016597510373443983
bring 0.0008298755186721991 0.7447274948966939 0.0006180311160968413
aboard 0.0008298755186721991 1.6989700043360187 0.001409933613556862
though 0.0008298755186721991 0.3665315444204135 0.00030417555553561285
may 0.0033195020746887966 0.3098039199714864 0.0010283947550920709
le 0.0008298755186721991 0.8239087409443188 0.0006837416937297251
friendship 0.0008298755186721991 1.2218487496163564 0.0010139823648268517
complicated 0.0008298755186721991 1.5228787452803376 0.0012637997886143881
reliance 0.0008298755186721991 1.6989700043360187 0.001409933613556862
following 0.0008298755186721991 0.2518119729937996 0.00020897259169609924
police 0.0033195020746887966 0.5376020021010439 0.001784570961331266
discovered 0.0008298755186721991 0.7958800173440752 0.0006604813421942533
inside 0.0008298755186721991 0.958607314841775 0.0007955247426072821
rented 0.0008298755186721991 2.0 0.0016597510373443983
holmby 0.0008298755186721991 2.0 0.0016597510373443983
hill 0.0008298755186721991 1.3010299956639813 0.0010796929424597354
including 0.0008298755186721991 0.2365720064370627 0.00019632531654528024
methadone 0.0008298755186721991 2.0 0.0016597510373443983
fentanyl 0.0008298755186721991 2.0 0.0016597510373443983
percocet 0.0008298755186721991 2.0 0.0016597510373443983
dilaudid 0.0008298755186721991 2.0 0.0016597510373443983
vicodin 0.0008298755186721991 2.0 0.0016597510373443983
read 0.0008298755186721991 0.0655015487564323 5.43581317480766e-05
next 0.0016597510373443983 0.07058107428570728 0.0001171470112625847
bella 0.0008298755186721991 0.0655015487564323 5.43581317480766e-05
hadid 0.0008298755186721991 0.0655015487564323 5.43581317480766e-05
sadie 0.0008298755186721991 0.06048074738138145 5.019149160280618e-05
alexander 0.0008298755186721991 0.05551732784983141 4.607247124467337e-05
adrienne 0.0008298755186721991 0.0655015487564323 5.43581317480766e-05
kennedy 0.0008298755186721991 0.06048074738138145 5.019149160280618e-05
account 0.0008298755186721991 1.3010299956639813 0.0010796929424597354
insomniac 0.0008298755186721991 2.0 0.0016597510373443983
pushed 0.0008298755186721991 0.7958800173440752 0.0006604813421942533
propofol 0.004979253112033195 1.1549019599857433 0.0057505491783522485
anesthetic 0.0008298755186721991 2.0 0.0016597510373443983
help 0.0016597510373443983 0.4559319556497244 0.0007567335363480903
rest 0.0024896265560165973 0.6020599913279624 0.0014989045427252175
along 0.0008298755186721991 0.4202164033831899 0.00034872730571219076
mix 0.0008298755186721991 1.1549019599857433 0.0009584248630587081
used 0.0008298755186721991 0.5086383061657272 0.00042210647814583174
go 0.0016597510373443983 0.494850021680094 0.000821327836813434
bed 0.0008298755186721991 1.6989700043360187 0.001409933613556862
often 0.0008298755186721991 0.5376020021010439 0.0004461427403328165
referred 0.0008298755186721991 1.0 0.0008298755186721991
concoction 0.0008298755186721991 2.0 0.0016597510373443983
milk 0.0008298755186721991 1.6989700043360187 0.001409933613556862
liquid 0.0008298755186721991 1.6989700043360187 0.001409933613556862
sleep 0.0008298755186721991 1.045757490560675 0.0008678485398843776
seems 0.0008298755186721991 1.6989700043360187 0.001409933613556862
particular 0.0008298755186721991 1.0969100130080565 0.0009102987659817895
fondness 0.0008298755186721991 2.0 0.0016597510373443983
cherilyn 0.0008298755186721991 2.0 0.0016597510373443983
lee 0.0016597510373443983 0.7695510786217261 0.0012772632010319106
registered 0.0016597510373443983 0.04575749056067514 7.594604242435709e-05
nurse 0.0008298755186721991 1.5228787452803376 0.0012637997886143881
nutritionist 0.0008298755186721991 2.0 0.0016597510373443983
employed 0.0008298755186721991 1.6989700043360187 0.001409933613556862
abc 0.0008298755186721991 1.6989700043360187 0.001409933613556862
news 0.0016597510373443983 0.585026652029182 0.0009709985925795552
begged 0.0008298755186721991 2.0 0.0016597510373443983
buy 0.0008298755186721991 1.1549019599857433 0.0009584248630587081
refused 0.0008298755186721991 0.7447274948966939 0.0006180311160968413
problem 0.0016597510373443983 1.75448733218585 0.0029120121696030706
telling 0.0008298755186721991 1.045757490560675 0.0008678485398843776
want 0.0016597510373443983 0.585026652029182 0.0009709985925795552
knocked 0.0008298755186721991 1.2218487496163564 0.0010139823648268517
said 0.0033195020746887966 0.2518119729937996 0.000835890366784397
wake 0.0008298755186721991 1.3010299956639813 0.0010796929424597354
morning 0.0008298755186721991 0.958607314841775 0.0007955247426072821
another 0.0016597510373443983 0.40893539297350084 0.0006787309426946072
matter 0.0008298755186721991 0.853871964321762 0.0007086074392711718
document 0.0016597510373443983 1.0969100130080565 0.001820597531963579
showed 0.0016597510373443983 0.8239087409443188 0.0013674833874594502
never 0.0008298755186721991 0.431798275933005 0.0003583388182016639
actually 0.0016597510373443983 1.045757490560675 0.0017356970797687552
purchased 0.0008298755186721991 1.3010299956639813 0.0010796929424597354
course 0.0008298755186721991 0.853871964321762 0.0007086074392711718
six 0.0016597510373443983 0.5686362358410126 0.0009437945823087346
week 0.0016597510373443983 1.5654310959658013 0.002598225885420417
administered 0.0016597510373443983 1.3979400086720377 0.0023202323795386516
nightly 0.0008298755186721991 1.6989700043360187 0.001409933613556862
intravenous 0.0008298755186721991 2.0 0.0016597510373443983
drip 0.0008298755186721991 2.0 0.0016597510373443983
despite 0.0008298755186721991 0.4202164033831899 0.00034872730571219076
concern 0.0008298755186721991 1.3010299956639813 0.0010796929424597354
addicted 0.0008298755186721991 2.0 0.0016597510373443983
case 0.0016597510373443983 0.5228787452803376 0.0008678485398843778
exhausted 0.0008298755186721991 1.5228787452803376 0.0012637997886143881
long 0.0008298755186721991 0.4559319556497244 0.00037836676817404514
rehearsal 0.0008298755186721991 2.0 0.0016597510373443983
session 0.0008298755186721991 1.3010299956639813 0.0010796929424597354
staple 0.0008298755186721991 1.6989700043360187 0.001409933613556862
went 0.0008298755186721991 0.32790214206428253 0.0002721179602193216
past 0.0008298755186721991 0.6989700043360189 0.0005800580948846629
midnight 0.0008298755186721991 1.0969100130080565 0.0009102987659817895
tried 0.0008298755186721991 0.8239087409443188 0.0006837416937297251
get 0.0008298755186721991 0.44369749923271273 0.00036821369230930515
familiar 0.0008298755186721991 1.2218487496163564 0.0010139823648268517
routine 0.0008298755186721991 1.5228787452803376 0.0012637997886143881
hooking 0.0008298755186721991 2.0 0.0016597510373443983
client 0.0008298755186721991 2.0 0.0016597510373443983
iv 0.0008298755186721991 1.5228787452803376 0.0012637997886143881
administer 0.0008298755186721991 2.0 0.0016597510373443983
gave 0.0008298755186721991 0.6020599913279624 0.0004996348475750725
lorazepam 0.0008298755186721991 1.5228787452803376 0.0012637997886143881
anti 0.0008298755186721991 0.721246399047171 0.000598544729499727
anxiety 0.0008298755186721991 1.3010299956639813 0.0010796929424597354
midazolam 0.0008298755186721991 1.5228787452803376 0.0012637997886143881
muscle 0.0008298755186721991 2.0 0.0016597510373443983
relaxant 0.0008298755186721991 2.0 0.0016597510373443983
according 0.0008298755186721991 0.638272163982407 0.0005296864431389269
record 0.0008298755186721991 0.6989700043360189 0.0005800580948846629
side 0.0016597510373443983 0.585026652029182 0.0009709985925795552
minute 0.0016597510373443983 1.1549019599857433 0.0019168497261174162
bathroom 0.0008298755186721991 1.3979400086720377 0.0011601161897693258
weak 0.0008298755186721991 1.2218487496163564 0.0010139823648268517
pulse 0.0008298755186721991 2.0 0.0016597510373443983
stopped 0.0008298755186721991 1.1549019599857433 0.0009584248630587081
breathing 0.0008298755186721991 2.0 0.0016597510373443983
reportedly 0.0008298755186721991 0.721246399047171 0.000598544729499727
immediately 0.0008298755186721991 0.853871964321762 0.0007086074392711718
started 0.0008298755186721991 0.6020599913279624 0.0004996348475750725
applying 0.0008298755186721991 1.6989700043360187 0.001409933613556862
cpr 0.0008298755186721991 2.0 0.0016597510373443983
revive 0.0008298755186721991 1.5228787452803376 0.0012637997886143881
addition 0.0008298755186721991 0.6777807052660807 0.0005624736143286977
garnered 0.0008298755186721991 1.5228787452803376 0.0012637997886143881
plenty 0.0008298755186721991 2.0 0.0016597510373443983
flumazenil 0.0008298755186721991 2.0 0.0016597510373443983
try 0.0016597510373443983 1.0 0.0016597510373443983
offset 0.0008298755186721991 1.3979400086720377 0.0011601161897693258
sedative 0.0008298755186721991 2.0 0.0016597510373443983
already 0.0008298755186721991 1.0 0.0008298755186721991
circulating 0.0008298755186721991 2.0 0.0016597510373443983
body 0.0008298755186721991 0.5686362358410126 0.0004718972911543673
expert 0.0008298755186721991 1.2218487496163564 0.0010139823648268517
exacerbated 0.0008298755186721991 2.0 0.0016597510373443983
caused 0.0008298755186721991 0.8860566476931633 0.0007353167200773139
question 0.0008298755186721991 0.9208187539523752 0.0007641649410393155
remain 0.0008298755186721991 0.853871964321762 0.0007086074392711718
save 0.0008298755186721991 1.1549019599857433 0.0009584248630587081
harried 0.0008298755186721991 2.0 0.0016597510373443983
moment 0.0008298755186721991 1.0 0.0008298755186721991
clear 0.0008298755186721991 0.9208187539523752 0.0007641649410393155
passed 0.0008298755186721991 0.6777807052660807 0.0005624736143286977
anyone 0.0008298755186721991 1.0969100130080565 0.0009102987659817895
else 0.0008298755186721991 1.0969100130080565 0.0009102987659817895
called 0.0016597510373443983 0.3010299956639812 0.0004996348475750725
paramedic 0.0008298755186721991 2.0 0.0016597510373443983
emergency 0.0008298755186721991 1.1549019599857433 0.0009584248630587081
official 0.0008298755186721991 1.045757490560675 0.0008678485398843776
finally 0.0008298755186721991 0.7447274948966939 0.0006180311160968413
arrive 0.0008298755186721991 2.0 0.0016597510373443983
failed 0.0008298755186721991 0.5376020021010439 0.0004461427403328165
tell 0.0016597510373443983 2.9208187539523753 0.004847831956767428
injected 0.0008298755186721991 2.0 0.0016597510373443983
officially 0.0008298755186721991 0.6989700043360189 0.0005800580948846629
pronounced 0.0008298755186721991 1.6989700043360187 0.001409933613556862
dead 0.0008298755186721991 0.9208187539523752 0.0007641649410393155
ronald 0.0008298755186721991 1.0 0.0008298755186721991
reagan 0.0008298755186721991 1.045757490560675 0.0008678485398843776
ucla 0.0008298755186721991 2.0 0.0016597510373443983
arrived 0.0008298755186721991 1.0 0.0008298755186721991
via 0.0008298755186721991 0.5086383061657272 0.00042210647814583174
ambulance 0.0008298755186721991 2.0 0.0016597510373443983
star 0.0016597510373443983 0.32790214206428253 0.0005442359204386432
target 0.0008298755186721991 1.045757490560675 0.0008678485398843776
irate 0.0008298755186721991 1.6989700043360187 0.001409933613556862
shocked 0.0008298755186721991 1.3979400086720377 0.0011601161897693258
fan 0.0008298755186721991 0.8239087409443188 0.0006837416937297251
investigator 0.0008298755186721991 1.5228787452803376 0.0012637997886143881
mid 0.0008298755186721991 0.585026652029182 0.0004854992962897776
august 0.0016597510373443983 0.494850021680094 0.000821327836813434
dozen 0.0008298755186721991 1.3010299956639813 0.0010796929424597354
dea 0.0008298755186721991 2.0 0.0016597510373443983
agent 0.0008298755186721991 1.3010299956639813 0.0010796929424597354
detective 0.0008298755186721991 2.0 0.0016597510373443983
officer 0.0008298755186721991 0.8860566476931633 0.0007353167200773139
raided 0.0008298755186721991 1.3979400086720377 0.0011601161897693258
forensic 0.0008298755186721991 2.0 0.0016597510373443983
computer 0.0008298755186721991 1.2218487496163564 0.0010139823648268517
collect 0.0008298755186721991 1.5228787452803376 0.0012637997886143881
myriad 0.0008298755186721991 1.6989700043360187 0.001409933613556862
around 0.0008298755186721991 0.4559319556497244 0.00037836676817404514
indicated 0.0008298755186721991 1.5228787452803376 0.0012637997886143881
going 0.0008298755186721991 0.6020599913279624 0.0004996348475750725
charged 0.0008298755186721991 0.7695510786217261 0.0006386316005159553
something 0.0016597510373443983 0.07058107428570728 0.0001171470112625847
heightened 0.0008298755186721991 1.5228787452803376 0.0012637997886143881
preliminary 0.0008298755186721991 2.0 0.0016597510373443983
finding 0.0008298755186721991 1.5228787452803376 0.0012637997886143881
chief 0.0008298755186721991 0.5686362358410126 0.0004718972911543673
coroner 0.0008298755186721991 1.045757490560675 0.0008678485398843776
revealed 0.0008298755186721991 0.5086383061657272 0.00042210647814583174
result 0.0008298755186721991 0.7695510786217261 0.0006386316005159553
lethal 0.0008298755186721991 1.5228787452803376 0.0012637997886143881
level 0.0008298755186721991 1.3979400086720377 0.0011601161897693258
part 0.0008298755186721991 0.3372421683184259 0.0002798690193513908
little 0.0008298755186721991 0.6989700043360189 0.0005800580948846629
circumstance 0.0008298755186721991 1.3010299956639813 0.0010796929424597354
confining 0.0008298755186721991 2.0 0.0016597510373443983
remark 0.0008298755186721991 1.1549019599857433 0.0009584248630587081
teary 0.0008298755186721991 2.0 0.0016597510373443983
eyed 0.0008298755186721991 1.3010299956639813 0.0010796929424597354
posted 0.0008298755186721991 1.1549019599857433 0.0009584248630587081
youtube 0.0008298755186721991 1.0969100130080565 0.0009102987659817895
done 0.0008298755186721991 0.958607314841775 0.0007955247426072821
camera 0.0008298755186721991 1.6989700043360187 0.001409933613556862
truth 0.0016597510373443983 0.9208187539523752 0.001528329882078631
faith 0.0008298755186721991 0.7958800173440752 0.0006604813421942533
prevail 0.0008298755186721991 2.0 0.0016597510373443983
unfortunately 0.0008298755186721991 1.2218487496163564 0.0010139823648268517
day 0.0008298755186721991 0.2924298239020636 0.0002426803517859449
deliberation 0.0008298755186721991 1.6989700043360187 0.001409933613556862
process 0.0008298755186721991 0.7958800173440752 0.0006604813421942533
jury 0.0008298755186721991 0.853871964321762 0.0007086074392711718
given 0.0008298755186721991 0.6777807052660807 0.0005624736143286977
maximum 0.0008298755186721991 1.3979400086720377 0.0011601161897693258
sentence 0.0016597510373443983 0.8239087409443188 0.0013674833874594502
sentencing 0.0008298755186721991 1.5228787452803376 0.0012637997886143881
superior 0.0008298755186721991 1.3979400086720377 0.0011601161897693258
judge 0.0008298755186721991 0.585026652029182 0.0004854992962897776
pastor 0.0008298755186721991 1.2218487496163564 0.0010139823648268517
disgrace 0.0008298755186721991 1.6989700043360187 0.001409933613556862
profession 0.0008298755186721991 1.5228787452803376 0.0012637997886143881
continual 0.0008298755186721991 2.0 0.0016597510373443983
pattern 0.0008298755186721991 1.6989700043360187 0.001409933613556862
deceit 0.0008298755186721991 2.0 0.0016597510373443983
continues 0.0008298755186721991 1.0 0.0008298755186721991
appeal 0.0008298755186721991 0.958607314841775 0.0007955247426072821
conviction 0.0008298755186721991 1.045757490560675 0.0008678485398843776
check 0.0008298755186721991 0.07058107428570728 5.857350563129235e-05
strive 0.0008298755186721991 0.07058107428570728 5.857350563129235e-05
accuracy 0.0008298755186721991 0.07058107428570728 5.857350563129235e-05
fairness 0.0008298755186721991 0.07058107428570728 5.857350563129235e-05
see 0.0016597510373443983 0.04575749056067514 7.594604242435709e-05
look 0.0008298755186721991 0.07058107428570728 5.857350563129235e-05
right 0.0008298755186721991 0.07058107428570728 5.857350563129235e-05
citation 0.0008298755186721991 0.07058107428570728 5.857350563129235e-05
information 0.0008298755186721991 0.07058107428570728 5.857350563129235e-05
article 0.0008298755186721991 0.07058107428570728 5.857350563129235e-05
title 0.0008298755186721991 0.07058107428570728 5.857350563129235e-05
author 0.0016597510373443983 0.06048074738138145 0.00010038298320561236
com 0.0016597510373443983 0.06048074738138145 0.00010038298320561236
editor 0.0008298755186721991 0.1023729087095586 8.495677071332665e-05
website 0.0016597510373443983 0.0655015487564323 0.0001087162634961532
url 0.0008298755186721991 0.07058107428570728 5.857350563129235e-05
access 0.0008298755186721991 0.07058107428570728 5.857350563129235e-05
publisher 0.0008298755186721991 0.07058107428570728 5.857350563129235e-05
e 0.0016597510373443983 0.04575749056067514 7.594604242435709e-05
television 0.0024896265560165973 0.04575749056067514 0.00011391906363653562
network 0.0016597510373443983 0.04575749056067514 7.594604242435709e-05
last 0.0008298755186721991 0.0655015487564323 5.43581317480766e-05
updated 0.0008298755186721991 0.07058107428570728 5.857350563129235e-05
original 0.0008298755186721991 0.0655015487564323 5.43581317480766e-05
published 0.0008298755186721991 0.07058107428570728 5.857350563129235e-05
april 0.0008298755186721991 0.1549019599857432 0.00012854934438650886
receive 0.0008298755186721991 0.05551732784983141 4.607247124467337e-05
story 0.0024896265560165973 0.05551732784983141 0.0001382174137340201
shaped 0.0016597510373443983 0.05551732784983141 9.214494248934674e-05
world 0.0008298755186721991 0.04575749056067514 3.797302121217854e-05
person 0.007468879668049793 0.05060999335508724 0.0003779999503699462
bill 0.0016597510373443983 0.4202164033831899 0.0006974546114243815
actor 0.0008298755186721991 0.4685210829577449 0.00038881417672841903
comedy 0.0008298755186721991 1.045757490560675 0.0008678485398843776
icon 0.0008298755186721991 1.0 0.0008298755186721991
best 0.0016597510373443983 0.13667713987954408 0.0002268500246963387
known 0.0033195020746887966 0.06048074738138145 0.00020076596641122472
popular 0.0008298755186721991 0.4685210829577449 0.00038881417672841903
saturday 0.0008298755186721991 1.1549019599857433 0.0009584248630587081
night 0.0008298755186721991 0.638272163982407 0.0005296864431389269
character 0.0008298755186721991 1.3979400086720377 0.0011601161897693258
movie 0.0008298755186721991 0.7447274948966939 0.0006180311160968413
classic 0.0008298755186721991 1.3979400086720377 0.0011601161897693258
meatball 0.0008298755186721991 2.0 0.0016597510373443983
caddyshack 0.0008298755186721991 2.0 0.0016597510373443983
ghostbusters 0.0008298755186721991 2.0 0.0016597510373443983
nominated 0.0008298755186721991 0.853871964321762 0.0007086074392711718
oscar 0.0008298755186721991 0.9208187539523752 0.0007641649410393155
seriocomic 0.0008298755186721991 2.0 0.0016597510373443983
role 0.0016597510373443983 0.9863203027088074 0.001637046145574784
lost 0.0008298755186721991 0.6989700043360189 0.0005800580948846629
translation 0.0008298755186721991 2.0 0.0016597510373443983
andy 0.0016597510373443983 1.6989700043360187 0.002819867227113724
scottish 0.0008298755186721991 1.5228787452803376 0.0012637997886143881
tennis 0.0008298755186721991 1.3010299956639813 0.0010796929424597354
triumphed 0.0008298755186721991 1.6989700043360187 0.001409933613556862
wimbledon 0.0008298755186721991 1.6989700043360187 0.001409933613556862
british 0.0008298755186721991 0.6989700043360189 0.0005800580948846629
male 0.0008298755186721991 1.2218487496163564 0.0010139823648268517
win 0.0008298755186721991 0.585026652029182 0.0004854992962897776
tournament 0.0008298755186721991 1.6989700043360187 0.001409933613556862
hilton 0.0024896265560165973 1.5228787452803376 0.003791399365843164
founded 0.0008298755186721991 0.619788758288394 0.0005143475172517792
hotel 0.0016597510373443983 2.7447274948966935 0.004555564306882478
empire 0.0008298755186721991 1.045757490560675 0.0008678485398843776
grew 0.0008298755186721991 0.494850021680094 0.000410663918406717
largest 0.0008298755186721991 1.045757490560675 0.0008678485398843776
company 0.0008298755186721991 1.3010299956639813 0.0010796929424597354
consisting 0.0008298755186721991 1.5228787452803376 0.0012637997886143881
worldwide 0.0008298755186721991 1.045757490560675 0.0008678485398843776
joseph 0.0016597510373443983 0.585026652029182 0.0009709985925795552
remembered 0.0008298755186721991 1.0 0.0008298755186721991
novel 0.0008298755186721991 1.2218487496163564 0.0010139823648268517
darkness 0.0008298755186721991 1.5228787452803376 0.0012637997886143881
drew 0.0008298755186721991 0.8239087409443188 0.0006837416937297251
mariner 0.0008298755186721991 2.0 0.0016597510373443983
addressed 0.0008298755186721991 1.0969100130080565 0.0009102987659817895
profound 0.0008298755186721991 1.2218487496163564 0.0010139823648268517
theme 0.0008298755186721991 1.1549019599857433 0.0009584248630587081
nature 0.0008298755186721991 1.3010299956639813 0.0010796929424597354
existence 0.0008298755186721991 1.3979400086720377 0.0011601161897693258
blanket 0.0016597510373443983 0.9208187539523752 0.001528329882078631
prince 0.0008298755186721991 0.6989700043360189 0.0005800580948846629
ii 0.0008298755186721991 0.48148606012211254 0.0003995734938772718
bigi 0.0008298755186721991 1.045757490560675 0.0008678485398843776
third 0.0008298755186721991 0.4202164033831899 0.00034872730571219076
legend 0.0016597510373443983 0.5686362358410126 0.0009437945823087346
katherine 0.0016597510373443983 0.9208187539523752 0.001528329882078631
international 0.0008298755186721991 0.40893539297350084 0.0003393654713473036
superstar 0.0008298755186721991 0.853871964321762 0.0007086074392711718
famous 0.0008298755186721991 0.494850021680094 0.000410663918406717
paris 0.0016597510373443983 0.6020599913279624 0.000999269695150145
daughter 0.0008298755186721991 0.31875876262441283 0.000264530093464243
vanessa 0.0016597510373443983 2.0 0.0033195020746887966
williams 0.0016597510373443983 0.8860566476931633 0.0014706334401546279
actress 0.0008298755186721991 0.6020599913279624 0.0004996348475750725
miss 0.0008298755186721991 1.0969100130080565 0.0009102987659817895
america 0.0008298755186721991 0.37675070960209955 0.00031265619054116143
show 0.0008298755186721991 0.6777807052660807 0.0005624736143286977
ugly 0.0008298755186721991 2.0 0.0016597510373443983
betty 0.0008298755186721991 1.3979400086720377 0.0011601161897693258
nicolaus 0.0016597510373443983 2.0 0.0033195020746887966
copernicus 0.0016597510373443983 2.0 0.0033195020746887966
astronomer 0.0008298755186721991 1.6989700043360187 0.001409933613556862
instrumental 0.0008298755186721991 1.1549019599857433 0.0009584248630587081
establishing 0.0008298755186721991 1.045757490560675 0.0008678485398843776
concept 0.0008298755186721991 1.6989700043360187 0.001409933613556862
heliocentric 0.0008298755186721991 2.0 0.0016597510373443983
solar 0.0016597510373443983 1.3979400086720377 0.0023202323795386516
system 0.0016597510373443983 0.7958800173440752 0.0013209626843885065
sun 0.0008298755186721991 1.3010299956639813 0.0010796929424597354
rather 0.0008298755186721991 1.2218487496163564 0.0010139823648268517
earth 0.0008298755186721991 1.2218487496163564 0.0010139823648268517
loading 0.0008298755186721991 0.04575749056067514 3.797302121217854e-05
logo 0.0008298755186721991 0.04575749056067514 3.797302121217854e-05
trademark 0.0008298755186721991 0.04575749056067514 3.797302121217854e-05
llc 0.0008298755186721991 0.04575749056067514 3.797302121217854e-05
close 0.0033195020746887966 0.04575749056067514 0.00015189208484871417
