debbie 0.011049723756906077 1.1549019599857433 0.01276134762415186
rowe 0.04419889502762431 1.2218487496163564 0.05400436462392735
kid 0.0013812154696132596 0.9208187539523752 0.0012718491076690265
age 0.0027624309392265192 0.11350927482751813 0.000313561532672702
family 0.004143646408839779 0.11918640771920867 0.0004938663303282127
biography 0.013812154696132596 0.04575749056067514 0.0006320095381308721
skip 0.0013812154696132596 0.04575749056067514 6.32009538130872e-05
main 0.0013812154696132596 0.04575749056067514 6.32009538130872e-05
content 0.0013812154696132596 0.04575749056067514 6.32009538130872e-05
people 0.0055248618784530384 0.04575749056067514 0.0002528038152523488
nostalgia 0.004143646408839779 0.04575749056067514 0.00018960286143926164
celebrity 0.004143646408839779 0.04575749056067514 0.00018960286143926164
history 0.006906077348066298 0.04575749056067514 0.00031600476906543606
culture 0.004143646408839779 0.04575749056067514 0.00018960286143926164
crime 0.004143646408839779 0.04575749056067514 0.00018960286143926164
scandal 0.004143646408839779 0.04575749056067514 0.00018960286143926164
video 0.004143646408839779 0.04575749056067514 0.00018960286143926164
contact 0.004143646408839779 0.04575749056067514 0.00018960286143926164
u 0.004143646408839779 0.04575749056067514 0.00018960286143926164
advertise 0.0027624309392265192 0.04575749056067514 0.0001264019076261744
privacy 0.004143646408839779 0.04575749056067514 0.00018960286143926164
notice 0.0027624309392265192 0.04575749056067514 0.0001264019076261744
term 0.0027624309392265192 0.04575749056067514 0.0001264019076261744
use 0.0027624309392265192 0.04575749056067514 0.0001264019076261744
copyright 0.0027624309392265192 0.04575749056067514 0.0001264019076261744
policy 0.0027624309392265192 0.04575749056067514 0.0001264019076261744
ad 0.0027624309392265192 0.04575749056067514 0.0001264019076261744
choice 0.0027624309392265192 0.04575749056067514 0.0001264019076261744
accessibility 0.0027624309392265192 0.04575749056067514 0.0001264019076261744
support 0.0027624309392265192 0.04575749056067514 0.0001264019076261744
setting 0.0013812154696132596 0.04575749056067514 6.32009538130872e-05
february 0.004143646408839779 0.04575749056067514 0.00018960286143926164
subscribe 0.0027624309392265192 0.04575749056067514 0.0001264019076261744
newsletter 0.004143646408839779 0.04575749056067514 0.00018960286143926164
photo 0.0013812154696132596 0.12493873660829993 0.00017256731575732035
aaron 0.0013812154696132596 1.5228787452803376 0.0021034236813264333
lambert 0.0013812154696132596 1.6989700043360187 0.0023466436523978157
pool 0.0013812154696132596 1.045757490560675 0.0014444164234263467
getty 0.0013812154696132596 0.2291479883578558 0.00031650274635062955
image 0.0013812154696132596 0.2218487496163564 0.00030642092488447013
quick 0.0013812154696132596 0.07058107428570728 9.748767166534155e-05
fact 0.0027624309392265192 0.14116214857141457 0.0003899506866613662
name 0.004143646408839779 0.05551732784983141 0.00023004417617333457
birth 0.008287292817679558 0.07058107428570728 0.0005849260299920493
date 0.0055248618784530384 0.07058107428570728 0.0003899506866613662
december 0.0027624309392265192 0.40893539297350084 0.0011296557816947537
place 0.0013812154696132596 0.07572071393811834 0.00010458662146148942
malibu 0.0027624309392265192 2.0 0.0055248618784530384
california 0.004143646408839779 0.5528419686577808 0.002290781638084727
full 0.0013812154696132596 0.3010299956639812 0.0004157872868287033
deborah 0.0027624309392265192 2.0 0.0055248618784530384
jeanne 0.0027624309392265192 1.6989700043360187 0.004693287304795631
zodiac 0.0013812154696132596 0.3010299956639812 0.0004157872868287033
sign 0.0027624309392265192 0.05551732784983141 0.00015336278411555638
sagittarius 0.0013812154696132596 1.3010299956639813 0.001797002756441963
early 0.004143646408839779 0.07572071393811834 0.00031375986438446823
life 0.004143646408839779 0.13679614097137055 0.0005668348382791597
marriage 0.0027624309392265192 0.5376020021010439 0.001485088403594044
michael 0.023480662983425413 0.494850021680094 0.011619406586411047
jackson 0.05939226519337017 0.5228787452803376 0.03105495310366646
divorce 0.004143646408839779 1.0 0.004143646408839779
attempt 0.0027624309392265192 0.7447274948966939 0.002057258273195287
restore 0.0027624309392265192 1.5228787452803376 0.004206847362652867
parental 0.0055248618784530384 1.5228787452803376 0.008413694725305733
right 0.008287292817679558 0.39848321634998984 0.00330234709682312
cite 0.0013812154696132596 0.07058107428570728 9.748767166534155e-05
page 0.0013812154696132596 0.07058107428570728 9.748767166534155e-05
publish 0.0013812154696132596 0.07058107428570728 9.748767166534155e-05
jun 0.0013812154696132596 1.045757490560675 0.0014444164234263467
comment 0.0027624309392265192 0.07058107428570728 0.0001949753433306831
known 0.0055248618784530384 0.06048074738138145 0.0003341477755877428
surrogate 0.0013812154696132596 1.5228787452803376 0.0021034236813264333
mother 0.004143646408839779 0.21467016498923297 0.000889517258242678
two 0.0055248618784530384 0.11918640771920867 0.000658488440437617
pop 0.011049723756906077 0.5686362358410126 0.006283273324210084
star 0.0055248618784530384 0.32790214206428253 0.001811614044554047
child 0.017955801104972375 0.5000381344038097 0.008978585286256252
worked 0.0027624309392265192 0.3098039199714864 0.0008558119336228905
dermatologist 0.0027624309392265192 2.0 0.0055248618784530384
office 0.0055248618784530384 0.31875876262441283 0.0017610981360464796
los 0.0027624309392265192 0.6020599913279624 0.0016631491473148132
angeles 0.0027624309392265192 0.6020599913279624 0.0016631491473148132
met 0.0027624309392265192 0.44369749923271273 0.0012256836995378805
patient 0.0027624309392265192 1.2218487496163564 0.0033752727889954596
befriended 0.0027624309392265192 2.0 0.0055248618784530384
struck 0.0027624309392265192 0.9208187539523752 0.002543698215338053
agreement 0.0027624309392265192 0.958607314841775 0.002648086505087776
gave 0.0055248618784530384 0.6020599913279624 0.0033262982946296264
prince 0.006906077348066298 0.6989700043360189 0.004827140913922782
april 0.004143646408839779 0.1549019599857432 0.0006418589502171679
couple 0.009668508287292817 1.9318141382538385 0.01867776100521667
second 0.004143646408839779 0.19382002601611284 0.0008031216547628985
paris 0.008287292817679558 0.6020599913279624 0.0049894474419444395
katherine 0.006906077348066298 0.9208187539523752 0.006359245538345133
born 0.004143646408839779 0.09151498112135023 0.000379205722878523
sued 0.0013812154696132596 1.3010299956639813 0.001797002756441963
regain 0.0013812154696132596 1.3979400086720377 0.0019308563655691129
custody 0.0027624309392265192 1.045757490560675 0.0028888328468526935
never 0.0027624309392265192 0.431798275933005 0.0011928129169420027
adopted 0.0013812154696132596 1.045757490560675 0.0014444164234263467
daughter 0.004143646408839779 0.31875876262441283 0.0013208236020348597
millionaire 0.0013812154696132596 1.5228787452803376 0.0021034236813264333
lonely 0.0013812154696132596 1.3010299956639813 0.001797002756441963
childhood 0.0013812154696132596 0.6020599913279624 0.0008315745736574066
first 0.0027624309392265192 0.0655015487564323 0.0001809435048520229
serious 0.0013812154696132596 0.958607314841775 0.001324043252543888
relationship 0.0027624309392265192 0.5228787452803376 0.001444416423426347
break 0.0013812154696132596 0.8860566476931633 0.001223835148747463
hit 0.0027624309392265192 0.8751698505861407 0.0024175962723374054
hard 0.0013812154696132596 0.638272163982407 0.0008815913867160318
still 0.0013812154696132596 0.431798275933005 0.0005964064584710014
recovering 0.0013812154696132596 1.5228787452803376 0.0021034236813264333
split 0.0013812154696132596 0.9208187539523752 0.0012718491076690265
working 0.0013812154696132596 0.35654732351381263 0.0004924686788864816
nurse 0.0027624309392265192 3.221848749616356 0.008900134667448498
diagnosed 0.0013812154696132596 1.0 0.0013812154696132596
vitiligo 0.0013812154696132596 2.0 0.0027624309392265192
mid 0.0013812154696132596 0.585026652029182 0.0008080478619187597
frequent 0.0013812154696132596 1.2218487496163564 0.0016876363944977298
time 0.004143646408839779 0.4791236183116582 0.0019853188604074235
told 0.004143646408839779 0.44369749923271273 0.0018385255493068207
desire 0.0013812154696132596 1.0 0.0013812154696132596
father 0.004143646408839779 0.14874165128092467 0.0006163328091751022
offered 0.0013812154696132596 1.3010299956639813 0.001797002756441963
announced 0.0027624309392265192 0.40893539297350084 0.0011296557816947537
pregnant 0.004143646408839779 1.3979400086720377 0.005792569096707338
heir 0.0013812154696132596 1.0969100130080565 0.0015150690787404093
although 0.0013812154696132596 0.431798275933005 0.0005964064584710014
detail 0.0013812154696132596 1.5228787452803376 0.0021034236813264333
occurred 0.0013812154696132596 1.3979400086720377 0.0019308563655691129
remain 0.0013812154696132596 0.853871964321762 0.001179381166190279
mystery 0.0013812154696132596 1.6989700043360187 0.0023466436523978157
november 0.0027624309392265192 0.24412514432750856 0.0006743788517334491
six 0.0027624309392265192 0.5686362358410126 0.001570818331052521
month 0.004143646408839779 0.431798275933005 0.0017892193754130042
married 0.0013812154696132596 0.24412514432750856 0.00033718942586672453
hotel 0.0013812154696132596 1.045757490560675 0.0014444164234263467
sydney 0.0013812154696132596 2.0 0.0027624309392265192
australia 0.0013812154696132596 1.3979400086720377 0.0019308563655691129
despite 0.0013812154696132596 0.4202164033831899 0.0005804093969381075
surprise 0.0013812154696132596 1.1549019599857433 0.0015951684530189825
nuptials 0.0013812154696132596 2.0 0.0027624309392265192
lived 0.0013812154696132596 0.6020599913279624 0.0008315745736574066
together 0.0027624309392265192 0.431798275933005 0.0011928129169420027
husband 0.004143646408839779 0.7447274948966939 0.0030858874097929303
wife 0.0013812154696132596 0.3098039199714864 0.00042790596681144526
baby 0.0027624309392265192 0.8860566476931633 0.002447670297494926
spent 0.0013812154696132596 0.48148606012211254 0.0006650359946438018
several 0.0055248618784530384 0.32790214206428253 0.001811614044554047
hour 0.0013812154696132596 0.9208187539523752 0.0012718491076690265
special 0.0013812154696132596 0.638272163982407 0.0008815913867160318
care 0.0013812154696132596 0.5376020021010439 0.000742544201797022
rushed 0.0013812154696132596 1.5228787452803376 0.0021034236813264333
neverland 0.0013812154696132596 2.0 0.0027624309392265192
ranch 0.0013812154696132596 1.5228787452803376 0.0021034236813264333
team 0.0013812154696132596 0.619788758288394 0.0008560618208403231
nanny 0.0013812154696132596 2.0 0.0027624309392265192
stood 0.0013812154696132596 0.8860566476931633 0.001223835148747463
waiting 0.0013812154696132596 1.2218487496163564 0.0016876363944977298
later 0.006906077348066298 0.09151498112135023 0.0006320095381308718
reporter 0.0013812154696132596 1.3979400086720377 0.0019308563655691129
excited 0.0013812154696132596 1.5228787452803376 0.0021034236813264333
wrapped 0.0013812154696132596 2.0 0.0027624309392265192
towel 0.0013812154696132596 1.6989700043360187 0.0023466436523978157
fled 0.0013812154696132596 1.5228787452803376 0.0021034236813264333
home 0.0013812154696132596 0.31875876262441283 0.0004402745340116199
shortly 0.0027624309392265192 0.585026652029182 0.0016160957238375193
cord 0.0013812154696132596 2.0 0.0027624309392265192
cut 0.0013812154696132596 0.958607314841775 0.001324043252543888
read 0.0013812154696132596 0.0655015487564323 9.047175242601145e-05
next 0.0027624309392265192 0.07058107428570728 0.0001949753433306831
bella 0.0013812154696132596 0.0655015487564323 9.047175242601145e-05
hadid 0.0013812154696132596 0.0655015487564323 9.047175242601145e-05
sadie 0.0013812154696132596 0.06048074738138145 8.35369438969357e-05
alexander 0.0013812154696132596 0.05551732784983141 7.668139205777819e-05
adrienne 0.0013812154696132596 0.0655015487564323 9.047175242601145e-05
kennedy 0.0013812154696132596 0.06048074738138145 8.35369438969357e-05
bear 0.0013812154696132596 1.5228787452803376 0.0021034236813264333
became 0.0027624309392265192 0.07572071393811834 0.00020917324292297885
strained 0.0013812154696132596 1.2218487496163564 0.0016876363944977298
filed 0.0013812154696132596 0.7958800173440752 0.001099281791911706
accepted 0.0013812154696132596 0.619788758288394 0.0008560618208403231
settlement 0.0013812154696132596 1.5228787452803376 0.0021034236813264333
million 0.0013812154696132596 0.5228787452803376 0.0007222082117131735
well 0.0013812154696132596 0.20065945054641826 0.00027715393721880976
ownership 0.0013812154696132596 1.045757490560675 0.0014444164234263467
beverly 0.0013812154696132596 1.3979400086720377 0.0019308563655691129
hill 0.0013812154696132596 1.3010299956639813 0.001797002756441963
mansion 0.0013812154696132596 1.045757490560675 0.0014444164234263467
return 0.0013812154696132596 0.7447274948966939 0.0010286291365976434
custodial 0.0013812154696132596 2.0 0.0027624309392265192
agreed 0.0013812154696132596 0.9208187539523752 0.0012718491076690265
one 0.0055248618784530384 0.08092190762392613 0.0004470823625631278
visit 0.0013812154696132596 0.958607314841775 0.001324043252543888
every 0.0013812154696132596 0.6575773191777938 0.0009082559657151849
day 0.0013812154696132596 0.40893539297350084 0.0005648278908473768
year 0.004143646408839779 0.11918640771920867 0.0004938663303282127
applied 0.0013812154696132596 1.2218487496163564 0.0016876363944977298
court 0.0055248618784530384 0.4202164033831899 0.00232163758775243
terminate 0.0013812154696132596 2.0 0.0027624309392265192
completely 0.0013812154696132596 1.045757490560675 0.0014444164234263467
claiming 0.0013812154696132596 1.045757490560675 0.0014444164234263467
childrens 0.0013812154696132596 2.0 0.0027624309392265192
best 0.0055248618784530384 0.13667713987954408 0.0007551223197764866
interest 0.0013812154696132596 0.7695510786217261 0.001062915854449898
studied 0.0013812154696132596 0.7958800173440752 0.001099281791911706
online 0.0013812154696132596 1.0969100130080565 0.0015150690787404093
university 0.0013812154696132596 0.2596373105057561 0.0003586150697593316
earn 0.0013812154696132596 0.9208187539523752 0.0012718491076690265
degree 0.0013812154696132596 2.0 0.0027624309392265192
criminal 0.0013812154696132596 0.9208187539523752 0.0012718491076690265
law 0.0013812154696132596 0.3665315444204135 0.0005062590392547148
psychology 0.0013812154696132596 2.0 0.0027624309392265192
accused 0.0013812154696132596 0.8239087409443188 0.0011379954985418768
molesting 0.0013812154696132596 2.0 0.0027624309392265192
young 0.0013812154696132596 0.3010299956639812 0.0004157872868287033
boy 0.0013812154696132596 0.7958800173440752 0.001099281791911706
loving 0.0013812154696132596 1.3010299956639813 0.001797002756441963
caring 0.0013812154696132596 1.3979400086720377 0.0019308563655691129
case 0.004143646408839779 0.5228787452803376 0.0021666246351395206
revealed 0.0013812154696132596 0.5086383061657272 0.0007025390969139879
seen 0.0013812154696132596 0.619788758288394 0.0008560618208403231
discredited 0.0013812154696132596 2.0 0.0027624309392265192
testimony 0.0013812154696132596 1.3979400086720377 0.0019308563655691129
acquitted 0.0013812154696132596 1.3010299956639813 0.001797002756441963
count 0.0013812154696132596 1.3979400086720377 0.0019308563655691129
took 0.0013812154696132596 0.28399665636520083 0.0003922605750900564
back 0.0013812154696132596 0.4202164033831899 0.0005804093969381075
order 0.0013812154696132596 0.494850021680094 0.0006834945050830028
restored 0.0013812154696132596 1.3010299956639813 0.001797002756441963
also 0.0013812154696132596 0.0861861476162833 0.00011904164035398246
complained 0.0013812154696132596 2.0 0.0027624309392265192
stopped 0.0013812154696132596 1.1549019599857433 0.0015951684530189825
paying 0.0013812154696132596 1.1549019599857433 0.0015951684530189825
settled 0.0013812154696132596 1.1549019599857433 0.0015951684530189825
sold 0.0013812154696132596 0.8860566476931633 0.001223835148747463
house 0.0013812154696132596 0.32790214206428253 0.0004529035111385118
moved 0.0013812154696132596 0.3872161432802645 0.0005348289271826858
palmdale 0.0013812154696132596 2.0 0.0027624309392265192
raise 0.0013812154696132596 1.0969100130080565 0.0015150690787404093
breed 0.0013812154696132596 1.6989700043360187 0.0023466436523978157
horse 0.0013812154696132596 1.3979400086720377 0.0019308563655691129
stayed 0.0013812154696132596 0.8239087409443188 0.0011379954985418768
public 0.0013812154696132596 0.2596373105057561 0.0003586150697593316
eye 0.0013812154696132596 1.2218487496163564 0.0016876363944977298
june 0.0013812154696132596 0.28399665636520083 0.0003922605750900564
ex 0.0027624309392265192 0.9208187539523752 0.002543698215338053
died 0.0013812154696132596 0.31875876262441283 0.0004402745340116199
mysterious 0.0013812154696132596 1.5228787452803376 0.0021034236813264333
cause 0.0013812154696132596 1.045757490560675 0.0014444164234263467
named 0.0013812154696132596 0.494850021680094 0.0006834945050830028
guardian 0.0013812154696132596 1.045757490560675 0.0014444164234263467
eldest 0.0013812154696132596 1.0969100130080565 0.0015150690787404093
xa 0.0027624309392265192 0.17392519729917358 0.00048045634613031374
since 0.0013812154696132596 0.3372421683184259 0.00046580409988732855
death 0.0027624309392265192 0.2365720064370627 0.0006535138299366372
rumor 0.0013812154696132596 1.6989700043360187 0.0023466436523978157
seeking 0.0013812154696132596 0.958607314841775 0.001324043252543888
late 0.004143646408839779 0.3665315444204135 0.0015187771177641444
yet 0.0013812154696132596 0.6777807052660807 0.000936161195118896
take 0.0013812154696132596 0.48148606012211254 0.0006650359946438018
official 0.0013812154696132596 0.721246399047171 0.0009961966837668107
legal 0.0013812154696132596 0.5086383061657272 0.0007025390969139879
action 0.0013812154696132596 0.585026652029182 0.0008080478619187597
however 0.0013812154696132596 0.32790214206428253 0.0004529035111385118
developed 0.0013812154696132596 0.7958800173440752 0.001099281791911706
bond 0.0013812154696132596 1.0969100130080565 0.0015150690787404093
pair 0.0013812154696132596 0.7958800173440752 0.001099281791911706
photographed 0.0013812154696132596 1.3979400086720377 0.0019308563655691129
recent 0.0013812154696132596 1.045757490560675 0.0014444164234263467
engaged 0.0013812154696132596 1.045757490560675 0.0014444164234263467
marc 0.0013812154696132596 1.3979400086720377 0.0019308563655691129
schaffel 0.0013812154696132596 2.0 0.0027624309392265192
music 0.0013812154696132596 0.4559319556497244 0.0006297402702344259
producer 0.0013812154696132596 0.8239087409443188 0.0011379954985418768
friend 0.0013812154696132596 0.638272163982407 0.0008815913867160318
check 0.0013812154696132596 0.07058107428570728 9.748767166534155e-05
strive 0.0013812154696132596 0.07058107428570728 9.748767166534155e-05
accuracy 0.0013812154696132596 0.07058107428570728 9.748767166534155e-05
fairness 0.0013812154696132596 0.07058107428570728 9.748767166534155e-05
see 0.0027624309392265192 0.04575749056067514 0.0001264019076261744
something 0.0013812154696132596 0.07058107428570728 9.748767166534155e-05
look 0.0013812154696132596 0.07058107428570728 9.748767166534155e-05
citation 0.0013812154696132596 0.07058107428570728 9.748767166534155e-05
information 0.0013812154696132596 0.07058107428570728 9.748767166534155e-05
article 0.0013812154696132596 0.07058107428570728 9.748767166534155e-05
title 0.0013812154696132596 0.07058107428570728 9.748767166534155e-05
author 0.0013812154696132596 0.06048074738138145 8.35369438969357e-05
com 0.0027624309392265192 0.06048074738138145 0.0001670738877938714
editor 0.0013812154696132596 0.1023729087095586 0.00014139904517894834
website 0.0027624309392265192 0.0655015487564323 0.0001809435048520229
url 0.0013812154696132596 0.07058107428570728 9.748767166534155e-05
access 0.0013812154696132596 0.07058107428570728 9.748767166534155e-05
publisher 0.0013812154696132596 0.07058107428570728 9.748767166534155e-05
e 0.0027624309392265192 0.04575749056067514 0.0001264019076261744
television 0.0027624309392265192 0.04575749056067514 0.0001264019076261744
network 0.0027624309392265192 0.04575749056067514 0.0001264019076261744
last 0.0013812154696132596 0.0655015487564323 9.047175242601145e-05
updated 0.0013812154696132596 0.07058107428570728 9.748767166534155e-05
may 0.0013812154696132596 0.3098039199714864 0.00042790596681144526
original 0.0013812154696132596 0.0655015487564323 9.047175242601145e-05
published 0.0013812154696132596 0.07058107428570728 9.748767166534155e-05
receive 0.0013812154696132596 0.05551732784983141 7.668139205777819e-05
story 0.004143646408839779 0.05551732784983141 0.00023004417617333457
shaped 0.0027624309392265192 0.05551732784983141 0.00015336278411555638
world 0.0013812154696132596 0.04575749056067514 6.32009538130872e-05
person 0.012430939226519336 0.05060999335508724 0.000629129751651637
international 0.0027624309392265192 0.40893539297350084 0.0011296557816947537
superstar 0.0027624309392265192 0.853871964321762 0.002358762332380558
rest 0.0027624309392265192 0.6020599913279624 0.0016631491473148132
famous 0.0027624309392265192 0.494850021680094 0.0013669890101660055
blanket 0.0027624309392265192 0.9208187539523752 0.002543698215338053
ii 0.0013812154696132596 0.48148606012211254 0.0006650359946438018
bigi 0.0013812154696132596 1.045757490560675 0.0014444164234263467
third 0.0013812154696132596 0.4202164033831899 0.0005804093969381075
legend 0.0027624309392265192 0.5686362358410126 0.001570818331052521
joseph 0.004143646408839779 0.585026652029182 0.002424143585756279
jr 0.0013812154696132596 0.32790214206428253 0.0004529035111385118
nicknamed 0.0013812154696132596 0.9208187539523752 0.0012718491076690265
conrad 0.0027624309392265192 1.0 0.0027624309392265192
murray 0.0027624309392265192 1.0969100130080565 0.0030301381574808187
found 0.0013812154696132596 0.3372421683184259 0.00046580409988732855
guilty 0.0013812154696132596 0.7958800173440752 0.001099281791911706
involuntary 0.0013812154696132596 1.3979400086720377 0.0019308563655691129
manslaughter 0.0013812154696132596 1.3010299956639813 0.001797002756441963
tyra 0.004143646408839779 1.5228787452803376 0.0063102710439792995
bank 0.004143646408839779 1.0 0.004143646408839779
former 0.0013812154696132596 0.27572413039921095 0.0003808344342530538
supermodel 0.0013812154696132596 1.2218487496163564 0.0016876363944977298
turned 0.0013812154696132596 0.638272163982407 0.0008815913867160318
runway 0.0013812154696132596 1.2218487496163564 0.0016876363944977298
success 0.0013812154696132596 0.431798275933005 0.0005964064584710014
multimedia 0.0013812154696132596 1.5228787452803376 0.0021034236813264333
brand 0.0013812154696132596 1.1549019599857433 0.0015951684530189825
helm 0.0013812154696132596 1.3979400086720377 0.0019308563655691129
successful 0.0013812154696132596 0.4559319556497244 0.0006297402702344259
tv 0.0013812154696132596 0.5228787452803376 0.0007222082117131735
series 0.0013812154696132596 0.37675070960209955 0.0005203739082901927
simultaneously 0.0013812154696132596 1.3979400086720377 0.0019308563655691129
america 0.0013812154696132596 0.37675070960209955 0.0005203739082901927
top 0.0013812154696132596 0.48148606012211254 0.0006650359946438018
model 0.0013812154696132596 1.0 0.0013812154696132596
show 0.0013812154696132596 0.494850021680094 0.0006834945050830028
multi 0.0013812154696132596 0.6020599913279624 0.0008315745736574066
talented 0.0013812154696132596 0.7447274948966939 0.0010286291365976434
musical 0.0013812154696132596 0.48148606012211254 0.0006650359946438018
entertainer 0.0013812154696132596 0.8239087409443188 0.0011379954985418768
enjoyed 0.0013812154696132596 0.6575773191777938 0.0009082559657151849
chart 0.0013812154696132596 0.6777807052660807 0.000936161195118896
topping 0.0013812154696132596 0.7958800173440752 0.001099281791911706
career 0.0013812154696132596 0.17392519729917358 0.00024022817306515687
solo 0.0013812154696132596 0.6575773191777938 0.0009082559657151849
artist 0.0013812154696132596 0.619788758288394 0.0008560618208403231
released 0.0013812154696132596 0.3010299956639812 0.0004157872868287033
selling 0.0013812154696132596 0.6575773191777938 0.0009082559657151849
album 0.0013812154696132596 0.5686362358410126 0.0007854091655262605
thriller 0.0013812154696132596 0.7958800173440752 0.001099281791911706
number 0.0013812154696132596 0.4685210829577449 0.0006471285676211946
bad 0.0013812154696132596 0.6020599913279624 0.0008315745736574066
wall 0.0013812154696132596 0.5528419686577808 0.0007635938793615757
richard 0.0027624309392265192 0.6777807052660807 0.001872322390237792
speck 0.0027624309392265192 1.6989700043360187 0.004693287304795631
committed 0.0013812154696132596 0.9208187539523752 0.0012718491076690265
horrifying 0.0013812154696132596 1.3979400086720377 0.0019308563655691129
mass 0.0013812154696132596 0.958607314841775 0.001324043252543888
murder 0.0013812154696132596 1.3979400086720377 0.0019308563655691129
american 0.0013812154696132596 0.1023729087095586 0.00014139904517894834
brutalized 0.0013812154696132596 1.6989700043360187 0.0023466436523978157
killed 0.0013812154696132596 0.6989700043360189 0.0009654281827845564
eight 0.0013812154696132596 0.6989700043360189 0.0009654281827845564
student 0.0013812154696132596 0.6020599913279624 0.0008315745736574066
living 0.0013812154696132596 0.619788758288394 0.0008560618208403231
chicago 0.0013812154696132596 0.638272163982407 0.0008815913867160318
south 0.0013812154696132596 0.40893539297350084 0.0005648278908473768
side 0.0013812154696132596 0.585026652029182 0.0008080478619187597
loading 0.0013812154696132596 0.04575749056067514 6.32009538130872e-05
logo 0.0013812154696132596 0.04575749056067514 6.32009538130872e-05
registered 0.0013812154696132596 0.04575749056067514 6.32009538130872e-05
trademark 0.0013812154696132596 0.04575749056067514 6.32009538130872e-05
llc 0.0013812154696132596 0.04575749056067514 6.32009538130872e-05
close 0.0055248618784530384 0.04575749056067514 0.0002528038152523488
