elena 0.011387163561076604 1.3979400086720377 0.01591857152732134
kagan 0.036231884057971016 1.3979400086720377 0.05065000031420427
education 0.005175983436853002 0.19382002601611284 0.001003209244389818
fact 0.0031055900621118015 0.14116214857141457 0.0004383917657497347
age 0.003105590062111801 0.11350927482751813 0.00035251327586185755
biography 0.010351966873706004 0.04575749056067514 0.00047368002650802427
skip 0.0010351966873706005 0.04575749056067514 4.736800265080243e-05
main 0.0010351966873706005 0.04575749056067514 4.736800265080243e-05
content 0.0010351966873706005 0.04575749056067514 4.736800265080243e-05
people 0.004140786749482402 0.04575749056067514 0.0001894720106032097
nostalgia 0.003105590062111801 0.04575749056067514 0.00014210400795240725
celebrity 0.003105590062111801 0.04575749056067514 0.00014210400795240725
history 0.007246376811594203 0.04575749056067514 0.000331576018555617
culture 0.003105590062111801 0.04575749056067514 0.00014210400795240725
crime 0.003105590062111801 0.04575749056067514 0.00014210400795240725
scandal 0.003105590062111801 0.04575749056067514 0.00014210400795240725
video 0.003105590062111801 0.04575749056067514 0.00014210400795240725
contact 0.003105590062111801 0.04575749056067514 0.00014210400795240725
u 0.016563146997929608 0.20065945054641832 0.0033235519759241133
advertise 0.002070393374741201 0.04575749056067514 9.473600530160485e-05
privacy 0.003105590062111801 0.04575749056067514 0.00014210400795240725
notice 0.002070393374741201 0.04575749056067514 9.473600530160485e-05
term 0.002070393374741201 0.04575749056067514 9.473600530160485e-05
use 0.002070393374741201 0.04575749056067514 9.473600530160485e-05
copyright 0.002070393374741201 0.04575749056067514 9.473600530160485e-05
policy 0.004140786749482402 0.04575749056067514 0.0001894720106032097
ad 0.002070393374741201 0.04575749056067514 9.473600530160485e-05
choice 0.002070393374741201 0.04575749056067514 9.473600530160485e-05
accessibility 0.002070393374741201 0.04575749056067514 9.473600530160485e-05
support 0.002070393374741201 0.04575749056067514 9.473600530160485e-05
setting 0.0010351966873706005 0.04575749056067514 4.736800265080243e-05
february 0.0010351966873706005 0.04575749056067514 4.736800265080243e-05
subscribe 0.002070393374741201 0.04575749056067514 9.473600530160485e-05
newsletter 0.003105590062111801 0.04575749056067514 0.00014210400795240725
photo 0.002070393374741201 0.12493873660829993 0.0002586723325223601
chip 0.0010351966873706005 1.5228787452803376 0.001576479032381302
somodevilla 0.0010351966873706005 1.5228787452803376 0.001576479032381302
getty 0.002070393374741201 0.2291479883578558 0.0004744264769313785
image 0.002070393374741201 0.2218487496163564 0.00045931418140032385
quick 0.0010351966873706005 0.07058107428570728 7.306529429162245e-05
name 0.002070393374741201 0.05551732784983141 0.00011494270776362612
birth 0.002070393374741201 0.07058107428570728 0.0001461305885832449
date 0.004140786749482402 0.07058107428570728 0.0002922611771664898
april 0.003105590062111801 0.1549019599857432 0.0004810619875333639
hunter 0.003105590062111801 1.1549019599857433 0.0035866520496451652
college 0.005175983436853002 0.40893539297350084 0.0021166428207738137
high 0.003105590062111801 0.27572413039921095 0.0008562861192522079
school 0.010351966873706004 0.14874165128092467 0.0015397686468004625
princeton 0.003105590062111801 1.6989700043360187 0.005276304361291983
university 0.003105590062111801 0.2596373105057561 0.0008063270512601121
worcester 0.003105590062111801 2.0 0.006211180124223602
harvard 0.007246376811594203 0.7447274948966939 0.0053965760499760426
law 0.013457556935817806 0.3665315444204135 0.0049326191278109485
place 0.0010351966873706005 0.07572071393811834 7.838583223407697e-05
new 0.005175983436853002 0.14266750356873154 0.000738444635448921
york 0.003105590062111801 0.3467874862246563 0.0010769797708840257
city 0.002070393374741201 0.3665315444204135 0.0007588644812016843
zodiac 0.0010351966873706005 0.3010299956639812 0.0003116252543105396
sign 0.002070393374741201 0.05551732784983141 0.00011494270776362612
taurus 0.0010351966873706005 1.3979400086720377 0.001447142866120122
early 0.003105590062111801 0.07572071393811834 0.00023515749670223086
life 0.006211180124223602 0.13679614097137055 0.0008496654718718668
politics 0.002070393374741201 0.4685210829577449 0.0009700229460822877
first 0.009316770186335404 0.0655015487564323 0.0006102628766127233
female 0.003105590062111801 0.6020599913279624 0.001869751525863237
solicitor 0.008281573498964804 3.5228787452803374 0.02917497925698002
general 0.009316770186335404 0.4559319556497244 0.004247813251394948
supreme 0.016563146997929608 0.585026652029182 0.009689882435265956
court 0.022774327122153208 0.4202164033831899 0.009570145832743454
justice 0.021739130434782608 1.6925039620867872 0.03679356439319102
cite 0.0010351966873706005 0.07058107428570728 7.306529429162245e-05
page 0.0010351966873706005 0.07058107428570728 7.306529429162245e-05
quote 0.0010351966873706005 0.3872161432802645 0.0004008448688201496
cool 0.002070393374741201 1.2218487496163564 0.0025297075561415247
thing 0.002070393374741201 0.7447274948966939 0.0015418788714217267
smart 0.002070393374741201 1.3979400086720377 0.002894285732240244
girl 0.0031055900621118015 1.4948500216800942 0.004642391371677311
opposed 0.002070393374741201 0.9208187539523752 0.0019064570475204458
different 0.002070393374741201 0.7695510786217261 0.0015932734547033668
kind 0.002070393374741201 0.7958800173440752 0.0016477847149980855
think 0.002070393374741201 0.585026652029182 0.0012112353044082444
made 0.005175983436853002 0.1804560644581313 0.0009340376007149654
great 0.002070393374741201 0.5228787452803376 0.001082564690021403
deal 0.002070393374741201 0.5528419686577808 0.001144600349187952
difference 0.002070393374741201 1.1549019599857433 0.0023911013664301107
growing 0.002070393374741201 0.585026652029182 0.0012112353044082444
afterward 0.002070393374741201 0.853871964321762 0.0017678508578090313
publish 0.0010351966873706005 0.07058107428570728 7.306529429162245e-05
jun 0.0010351966873706005 1.045757490560675 0.0010825646900214027
comment 0.0031055900621118015 1.2254830342714507 0.003805847932520033
woman 0.006211180124223602 0.3979400086720376 0.002471677072497128
serve 0.006211180124223602 0.5086383061657272 0.003159244137675324
united 0.006211180124223602 0.18708664335714445 0.0011620288407276052
state 0.008281573498964804 0.4930892744484819 0.004083555067896331
america 0.0010351966873706005 0.37675070960209955 0.00039001108654461653
fourth 0.002070393374741201 0.721246399047171 0.0014932637661432113
hold 0.0010351966873706005 1.0 0.0010351966873706005
position 0.002070393374741201 0.619788758288394 0.0012832065388993666
inspired 0.0010351966873706005 0.6989700043360189 0.000723571433060061
father 0.002070393374741201 0.14874165128092467 0.00030795372936009253
work 0.003105590062111801 0.2218487496163564 0.0006889712721004856
manhattan 0.003105590062111801 1.1549019599857433 0.0035866520496451652
firm 0.003105590062111801 0.6020599913279624 0.001869751525863237
lubic 0.002070393374741201 2.0 0.004140786749482402
took 0.0010351966873706005 0.28399665636520083 0.00029399239789358264
interest 0.0010351966873706005 0.7695510786217261 0.0007966367273516834
became 0.005175983436853002 0.07572071393811834 0.00039192916117038477
following 0.0010351966873706005 0.2518119729937996 0.00026067492028343644
year 0.008281573498964804 0.24995468798823245 0.002070018119985362
confirmed 0.004140786749482402 0.8860566476931633 0.0036689716260586472
born 0.0010351966873706005 0.09151498112135023 9.47360053016048e-05
parent 0.0010351966873706005 0.4559319556497244 0.00047197925015499424
gloria 0.0010351966873706005 1.6989700043360187 0.0017587681204306613
robert 0.006211180124223602 1.7746907182741372 0.011022923715988429
grew 0.0010351966873706005 0.494850021680094 0.0005122671031885032
second 0.004140786749482402 0.19382002601611284 0.0008025673955118545
three 0.003105590062111801 0.2076083105017461 0.0006447463059060437
child 0.0010351966873706005 0.2076083105017461 0.0002149154353020146
middle 0.0010351966873706005 0.585026652029182 0.0006056176522041222
class 0.0010351966873706005 0.44369749923271273 0.0004593141814003238
jewish 0.0010351966873706005 1.6989700043360187 0.0017587681204306613
family 0.0010351966873706005 0.11918640771920867 0.0001233813744505266
living 0.0010351966873706005 0.619788758288394 0.0006416032694496833
upper 0.0010351966873706005 1.5228787452803376 0.001576479032381302
west 0.0010351966873706005 0.7695510786217261 0.0007966367273516834
side 0.0010351966873706005 0.585026652029182 0.0006056176522041222
mother 0.0010351966873706005 0.21467016498923297 0.00022222584367415424
educator 0.0010351966873706005 1.6989700043360187 0.0017587681204306613
teaching 0.002070393374741201 1.1549019599857433 0.0023911013664301107
student 0.0010351966873706005 0.853871964321762 0.0008839254289045157
elementary 0.0010351966873706005 0.8860566476931633 0.0009172429065146618
longtime 0.0010351966873706005 0.7447274948966939 0.0007709394357108633
partner 0.0010351966873706005 0.8860566476931633 0.0009172429065146618
working 0.0010351966873706005 0.35654732351381263 0.00036909660819235267
primarily 0.0010351966873706005 1.045757490560675 0.0010825646900214027
tenant 0.0010351966873706005 2.0 0.002070393374741201
association 0.0010351966873706005 1.6989700043360187 0.0017587681204306613
attended 0.0010351966873706005 0.5376020021010439 0.0005565238116988033
later 0.0010351966873706005 0.09151498112135023 9.47360053016048e-05
cited 0.0010351966873706005 1.6989700043360187 0.0017587681204306613
formative 0.0010351966873706005 2.0 0.002070393374741201
experience 0.002070393374741201 0.619788758288394 0.0012832065388993666
say 0.0010351966873706005 1.045757490560675 0.0010825646900214027
graduated 0.003105590062111801 0.6575773191777938 0.0020421655875086766
institution 0.002070393374741201 1.3010299956639813 0.0026936438833622804
headed 0.002070393374741201 0.958607314841775 0.0019846942336268635
studied 0.0010351966873706005 0.7958800173440752 0.0008238923574990427
ultimate 0.0010351966873706005 1.5228787452803376 0.001576479032381302
goal 0.0010351966873706005 0.9208187539523752 0.0009532285237602229
summa 0.0010351966873706005 1.5228787452803376 0.001576479032381302
cum 0.002070393374741201 1.0 0.002070393374741201
laude 0.002070393374741201 1.0 0.002070393374741201
bachelor 0.0010351966873706005 1.3010299956639813 0.0013468219416811402
degree 0.002070393374741201 0.5228787452803376 0.001082564690021403
also 0.002070393374741201 0.0861861476162833 0.0001784392290192201
earned 0.002070393374741201 0.40893539297350084 0.0008466571283095257
daniel 0.0010351966873706005 1.0969100130080565 0.0011355176118095823
sachs 0.0010351966873706005 1.6989700043360187 0.0017587681204306613
graduating 0.0010351966873706005 0.5528419686577808 0.000572300174593976
fellow 0.002070393374741201 0.6020599913279624 0.0012465010172421583
scholarship 0.0010351966873706005 1.2218487496163564 0.0012648537780707624
alma 0.0010351966873706005 1.3010299956639813 0.0013468219416811402
mater 0.0010351966873706005 1.3979400086720377 0.001447142866120122
allowed 0.0010351966873706005 0.7958800173440752 0.0008238923574990427
attend 0.0010351966873706005 0.7958800173440752 0.0008238923574990427
oxford 0.0010351966873706005 1.5228787452803376 0.001576479032381302
england 0.0010351966873706005 0.8860566476931633 0.0009172429065146618
master 0.0010351966873706005 0.853871964321762 0.0008839254289045157
philosophy 0.0010351966873706005 1.2218487496163564 0.0012648537780707624
moving 0.0010351966873706005 0.8860566476931633 0.0009172429065146618
immediately 0.0010351966873706005 0.853871964321762 0.0008839254289045157
served 0.003105590062111801 0.2676062401770315 0.0008310752800528928
supervising 0.0010351966873706005 1.6989700043360187 0.0017587681204306613
editor 0.002070393374741201 1.1481303992702336 0.0023770815719880616
review 0.0010351966873706005 1.045757490560675 0.0010825646900214027
magna 0.0010351966873706005 1.2218487496163564 0.0012648537780707624
landed 0.0010351966873706005 1.045757490560675 0.0010825646900214027
job 0.002070393374741201 0.5686362358410126 0.0011773006953230076
clerking 0.002070393374741201 2.0 0.004140786749482402
judge 0.0010351966873706005 0.585026652029182 0.0006056176522041222
abner 0.0010351966873706005 2.0 0.002070393374741201
mikva 0.0010351966873706005 2.0 0.002070393374741201
appeal 0.002070393374741201 1.045757490560675 0.0021651293800428054
district 0.0010351966873706005 0.721246399047171 0.0007466318830716056
columbia 0.0010351966873706005 0.8239087409443188 0.000852907599321241
circuit 0.002070393374741201 1.0 0.002070393374741201
next 0.002070393374741201 0.07058107428570728 0.0001461305885832449
began 0.002070393374741201 0.20065945054641826 0.000415443996990514
another 0.0010351966873706005 0.40893539297350084 0.00042332856415476283
time 0.006211180124223602 0.4791236183116582 0.002975923095103467
thurgood 0.0010351966873706005 2.0 0.002070393374741201
marshall 0.0010351966873706005 1.1549019599857433 0.0011955506832150554
worked 0.0010351966873706005 0.3098039199714864 0.0003207079916889093
michael 0.0010351966873706005 0.494850021680094 0.0005122671031885032
dukakis 0.002070393374741201 1.6989700043360187 0.0035175362408613226
presidential 0.002070393374741201 0.3665315444204135 0.0007588644812016843
campaign 0.0010351966873706005 0.3872161432802645 0.0004008448688201496
lost 0.0010351966873706005 0.6989700043360189 0.000723571433060061
bid 0.0010351966873706005 0.6020599913279624 0.0006232505086210792
private 0.0010351966873706005 0.6020599913279624 0.0006232505086210792
sector 0.0010351966873706005 1.3979400086720377 0.001447142866120122
associate 0.005175983436853002 0.9208187539523752 0.004766142618801114
washington 0.002070393374741201 0.3979400086720376 0.0008238923574990427
c 0.003105590062111801 0.35654732351381263 0.0011072898245770577
williams 0.002070393374741201 0.8860566476931633 0.0018344858130293236
connolly 0.002070393374741201 2.0 0.004140786749482402
returned 0.002070393374741201 0.5086383061657272 0.0010530813792251083
academia 0.0010351966873706005 2.0 0.002070393374741201
professor 0.004140786749482402 0.8860566476931633 0.0036689716260586472
chicago 0.0010351966873706005 0.638272163982407 0.0006607372297954525
tenured 0.0010351966873706005 2.0 0.002070393374741201
left 0.002070393374741201 0.2924298239020636 0.0006054447699835687
however 0.002070393374741201 0.32790214206428253 0.0006788864224933387
counsel 0.0010351966873706005 0.958607314841775 0.0009923471168134317
president 0.011387163561076604 0.16749108729376372 0.0019072484060366469
bill 0.003105590062111801 0.4202164033831899 0.0013050198862831982
clinton 0.004140786749482402 0.5228787452803376 0.002165129380042806
four 0.0010351966873706005 0.28399665636520083 0.00029399239789358264
white 0.0010351966873706005 0.3872161432802645 0.0004008448688201496
house 0.0010351966873706005 0.32790214206428253 0.00033944321124666934
promoted 0.0010351966873706005 0.8860566476931633 0.0009172429065146618
several 0.0010351966873706005 0.32790214206428253 0.00033944321124666934
deputy 0.002070393374741201 0.9208187539523752 0.0019064570475204458
assistant 0.0010351966873706005 0.8860566476931633 0.0009172429065146618
domestic 0.002070393374741201 1.045757490560675 0.0021651293800428054
role 0.002070393374741201 0.3665315444204135 0.0007588644812016843
director 0.0010351966873706005 0.5686362358410126 0.0005886503476615038
council 0.0010351966873706005 0.7695510786217261 0.0007966367273516834
read 0.002070393374741201 0.0655015487564323 0.0001356139725806052
bella 0.0010351966873706005 0.0655015487564323 6.78069862903026e-05
hadid 0.0010351966873706005 0.0655015487564323 6.78069862903026e-05
sadie 0.0010351966873706005 0.06048074738138145 6.260946933890419e-05
alexander 0.0010351966873706005 0.05551732784983141 5.747135388181306e-05
adrienne 0.0010351966873706005 0.0655015487564323 6.78069862903026e-05
kennedy 0.004140786749482402 0.06048074738138145 0.00025043787735561676
office 0.0010351966873706005 0.31875876262441283 0.0003299780151391437
nominated 0.005175983436853002 0.853871964321762 0.004419627144522578
nomination 0.0010351966873706005 0.5086383061657272 0.0005265406896125542
languished 0.0010351966873706005 2.0 0.002070393374741201
senate 0.004140786749482402 0.5686362358410126 0.002354601390646015
judiciary 0.002070393374741201 1.045757490560675 0.0021651293800428054
committee 0.002070393374741201 0.638272163982407 0.001321474459590905
higher 0.0010351966873706005 1.0969100130080565 0.0011355176118095823
starting 0.0010351966873706005 0.958607314841775 0.0009923471168134317
visiting 0.0010351966873706005 1.3010299956639813 0.0013468219416811402
quickly 0.0010351966873706005 0.619788758288394 0.0006416032694496833
climbed 0.0010351966873706005 1.3010299956639813 0.0013468219416811402
ladder 0.0010351966873706005 2.0 0.002070393374741201
dean 0.002070393374741201 0.958607314841775 0.0019846942336268635
five 0.0010351966873706005 0.48148606012211254 0.0004984327744535327
big 0.0010351966873706005 0.5228787452803376 0.0005412823450107015
change 0.002070393374741201 0.8860566476931633 0.0018344858130293236
including 0.0010351966873706005 0.2365720064370627 0.00024489855738826365
faculty 0.0010351966873706005 1.3979400086720377 0.001447142866120122
expansion 0.0010351966873706005 1.3010299956639813 0.0013468219416811402
curriculum 0.0010351966873706005 2.0 0.002070393374741201
development 0.0010351966873706005 0.7695510786217261 0.0007966367273516834
campus 0.0010351966873706005 1.6989700043360187 0.0017587681204306613
facility 0.0010351966873706005 1.3010299956639813 0.0013468219416811402
alumnus 0.0010351966873706005 2.0 0.002070393374741201
barack 0.002070393374741201 0.3872161432802645 0.0008016897376402992
obama 0.004140786749482402 0.37675070960209955 0.0015600443461784661
election 0.0010351966873706005 0.44369749923271273 0.0004593141814003238
selected 0.0010351966873706005 1.2218487496163564 0.0012648537780707624
january 0.0010351966873706005 0.2676062401770315 0.0002770250933509643
received 0.0010351966873706005 0.28399665636520083 0.00029399239789358264
endorsement 0.0010351966873706005 1.3010299956639813 0.0013468219416811402
previous 0.002070393374741201 1.1549019599857433 0.0023911013664301107
march 0.002070393374741201 0.27572413039921095 0.0005708574128348053
confirmation 0.004140786749482402 0.958607314841775 0.003969388467253727
one 0.002070393374741201 0.08092190762392613 0.00016754018141599614
replace 0.0010351966873706005 1.0969100130080565 0.0011355176118095823
john 0.004140786749482402 0.37675070960209955 0.0015600443461784661
paul 0.0010351966873706005 0.721246399047171 0.0007466318830716056
stevens 0.0010351966873706005 1.3979400086720377 0.001447142866120122
bench 0.002070393374741201 2.0 0.004140786749482402
retirement 0.002070393374741201 1.1549019599857433 0.0023911013664301107
august 0.0010351966873706005 0.494850021680094 0.0005122671031885032
vote 0.0010351966873706005 0.638272163982407 0.0006607372297954525
making 0.0010351966873706005 0.3979400086720376 0.00041194617874952137
sit 0.0010351966873706005 0.958607314841775 0.0009923471168134317
old 0.0010351966873706005 0.28399665636520083 0.00029399239789358264
youngest 0.0010351966873706005 0.5228787452803376 0.0005412823450107015
member 0.0010351966873706005 0.3010299956639812 0.0003116252543105396
current 0.0010351966873706005 1.045757490560675 0.0010825646900214027
judicial 0.0010351966873706005 1.1549019599857433 0.0011955506832150554
addition 0.0010351966873706005 0.6777807052660807 0.000701636340855156
approval 0.0010351966873706005 1.0969100130080565 0.0011355176118095823
put 0.0010351966873706005 0.6777807052660807 0.000701636340855156
ruth 0.0010351966873706005 1.1549019599857433 0.0011955506832150554
bader 0.0010351966873706005 1.3979400086720377 0.001447142866120122
ginsburg 0.002070393374741201 1.3979400086720377 0.002894285732240244
sonia 0.003105590062111801 1.3010299956639813 0.00404046582504342
sotomayor 0.004140786749482402 1.3010299956639813 0.005387287766724561
country 0.0010351966873706005 0.27572413039921095 0.00028542870641740266
highest 0.0010351966873706005 1.0 0.0010351966873706005
day 0.002070393374741201 0.7013652168755644 0.0014521018982930941
hearing 0.002070393374741201 2.318758762624413 0.004800742779760689
joshua 0.0010351966873706005 1.6989700043360187 0.0017587681204306613
bloomberg 0.0010351966873706005 1.3979400086720377 0.001447142866120122
via 0.0010351966873706005 0.5086383061657272 0.0005265406896125542
continued 0.0010351966873706005 0.3372421683184259 0.000349111975484913
make 0.002070393374741201 1.3080348972326397 0.002708146785160745
sided 0.0010351966873706005 2.0 0.002070393374741201
majority 0.004140786749482402 0.7447274948966939 0.0030837577428434533
two 0.0010351966873706005 0.11918640771920867 0.0001233813744505266
landmark 0.0010351966873706005 1.2218487496163564 0.0012648537780707624
ruling 0.004140786749482402 2.4436974992327127 0.010118830224566099
june 0.002070393374741201 0.28399665636520083 0.0005879847957871653
six 0.0010351966873706005 0.5686362358410126 0.0005886503476615038
uphold 0.0010351966873706005 1.3979400086720377 0.001447142866120122
critical 0.0010351966873706005 1.0969100130080565 0.0011355176118095823
component 0.0010351966873706005 1.6989700043360187 0.0017587681204306613
affordable 0.002070393374741201 1.0969100130080565 0.0022710352236191647
care 0.003105590062111801 0.5376020021010439 0.0016695714350964095
act 0.002070393374741201 0.4685210829577449 0.0009700229460822877
often 0.0010351966873706005 0.5376020021010439 0.0005565238116988033
referred 0.0010351966873706005 1.0 0.0010351966873706005
obamacare 0.0010351966873706005 1.2218487496163564 0.0012648537780707624
king 0.0010351966873706005 0.4685210829577449 0.00048501147304114384
v 0.002070393374741201 0.8860566476931633 0.0018344858130293236
burwell 0.0010351966873706005 1.6989700043360187 0.0017587681204306613
decision 0.002070393374741201 0.585026652029182 0.0012112353044082444
allows 0.0010351966873706005 2.0 0.002070393374741201
federal 0.002070393374741201 0.6020599913279624 0.0012465010172421583
government 0.0010351966873706005 0.494850021680094 0.0005122671031885032
continue 0.0010351966873706005 0.6777807052660807 0.000701636340855156
providing 0.0010351966873706005 1.0969100130080565 0.0011355176118095823
subsidy 0.0010351966873706005 1.1549019599857433 0.0011955506832150554
american 0.0031055900621118015 0.6552148773673394 0.0020348288116998118
purchase 0.0010351966873706005 1.0 0.0010351966873706005
health 0.0010351966873706005 0.5528419686577808 0.000572300174593976
exchange 0.0010351966873706005 2.0 0.002070393374741201
regardless 0.0010351966873706005 1.2218487496163564 0.0012648537780707624
whether 0.0010351966873706005 0.8860566476931633 0.0009172429065146618
federally 0.0010351966873706005 1.6989700043360187 0.0017587681204306613
operated 0.0010351966873706005 1.5228787452803376 0.001576479032381302
considered 0.0010351966873706005 0.721246399047171 0.0007466318830716056
instrumental 0.0010351966873706005 1.1549019599857433 0.0011955506832150554
introduced 0.0010351966873706005 0.9208187539523752 0.0009532285237602229
logic 0.0010351966873706005 2.0 0.002070393374741201
favor 0.0010351966873706005 0.7695510786217261 0.0007966367273516834
oral 0.002070393374741201 1.6989700043360187 0.0035175362408613226
argument 0.002070393374741201 1.2218487496163564 0.0025297075561415247
earlier 0.0010351966873706005 0.9208187539523752 0.0009532285237602229
case 0.0010351966873706005 0.5228787452803376 0.0005412823450107015
chief 0.004140786749482402 0.5686362358410126 0.002354601390646015
massive 0.0010351966873706005 1.0 0.0010351966873706005
victory 0.0010351966873706005 0.5686362358410126 0.0005886503476615038
difficult 0.0010351966873706005 1.0 0.0010351966873706005
undo 0.0010351966873706005 2.0 0.002070393374741201
conservative 0.002070393374741201 0.8239087409443188 0.001705815198642482
clarence 0.003105590062111801 1.5228787452803376 0.004729437097143905
thomas 0.003105590062111801 0.853871964321762 0.0026517762867135464
samuel 0.003105590062111801 1.3979400086720377 0.004341428598360365
alito 0.003105590062111801 1.6989700043360187 0.005276304361291983
antonin 0.003105590062111801 1.2218487496163564 0.0037945613342122864
scalia 0.004140786749482402 1.2218487496163564 0.0050594151122830494
dissent 0.0010351966873706005 1.3010299956639813 0.0013468219416811402
presenting 0.0010351966873706005 1.3979400086720377 0.001447142866120122
scathing 0.0010351966873706005 1.6989700043360187 0.0017587681204306613
dissenting 0.002070393374741201 1.5228787452803376 0.003152958064762604
opinion 0.003105590062111801 1.045757490560675 0.003247694070064208
handed 0.0010351966873706005 1.5228787452803376 0.001576479032381302
historic 0.0010351966873706005 0.6989700043360189 0.000723571433060061
many 0.0010351966873706005 0.28399665636520083 0.00029399239789358264
joining 0.0010351966873706005 0.7695510786217261 0.0007966367273516834
xa 0.0010351966873706005 0.17392519729917358 0.0001800467880943826
obergefell 0.0010351966873706005 2.0 0.002070393374741201
hodges 0.0010351966873706005 1.6989700043360187 0.0017587681204306613
sex 0.002070393374741201 0.7958800173440752 0.0016477847149980855
marriage 0.002070393374741201 0.5376020021010439 0.0011130476233976066
legal 0.0010351966873706005 0.5086383061657272 0.0005265406896125542
although 0.0010351966873706005 0.431798275933005 0.0004469961448581833
statement 0.0010351966873706005 0.638272163982407 0.0006607372297954525
constitutional 0.0010351966873706005 1.045757490560675 0.0010825646900214027
right 0.002070393374741201 0.07058107428570728 0.0001461305885832449
suggested 0.0010351966873706005 0.8239087409443188 0.000852907599321241
perhaps 0.0010351966873706005 1.1549019599857433 0.0011955506832150554
changed 0.0010351966873706005 0.6989700043360189 0.000723571433060061
joined 0.0010351966873706005 0.4685210829577449 0.00048501147304114384
anthony 0.003105590062111801 1.1549019599857433 0.0035866520496451652
stephen 0.003105590062111801 1.0969100130080565 0.0034065528354287463
breyer 0.003105590062111801 1.6989700043360187 0.005276304361291983
reading 0.0010351966873706005 1.3010299956639813 0.0013468219416811402
check 0.0010351966873706005 0.07058107428570728 7.306529429162245e-05
strive 0.0010351966873706005 0.07058107428570728 7.306529429162245e-05
accuracy 0.0010351966873706005 0.07058107428570728 7.306529429162245e-05
fairness 0.0010351966873706005 0.07058107428570728 7.306529429162245e-05
see 0.002070393374741201 0.04575749056067514 9.473600530160485e-05
something 0.0010351966873706005 0.07058107428570728 7.306529429162245e-05
look 0.0010351966873706005 0.07058107428570728 7.306529429162245e-05
citation 0.0010351966873706005 0.07058107428570728 7.306529429162245e-05
information 0.0010351966873706005 0.07058107428570728 7.306529429162245e-05
article 0.0010351966873706005 0.07058107428570728 7.306529429162245e-05
title 0.0010351966873706005 0.07058107428570728 7.306529429162245e-05
author 0.0010351966873706005 0.06048074738138145 6.260946933890419e-05
com 0.002070393374741201 0.06048074738138145 0.00012521893867780838
website 0.002070393374741201 0.0655015487564323 0.0001356139725806052
url 0.0010351966873706005 0.07058107428570728 7.306529429162245e-05
access 0.0010351966873706005 0.07058107428570728 7.306529429162245e-05
publisher 0.0010351966873706005 0.07058107428570728 7.306529429162245e-05
e 0.002070393374741201 0.04575749056067514 9.473600530160485e-05
television 0.002070393374741201 0.04575749056067514 9.473600530160485e-05
network 0.002070393374741201 0.04575749056067514 9.473600530160485e-05
last 0.0010351966873706005 0.0655015487564323 6.78069862903026e-05
updated 0.0010351966873706005 0.07058107428570728 7.306529429162245e-05
original 0.0010351966873706005 0.0655015487564323 6.78069862903026e-05
published 0.0010351966873706005 0.07058107428570728 7.306529429162245e-05
receive 0.0010351966873706005 0.05551732784983141 5.747135388181306e-05
story 0.003105590062111801 0.05551732784983141 0.00017241406164543915
shaped 0.002070393374741201 0.05551732784983141 0.00011494270776362612
world 0.0010351966873706005 0.04575749056067514 4.736800265080243e-05
person 0.010351966873706004 0.05060999335508724 0.0005239129746903441
george 0.0010351966873706005 0.4685210829577449 0.00048501147304114384
w 0.0010351966873706005 0.6989700043360189 0.000723571433060061
bush 0.0010351966873706005 0.7447274948966939 0.0007709394357108633
may 0.0010351966873706005 0.3098039199714864 0.0003207079916889093
latina 0.0010351966873706005 1.5228787452803376 0.001576479032381302
lawyer 0.0010351966873706005 0.48148606012211254 0.0004984327744535327
best 0.0010351966873706005 0.13667713987954408 0.00014148772244259222
known 0.0010351966873706005 0.06048074738138145 6.260946933890419e-05
appointed 0.003105590062111801 0.6777807052660807 0.002104909022565468
ronald 0.0010351966873706005 1.0 0.0010351966873706005
reagan 0.0010351966873706005 1.045757490560675 0.0010825646900214027
lengthy 0.0010351966873706005 1.045757490560675 0.0010825646900214027
career 0.0010351966873706005 0.17392519729917358 0.0001800467880943826
attorney 0.002070393374741201 0.494850021680094 0.0010245342063770063
janet 0.002070393374741201 0.8860566476931633 0.0018344858130293236
reno 0.002070393374741201 1.5228787452803376 0.003152958064762604
broke 0.0010351966873706005 0.853871964321762 0.0008839254289045157
ground 0.0010351966873706005 1.045757490560675 0.0010825646900214027
serving 0.0010351966873706005 0.48148606012211254 0.0004984327744535327
african 0.0010351966873706005 0.28399665636520083 0.00029399239789358264
controversially 0.0010351966873706005 2.0 0.002070393374741201
lean 0.0010351966873706005 2.0 0.002070393374741201
william 0.002070393374741201 0.8239087409443188 0.001705815198642482
howard 0.002070393374741201 0.958607314841775 0.0019846942336268635
taft 0.002070393374741201 2.0 0.004140786749482402
th 0.0010351966873706005 0.2076083105017461 0.0002149154353020146
fulfilled 0.0010351966873706005 1.3010299956639813 0.0013468219416811402
lifelong 0.0010351966873706005 1.3979400086720377 0.001447142866120122
dream 0.0010351966873706005 0.8860566476931633 0.0009172429065146618
becoming 0.0010351966873706005 0.3372421683184259 0.000349111975484913
loading 0.0010351966873706005 0.04575749056067514 4.736800265080243e-05
logo 0.0010351966873706005 0.04575749056067514 4.736800265080243e-05
registered 0.0010351966873706005 0.04575749056067514 4.736800265080243e-05
trademark 0.0010351966873706005 0.04575749056067514 4.736800265080243e-05
llc 0.0010351966873706005 0.04575749056067514 4.736800265080243e-05
close 0.004140786749482402 0.04575749056067514 0.0001894720106032097
