prince 0.03369272237196765 0.6989700043360189 0.02355020230242651
jackson 0.068733153638814 1.4814860601221125 0.1018272089841344
age 0.004043126684636119 0.11350927482751813 0.00045893237800883344
mother 0.005390835579514825 0.21467016498923297 0.001157251563284275
biological 0.005390835579514825 1.045757490560675 0.005637506687658626
father 0.008086253369272238 0.14874165128092467 0.0012027626788214934
biography 0.013477088948787063 0.04575749056067514 0.0006166777703595033
skip 0.0013477088948787063 0.04575749056067514 6.166777703595033e-05
main 0.0013477088948787063 0.04575749056067514 6.166777703595033e-05
content 0.0013477088948787063 0.04575749056067514 6.166777703595033e-05
people 0.005390835579514825 0.04575749056067514 0.0002466711081438013
nostalgia 0.004043126684636119 0.04575749056067514 0.00018500333110785098
celebrity 0.004043126684636119 0.04575749056067514 0.00018500333110785098
history 0.006738544474393531 0.04575749056067514 0.00030833888517975167
culture 0.004043126684636119 0.04575749056067514 0.00018500333110785098
crime 0.004043126684636119 0.04575749056067514 0.00018500333110785098
scandal 0.004043126684636119 0.04575749056067514 0.00018500333110785098
video 0.004043126684636119 0.04575749056067514 0.00018500333110785098
contact 0.004043126684636119 0.04575749056067514 0.00018500333110785098
u 0.004043126684636119 0.04575749056067514 0.00018500333110785098
advertise 0.0026954177897574125 0.04575749056067514 0.00012333555407190066
privacy 0.004043126684636119 0.04575749056067514 0.00018500333110785098
notice 0.0026954177897574125 0.04575749056067514 0.00012333555407190066
term 0.0026954177897574125 0.04575749056067514 0.00012333555407190066
use 0.0026954177897574125 0.04575749056067514 0.00012333555407190066
copyright 0.0026954177897574125 0.04575749056067514 0.00012333555407190066
policy 0.0026954177897574125 0.04575749056067514 0.00012333555407190066
ad 0.0026954177897574125 0.04575749056067514 0.00012333555407190066
choice 0.0026954177897574125 0.04575749056067514 0.00012333555407190066
accessibility 0.0026954177897574125 0.04575749056067514 0.00012333555407190066
support 0.0026954177897574125 0.04575749056067514 0.00012333555407190066
setting 0.0013477088948787063 0.04575749056067514 6.166777703595033e-05
february 0.005390835579514825 0.04575749056067514 0.0002466711081438013
subscribe 0.0026954177897574125 0.04575749056067514 0.00012333555407190066
newsletter 0.004043126684636119 0.04575749056067514 0.00018500333110785098
quick 0.0013477088948787063 0.07058107428570728 9.512274162494244e-05
fact 0.0026954177897574125 0.14116214857141457 0.00038049096649976974
name 0.004043126684636119 0.05551732784983141 0.00022446358968934534
michael 0.0431266846361186 0.494850021680094 0.02134124082717387
joseph 0.01078167115902965 0.585026652029182 0.006307564981446707
jr 0.008086253369272238 0.32790214206428253 0.0026514998010588884
birth 0.0026954177897574125 0.07058107428570728 0.00019024548324988487
date 0.005390835579514825 0.07058107428570728 0.00038049096649976974
place 0.0013477088948787063 0.07572071393811834 0.00010204947970096813
los 0.005390835579514825 0.6020599913279624 0.0032456064222531667
angeles 0.005390835579514825 0.6020599913279624 0.0032456064222531667
california 0.005390835579514825 0.5528419686577808 0.0029802801544893845
nickname 0.0013477088948787063 0.9208187539523752 0.001240995625272743
full 0.0013477088948787063 0.3010299956639812 0.00040570080278164584
zodiac 0.0013477088948787063 0.3010299956639812 0.00040570080278164584
sign 0.0026954177897574125 0.05551732784983141 0.00014964239312623023
aquarius 0.0013477088948787063 1.5228787452803376 0.002052397230836035
cite 0.0013477088948787063 0.07058107428570728 9.512274162494244e-05
page 0.0013477088948787063 0.07058107428570728 9.512274162494244e-05
publish 0.0013477088948787063 0.07058107428570728 9.512274162494244e-05
jun 0.0013477088948787063 1.045757490560675 0.0014093766719146565
comment 0.0026954177897574125 0.07058107428570728 0.00019024548324988487
nicknamed 0.0013477088948787063 0.9208187539523752 0.001240995625272743
first 0.005390835579514825 0.0655015487564323 0.00035310807954950027
child 0.008086253369272238 0.5000381344038097 0.00404343504908741
late 0.004043126684636119 0.3665315444204135 0.0014819334680070627
pop 0.01078167115902965 0.5686362358410126 0.006130848903946228
star 0.0026954177897574125 0.32790214206428253 0.0008838332670196295
also 0.0026954177897574125 0.0861861476162833 0.00023230767551558844
known 0.005390835579514825 0.06048074738138145 0.0003260417648591992
debbie 0.0026954177897574125 1.1549019599857433 0.003112943288371276
rowe 0.008086253369272238 1.2218487496163564 0.009880178568326332
former 0.0026954177897574125 0.27572413039921095 0.0007431917261434258
wife 0.0026954177897574125 0.3098039199714864 0.0008350509972277261
signed 0.0026954177897574125 0.494850021680094 0.0013338275516983668
custody 0.0026954177897574125 1.045757490560675 0.002818753343829313
sister 0.0026954177897574125 0.721246399047171 0.0019440603747902185
paris 0.009433962264150943 0.6020599913279624 0.0056798112389430415
katherine 0.009433962264150943 0.9208187539523752 0.0086869693769092
divorced 0.0013477088948787063 0.853871964321762 0.001150770841403992
xa 0.01078167115902965 0.17392519729917358 0.0018752042835490413
early 0.0013477088948787063 0.07572071393811834 0.00010204947970096813
life 0.006738544474393531 0.13679614097137055 0.0009218068798609876
born 0.0013477088948787063 0.09151498112135023 0.00012333555407190058
singer 0.005390835579514825 0.4202164033831899 0.0022653175384538538
following 0.0026954177897574125 0.2518119729937996 0.0006787384716814006
divorce 0.0013477088948787063 1.0 0.0013477088948787063
youngest 0.0026954177897574125 0.5228787452803376 0.0014093766719146567
sibling 0.005390835579514825 1.8068754016455384 0.009740568202940909
blanket 0.006738544474393531 0.9208187539523752 0.0062049781263637145
although 0.0026954177897574125 0.431798275933005 0.0011638767545364018
certain 0.0013477088948787063 1.2218487496163564 0.0016466964280543888
come 0.0013477088948787063 0.5528419686577808 0.0007450700386223461
question 0.0013477088948787063 1.1549019599857433 0.001556471644185638
despite 0.0013477088948787063 0.4202164033831899 0.0005663293846134634
public 0.0026954177897574125 0.2596373105057561 0.0006998310256219842
curiosity 0.0013477088948787063 1.3979400086720377 0.001884016184194121
understand 0.0013477088948787063 1.1549019599857433 0.001556471644185638
subject 0.0013477088948787063 1.045757490560675 0.0014093766719146565
issue 0.0013477088948787063 0.6989700043360189 0.0009420080920970605
every 0.0013477088948787063 0.6575773191777938 0.0008862228021264068
time 0.005390835579514825 0.4791236183116582 0.002582876648580368
someone 0.0026954177897574125 1.0 0.0026954177897574125
asks 0.0013477088948787063 1.5228787452803376 0.002052397230836035
ask 0.0026954177897574125 1.0969100130080565 0.0029566307628249504
point 0.0013477088948787063 0.7447274948966939 0.0010036758691330107
difference 0.0013477088948787063 1.1549019599857433 0.001556471644185638
make 0.0013477088948787063 0.3872161432802645 0.00052185464053944
specifically 0.0013477088948787063 1.1549019599857433 0.001556471644185638
involved 0.0026954177897574125 0.4559319556497244 0.0012289271041771549
affect 0.0013477088948787063 1.5228787452803376 0.002052397230836035
change 0.0013477088948787063 0.5686362358410126 0.0007663561129932785
mine 0.0013477088948787063 2.0 0.0026954177897574125
told 0.0026954177897574125 0.44369749923271273 0.0011959501327027298
rolling 0.0013477088948787063 1.0969100130080565 0.0014783153814124752
stone 0.0013477088948787063 1.0969100130080565 0.0014783153814124752
death 0.012129380053908356 0.2365720064370627 0.002869471776190787
later 0.0013477088948787063 0.09151498112135023 0.00012333555407190058
year 0.004043126684636119 0.24995468798823245 0.0010105984689551177
suffered 0.0013477088948787063 0.6575773191777938 0.0008862228021264068
cardiac 0.0013477088948787063 1.1549019599857433 0.001556471644185638
arrest 0.0013477088948787063 0.8860566476931633 0.0011941464254624844
home 0.0013477088948787063 0.31875876262441283 0.0004295940197094513
june 0.0013477088948787063 0.28399665636520083 0.0003827448198991925
died 0.0026954177897574125 0.31875876262441283 0.0008591880394189026
shortly 0.0013477088948787063 0.585026652029182 0.0007884456226808383
thereafter 0.0013477088948787063 1.2218487496163564 0.0016466964280543888
old 0.0013477088948787063 0.28399665636520083 0.0003827448198991925
came 0.0026954177897574125 0.3010299956639812 0.0008114016055632917
legal 0.004043126684636119 0.5086383061657272 0.002056489108486768
guardianship 0.0026954177897574125 1.0 0.0026954177897574125
grandmother 0.0013477088948787063 0.6777807052660807 0.0009134510852642598
became 0.0013477088948787063 0.07572071393811834 0.00010204947970096813
guardian 0.0013477088948787063 1.045757490560675 0.0014093766719146565
largely 0.0013477088948787063 0.853871964321762 0.001150770841403992
stayed 0.0013477088948787063 0.8239087409443188 0.0011103891387389741
spotlight 0.0013477088948787063 0.7958800173440752 0.0010726145786308292
appearing 0.0013477088948787063 1.2218487496163564 0.0016466964280543888
publicly 0.0013477088948787063 0.619788758288394 0.000835294822491097
since 0.0026954177897574125 0.3372421683184259 0.0009090085399418488
including 0.0013477088948787063 0.2365720064370627 0.00031883019735453195
grammy 0.0013477088948787063 0.6575773191777938 0.0008862228021264068
award 0.0026954177897574125 1.216096420727265 0.0032778879264885852
accepting 0.0013477088948787063 1.2218487496163564 0.0016466964280543888
posthumous 0.0013477088948787063 1.3010299956639813 0.0017534096976603523
lifetime 0.0013477088948787063 0.7958800173440752 0.0010726145786308292
achievement 0.0013477088948787063 0.8860566476931633 0.0011941464254624844
read 0.0013477088948787063 0.0655015487564323 8.827701988737507e-05
next 0.0013477088948787063 0.07058107428570728 9.512274162494244e-05
bella 0.0013477088948787063 0.0655015487564323 8.827701988737507e-05
hadid 0.0013477088948787063 0.0655015487564323 8.827701988737507e-05
sadie 0.0013477088948787063 0.06048074738138145 8.15104412147998e-05
alexander 0.0013477088948787063 0.05551732784983141 7.482119656311512e-05
adrienne 0.0013477088948787063 0.0655015487564323 8.827701988737507e-05
kennedy 0.0013477088948787063 0.06048074738138145 8.15104412147998e-05
official 0.0013477088948787063 0.721246399047171 0.0009720301873951092
coroner 0.0013477088948787063 1.045757490560675 0.0014093766719146565
report 0.0013477088948787063 0.8239087409443188 0.0011103891387389741
cause 0.0013477088948787063 1.0 0.0013477088948787063
released 0.0026954177897574125 0.3010299956639812 0.0008114016055632917
revealing 0.0013477088948787063 1.1549019599857433 0.001556471644185638
acute 0.0013477088948787063 1.2218487496163564 0.0016466964280543888
propofol 0.0013477088948787063 1.1549019599857433 0.001556471644185638
intoxication 0.0013477088948787063 1.2218487496163564 0.0016466964280543888
aided 0.0013477088948787063 0.9208187539523752 0.001240995625272743
personal 0.0013477088948787063 0.3372421683184259 0.0004545042699709244
physician 0.0013477088948787063 0.8239087409443188 0.0011103891387389741
dr 0.0013477088948787063 0.7958800173440752 0.0010726145786308292
conrad 0.0013477088948787063 1.0 0.0013477088948787063
murray 0.005390835579514825 1.0969100130080565 0.005913261525649901
used 0.0013477088948787063 0.5086383061657272 0.0006854963694955894
drug 0.0026954177897574125 1.6575773191777938 0.004467863394010226
others 0.0013477088948787063 0.494850021680094 0.0006669137758491834
help 0.0013477088948787063 0.4559319556497244 0.0006144635520885774
sleep 0.0013477088948787063 1.045757490560675 0.0014093766719146565
night 0.0013477088948787063 0.638272163982407 0.0008602050727525702
police 0.0013477088948787063 0.5376020021010439 0.0007245310001361778
investigation 0.0013477088948787063 0.958607314841775 0.0012919236049080526
revealed 0.0013477088948787063 0.5086383061657272 0.0006854963694955894
licensed 0.0013477088948787063 1.0969100130080565 0.0014783153814124752
prescribe 0.0013477088948787063 1.1549019599857433 0.001556471644185638
controlled 0.0013477088948787063 0.8239087409443188 0.0011103891387389741
action 0.0026954177897574125 1.2628073572952627 0.003403793415890196
caring 0.0013477088948787063 1.3979400086720377 0.001884016184194121
scrutinized 0.0013477088948787063 1.1549019599857433 0.001556471644185638
ruled 0.0013477088948787063 0.7958800173440752 0.0010726145786308292
homicide 0.0013477088948787063 1.0969100130080565 0.0014783153814124752
found 0.0013477088948787063 0.3372421683184259 0.0004545042699709244
guilty 0.0013477088948787063 0.7958800173440752 0.0010726145786308292
november 0.0013477088948787063 0.24412514432750856 0.00032900962847373123
receiving 0.0013477088948787063 0.619788758288394 0.000835294822491097
four 0.0013477088948787063 0.28399665636520083 0.0003827448198991925
prison 0.0013477088948787063 0.6020599913279624 0.0008114016055632917
sentence 0.0013477088948787063 0.8239087409443188 0.0011103891387389741
believing 0.0013477088948787063 1.045757490560675 0.0014093766719146565
e 0.009433962264150943 0.04575749056067514 0.00043167443925165225
g 0.006738544474393531 0.8239087409443188 0.005551945693694871
live 0.0026954177897574125 0.431798275933005 0.0011638767545364018
entertainment 0.004043126684636119 1.0 0.004043126684636119
company 0.0026954177897574125 0.494850021680094 0.0013338275516983668
promoted 0.0013477088948787063 0.8860566476931633 0.0011941464254624844
planned 0.0013477088948787063 0.7958800173440752 0.0010726145786308292
comeback 0.0013477088948787063 1.0969100130080565 0.0014783153814124752
series 0.0013477088948787063 0.37675070960209955 0.000507750282482614
failed 0.0013477088948787063 0.5376020021010439 0.0007245310001361778
effectively 0.0013477088948787063 0.958607314841775 0.0012919236049080526
protect 0.0013477088948787063 0.721246399047171 0.0009720301873951092
care 0.0013477088948787063 0.5376020021010439 0.0007245310001361778
family 0.006738544474393531 0.11918640771920867 0.0008031429091590881
decided 0.0013477088948787063 0.494850021680094 0.0006669137758491834
take 0.0013477088948787063 0.48148606012211254 0.0006489030459866746
officially 0.0013477088948787063 0.6989700043360189 0.0009420080920970605
filed 0.0013477088948787063 0.7958800173440752 0.0010726145786308292
wrongful 0.0013477088948787063 1.2218487496163564 0.0016466964280543888
lawsuit 0.0013477088948787063 0.853871964321762 0.001150770841403992
trial 0.0013477088948787063 0.7447274948966939 0.0010036758691330107
began 0.0026954177897574125 0.20065945054641826 0.0005408610526857635
april 0.0026954177897574125 0.1549019599857432 0.00041752549861386306
lawyer 0.0026954177897574125 1.6363880201078558 0.004410749380344625
sought 0.0013477088948787063 0.721246399047171 0.0009720301873951092
billion 0.0013477088948787063 0.8860566476931633 0.0011941464254624844
estimation 0.0013477088948787063 1.2218487496163564 0.0016466964280543888
could 0.0013477088948787063 0.4202164033831899 0.0005663293846134634
earned 0.0013477088948787063 0.40893539297350084 0.0005511258665411063
month 0.0013477088948787063 0.431798275933005 0.0005819383772682009
alive 0.0013477088948787063 1.0 0.0013477088948787063
case 0.0013477088948787063 0.5228787452803376 0.0007046883359573283
october 0.0013477088948787063 0.37675070960209955 0.000507750282482614
jury 0.0013477088948787063 0.853871964321762 0.001150770841403992
determined 0.0013477088948787063 0.7695510786217261 0.001037130833722003
responsible 0.0013477088948787063 0.7695510786217261 0.001037130833722003
terrible 0.0013477088948787063 1.0969100130080565 0.0014783153814124752
tragedy 0.0026954177897574125 0.853871964321762 0.002301541682807984
making 0.0013477088948787063 0.3979400086720376 0.0005363072893154146
said 0.0026954177897574125 0.2518119729937996 0.0006787384716814006
marvin 0.0013477088948787063 1.0969100130080565 0.0014783153814124752
putnam 0.0013477088948787063 1.2218487496163564 0.0016466964280543888
foray 0.0026954177897574125 1.6989700043360187 0.004579433973951533
made 0.0013477088948787063 0.1804560644581313 0.00024320224320502874
medium 0.0013477088948787063 0.5086383061657272 0.0006854963694955894
personality 0.0013477088948787063 0.853871964321762 0.001150770841403992
served 0.0013477088948787063 0.2676062401770315 0.0003606553102116328
guest 0.0013477088948787063 1.045757490560675 0.0014093766719146565
correspondent 0.0013477088948787063 1.5228787452803376 0.002052397230836035
tonight 0.0013477088948787063 1.3010299956639813 0.0017534096976603523
expressed 0.0013477088948787063 0.8239087409443188 0.0011103891387389741
interest 0.0013477088948787063 0.7695510786217261 0.001037130833722003
getting 0.0013477088948787063 0.7695510786217261 0.001037130833722003
show 0.0013477088948787063 0.494850021680094 0.0006669137758491834
business 0.0013477088948787063 0.6989700043360189 0.0009420080920970605
looking 0.0013477088948787063 0.853871964321762 0.001150770841403992
become 0.0013477088948787063 0.3372421683184259 0.0004545042699709244
well 0.0013477088948787063 0.20065945054641826 0.00027043052634288177
rounded 0.0013477088948787063 2.0 0.0026954177897574125
producer 0.0013477088948787063 0.8239087409443188 0.0011103891387389741
director 0.0013477088948787063 0.5686362358410126 0.0007663561129932785
screenwriter 0.0013477088948787063 1.5228787452803376 0.002052397230836035
actor 0.0013477088948787063 0.4685210829577449 0.000631430030940357
music 0.0026954177897574125 0.4559319556497244 0.0012289271041771549
big 0.0013477088948787063 0.5228787452803376 0.0007046883359573283
part 0.0013477088948787063 0.3372421683184259 0.0004545042699709244
x 0.004043126684636119 0.4559319556497244 0.0018433906562657322
c 0.0013477088948787063 0.35654732351381263 0.000480521999344761
shaped 0.004043126684636119 0.05551732784983141 0.00022446358968934534
always 0.0026954177897574125 0.638272163982407 0.0017204101455051404
wanted 0.0026954177897574125 0.5528419686577808 0.0014901400772446922
go 0.0013477088948787063 0.494850021680094 0.0006669137758491834
production 0.0013477088948787063 1.0 0.0013477088948787063
dad 0.0013477088948787063 0.958607314841775 0.0012919236049080526
would 0.0013477088948787063 0.2291479883578558 0.00030882478215344447
answer 0.0013477088948787063 1.1549019599857433 0.001556471644185638
producing 0.0013477088948787063 1.0969100130080565 0.0014783153814124752
directing 0.0013477088948787063 1.5228787452803376 0.002052397230836035
la 0.0013477088948787063 1.0 0.0013477088948787063
education 0.0013477088948787063 0.19382002601611284 0.00026121297306753755
graduated 0.0026954177897574125 0.6575773191777938 0.0017724456042528137
prestigious 0.0013477088948787063 1.1549019599857433 0.001556471644185638
buckley 0.0013477088948787063 1.3979400086720377 0.001884016184194121
school 0.0013477088948787063 0.14874165128092467 0.0002004604464702489
sherman 0.0013477088948787063 1.2218487496163564 0.0016466964280543888
oak 0.0013477088948787063 1.5228787452803376 0.002052397230836035
may 0.0026954177897574125 0.3098039199714864 0.0008350509972277261
cum 0.0013477088948787063 1.0 0.0013477088948787063
laude 0.0013477088948787063 1.0 0.0013477088948787063
honor 0.0013477088948787063 0.958607314841775 0.0012919236049080526
loyola 0.0013477088948787063 1.5228787452803376 0.002052397230836035
marymount 0.0013477088948787063 1.5228787452803376 0.002052397230836035
university 0.0013477088948787063 0.2596373105057561 0.0003499155128109921
check 0.0013477088948787063 0.07058107428570728 9.512274162494244e-05
strive 0.0013477088948787063 0.07058107428570728 9.512274162494244e-05
accuracy 0.0013477088948787063 0.07058107428570728 9.512274162494244e-05
fairness 0.0013477088948787063 0.07058107428570728 9.512274162494244e-05
see 0.0026954177897574125 0.04575749056067514 0.00012333555407190066
something 0.0013477088948787063 0.07058107428570728 9.512274162494244e-05
look 0.0013477088948787063 0.07058107428570728 9.512274162494244e-05
right 0.0013477088948787063 0.07058107428570728 9.512274162494244e-05
citation 0.0013477088948787063 0.07058107428570728 9.512274162494244e-05
information 0.0013477088948787063 0.07058107428570728 9.512274162494244e-05
article 0.0013477088948787063 0.07058107428570728 9.512274162494244e-05
title 0.0013477088948787063 0.07058107428570728 9.512274162494244e-05
author 0.0013477088948787063 0.06048074738138145 8.15104412147998e-05
com 0.0026954177897574125 0.06048074738138145 0.0001630208824295996
editor 0.0013477088948787063 0.1023729087095586 0.0001379688796624779
website 0.0026954177897574125 0.0655015487564323 0.00017655403977475013
url 0.0013477088948787063 0.07058107428570728 9.512274162494244e-05
access 0.0013477088948787063 0.07058107428570728 9.512274162494244e-05
publisher 0.0013477088948787063 0.07058107428570728 9.512274162494244e-05
television 0.0026954177897574125 0.04575749056067514 0.00012333555407190066
network 0.0026954177897574125 0.04575749056067514 0.00012333555407190066
last 0.0013477088948787063 0.0655015487564323 8.827701988737507e-05
updated 0.0013477088948787063 0.07058107428570728 9.512274162494244e-05
january 0.0013477088948787063 0.2676062401770315 0.0003606553102116328
original 0.0013477088948787063 0.0655015487564323 8.827701988737507e-05
published 0.0013477088948787063 0.07058107428570728 9.512274162494244e-05
receive 0.0013477088948787063 0.05551732784983141 7.482119656311512e-05
story 0.004043126684636119 0.05551732784983141 0.00022446358968934534
world 0.0013477088948787063 0.04575749056067514 6.166777703595033e-05
person 0.012129380053908356 0.05060999335508724 0.0006138678439296297
ii 0.0013477088948787063 0.48148606012211254 0.0006489030459866746
bigi 0.0013477088948787063 1.045757490560675 0.0014093766719146565
third 0.0013477088948787063 0.4202164033831899 0.0005663293846134634
legend 0.0026954177897574125 0.5686362358410126 0.001532712225986557
second 0.0013477088948787063 0.19382002601611284 0.00026121297306753755
daughter 0.0013477088948787063 0.31875876262441283 0.0004295940197094513
best 0.005390835579514825 0.13667713987954408 0.0007368039885689708
international 0.0026954177897574125 0.40893539297350084 0.0011022517330822126
superstar 0.0026954177897574125 0.853871964321762 0.002301541682807984
rest 0.0026954177897574125 0.6020599913279624 0.0016228032111265834
famous 0.0026954177897574125 0.494850021680094 0.0013338275516983668
multi 0.0013477088948787063 0.6020599913279624 0.0008114016055632917
talented 0.0013477088948787063 0.7447274948966939 0.0010036758691330107
musical 0.0026954177897574125 0.48148606012211254 0.0012978060919733492
entertainer 0.0013477088948787063 0.8239087409443188 0.0011103891387389741
enjoyed 0.0013477088948787063 0.6575773191777938 0.0008862228021264068
chart 0.0013477088948787063 0.6777807052660807 0.0009134510852642598
topping 0.0013477088948787063 0.7958800173440752 0.0010726145786308292
career 0.0013477088948787063 0.17392519729917358 0.00023440053544363017
solo 0.0013477088948787063 0.6575773191777938 0.0008862228021264068
artist 0.0026954177897574125 1.341035157335565 0.0036146500197724125
one 0.004043126684636119 0.08092190762392613 0.00032717752408595476
selling 0.0026954177897574125 0.6575773191777938 0.0017724456042528137
album 0.0026954177897574125 0.5686362358410126 0.001532712225986557
thriller 0.0013477088948787063 0.7958800173440752 0.0010726145786308292
number 0.0013477088948787063 0.4685210829577449 0.000631430030940357
hit 0.0026954177897574125 0.8751698505861407 0.0023589483843292204
bad 0.0013477088948787063 0.6020599913279624 0.0008114016055632917
wall 0.0013477088948787063 0.5528419686577808 0.0007450700386223461
tj 0.0026954177897574125 1.045757490560675 0.002818753343829313
performing 0.0013477088948787063 0.8239087409443188 0.0011103891387389741
group 0.004043126684636119 0.37675070960209955 0.001523250847447842
temporary 0.0013477088948787063 0.853871964321762 0.001150770841403992
cousin 0.0013477088948787063 1.0969100130080565 0.0014783153814124752
randy 0.0026954177897574125 0.9208187539523752 0.002481991250545486
musician 0.0013477088948787063 0.6575773191777938 0.0008862228021264068
fame 0.0013477088948787063 0.48148606012211254 0.0006489030459866746
member 0.0026954177897574125 0.3010299956639812 0.0008114016055632917
r 0.0013477088948787063 0.5086383061657272 0.0006854963694955894
b 0.0013477088948787063 0.37675070960209955 0.000507750282482614
jermaine 0.0026954177897574125 0.958607314841775 0.0025838472098161053
brother 0.0013477088948787063 0.494850021680094 0.0006669137758491834
janet 0.0026954177897574125 0.8860566476931633 0.0023882928509249687
contemporary 0.0013477088948787063 0.7958800173440752 0.0010726145786308292
roster 0.0013477088948787063 0.958607314841775 0.0012919236049080526
includes 0.0013477088948787063 0.8860566476931633 0.0011941464254624844
control 0.0013477088948787063 0.5528419686577808 0.0007450700386223461
rhythm 0.0013477088948787063 1.0 0.0013477088948787063
nation 0.0013477088948787063 0.35654732351381263 0.000480521999344761
velvet 0.0013477088948787063 0.9208187539523752 0.001240995625272743
rope 0.0013477088948787063 0.958607314841775 0.0012919236049080526
unbreakable 0.0013477088948787063 0.8860566476931633 0.0011941464254624844
loading 0.0013477088948787063 0.04575749056067514 6.166777703595033e-05
logo 0.0013477088948787063 0.04575749056067514 6.166777703595033e-05
registered 0.0013477088948787063 0.04575749056067514 6.166777703595033e-05
trademark 0.0013477088948787063 0.04575749056067514 6.166777703595033e-05
llc 0.0013477088948787063 0.04575749056067514 6.166777703595033e-05
close 0.005390835579514825 0.04575749056067514 0.0002466711081438013
