mike 0.017857142857142856 0.8860566476931633 0.015822440137377915
donilon 0.03125 1.3979400086720377 0.04368562527100118
career 0.0011160714285714285 0.17392519729917358 0.00019411294341425622
family 0.0011160714285714285 0.11918640771920867 0.00013302054432947396
fact 0.0033482142857142855 0.14116214857141457 0.0004726411224489327
biography 0.011160714285714286 0.04575749056067514 0.0005106862785789637
skip 0.0011160714285714285 0.04575749056067514 5.106862785789636e-05
main 0.0011160714285714285 0.04575749056067514 5.106862785789636e-05
content 0.0011160714285714285 0.04575749056067514 5.106862785789636e-05
people 0.004464285714285714 0.04575749056067514 0.00020427451143158545
nostalgia 0.0033482142857142855 0.04575749056067514 0.00015320588357368908
celebrity 0.0033482142857142855 0.04575749056067514 0.00015320588357368908
history 0.0033482142857142855 0.04575749056067514 0.00015320588357368908
culture 0.0033482142857142855 0.04575749056067514 0.00015320588357368908
crime 0.0033482142857142855 0.04575749056067514 0.00015320588357368908
scandal 0.0033482142857142855 0.04575749056067514 0.00015320588357368908
video 0.0033482142857142855 0.04575749056067514 0.00015320588357368908
contact 0.0033482142857142855 0.04575749056067514 0.00015320588357368908
u 0.011160714285714286 0.20065945054641832 0.00223950279627699
advertise 0.002232142857142857 0.04575749056067514 0.00010213725571579273
privacy 0.0033482142857142855 0.04575749056067514 0.00015320588357368908
notice 0.002232142857142857 0.04575749056067514 0.00010213725571579273
term 0.006696428571428571 0.5406075122407692 0.0036201395908980077
use 0.002232142857142857 0.04575749056067514 0.00010213725571579273
copyright 0.002232142857142857 0.04575749056067514 0.00010213725571579273
policy 0.0033482142857142855 0.04575749056067514 0.00015320588357368908
ad 0.0033482142857142855 0.04575749056067514 0.00015320588357368908
choice 0.002232142857142857 0.04575749056067514 0.00010213725571579273
accessibility 0.002232142857142857 0.04575749056067514 0.00010213725571579273
support 0.002232142857142857 0.04575749056067514 0.00010213725571579273
setting 0.0011160714285714285 0.04575749056067514 5.106862785789636e-05
february 0.0011160714285714285 0.04575749056067514 5.106862785789636e-05
subscribe 0.002232142857142857 0.04575749056067514 0.00010213725571579273
newsletter 0.0033482142857142855 0.04575749056067514 0.00015320588357368908
photo 0.0011160714285714285 0.12493873660829993 0.00013944055425033473
paul 0.0011160714285714285 0.721246399047171 0.0008049624989365748
morigi 0.0011160714285714285 2.0 0.002232142857142857
wireimage 0.0011160714285714285 1.2218487496163564 0.0013636704794825405
niche 0.0011160714285714285 2.0 0.002232142857142857
medium 0.004464285714285714 0.5086383061657272 0.002270706723954139
llc 0.002232142857142857 0.04575749056067514 0.00010213725571579273
quick 0.0011160714285714285 0.07058107428570728 7.877352040815545e-05
name 0.0033482142857142855 0.05551732784983141 0.0001858839102114891
birth 0.002232142857142857 0.07058107428570728 0.0001575470408163109
date 0.004464285714285714 0.07058107428570728 0.0003150940816326218
december 0.0033482142857142855 0.40893539297350084 0.0013692033246880608
age 0.0011160714285714285 0.11350927482751813 0.00012668445851285505
place 0.0011160714285714285 0.07572071393811834 8.450972537736421e-05
providence 0.004464285714285714 2.0 0.008928571428571428
rhode 0.004464285714285714 2.0 0.008928571428571428
island 0.004464285714285714 0.958607314841775 0.004279496941257924
full 0.0011160714285714285 0.3010299956639812 0.0003359709773035504
michael 0.0033482142857142855 0.494850021680094 0.0016568639118753146
c 0.0033482142857142855 0.35654732351381263 0.0011937968421221405
cite 0.0011160714285714285 0.07058107428570728 7.877352040815545e-05
page 0.002232142857142857 0.07058107428570728 0.0001575470408163109
publish 0.0011160714285714285 0.07058107428570728 7.877352040815545e-05
dec 0.0011160714285714285 1.1549019599857433 0.0012889530803412313
comment 0.002232142857142857 0.07058107428570728 0.0001575470408163109
longtime 0.002232142857142857 0.7447274948966939 0.0016623381582515488
democratic 0.005580357142857143 0.3872161432802645 0.002160804370983619
political 0.008928571428571428 0.3098039199714864 0.0027661064283168424
pollster 0.002232142857142857 1.3010299956639813 0.002904084811749958
strategist 0.0033482142857142855 1.3010299956639813 0.004356127217624937
consultant 0.004464285714285714 0.958607314841775 0.004279496941257924
named 0.004464285714285714 0.494850021680094 0.0022091518825004194
senior 0.004464285714285714 1.0 0.004464285714285714
adviser 0.008928571428571428 0.7447274948966939 0.006649352633006195
president 0.021205357142857144 1.0213630516155257 0.021658368282025657
joe 0.008928571428571428 0.5228787452803376 0.0046685602257173
biden 0.025669642857142856 0.6575773191777938 0.016879774934251402
began 0.0011160714285714285 0.20065945054641826 0.00022395027962769895
working 0.0011160714285714285 0.35654732351381263 0.0003979322807073801
delaware 0.004464285714285714 1.0 0.004464285714285714
senator 0.0033482142857142855 1.5228787452803376 0.005098924370358273
rose 0.002232142857142857 0.7447274948966939 0.0016623381582515488
prominence 0.002232142857142857 1.3010299956639813 0.002904084811749958
contributing 0.0011160714285714285 2.0 0.002232142857142857
historic 0.0011160714285714285 0.6989700043360189 0.0007801004512678781
election 0.006696428571428571 1.2975694635544748 0.008689081229159429
virginia 0.002232142857142857 0.8239087409443188 0.0018390820110364258
governor 0.005580357142857142 2.1804560644581317 0.012167723573985108
douglas 0.002232142857142857 1.3010299956639813 0.002904084811749958
wilder 0.002232142857142857 2.0 0.004464285714285714
helping 0.0011160714285714285 0.958607314841775 0.001069874235314481
bill 0.0033482142857142855 0.4202164033831899 0.0014069745648990731
clinton 0.005580357142857143 0.5228787452803376 0.002917850141073313
reach 0.0011160714285714285 1.3010299956639813 0.001452042405874979
white 0.002232142857142857 0.3872161432802645 0.0008643217483934475
house 0.002232142857142857 0.32790214206428253 0.0007319244242506306
consulted 0.002232142857142857 2.0 0.004464285714285714
winning 0.0033482142857142855 0.4202164033831899 0.0014069745648990731
senate 0.005580357142857143 0.5686362358410126 0.0031731932803627937
campaign 0.016741071428571428 1.609064892896621 0.026937470305188966
john 0.002232142857142857 0.37675070960209955 0.0008409614053618293
edward 0.002232142857142857 1.6989700043360187 0.003792343759678613
bernie 0.002232142857142857 1.1549019599857433 0.0025779061606824626
sander 0.002232142857142857 1.0969100130080565 0.0024484598504644116
aided 0.0011160714285714285 0.9208187539523752 0.0010276995021789902
presidential 0.011160714285714286 0.3665315444204135 0.004090753843977829
candidate 0.002232142857142857 1.4710832997223453 0.0032836680797373777
colombia 0.002232142857142857 2.0 0.004464285714285714
peru 0.002232142857142857 2.0 0.004464285714285714
bolivia 0.002232142857142857 2.0 0.004464285714285714
rejoined 0.002232142857142857 1.5228787452803376 0.003399282913572182
chief 0.005580357142857143 0.5686362358410126 0.0031731932803627937
democrat 0.0011160714285714285 0.7958800173440752 0.0008882589479286553
successful 0.002232142857142857 0.4559319556497244 0.001017705258146706
becoming 0.0011160714285714285 0.3372421683184259 0.00037638634856967175
elect 0.002232142857142857 0.8860566476931633 0.0019778050171722393
early 0.002232142857142857 0.07572071393811834 0.00016901945075472843
life 0.0033482142857142855 0.13679614097137055 0.00045802279343092815
education 0.0011160714285714285 0.19382002601611284 0.0002163169933215545
born 0.0011160714285714285 0.09151498112135023 0.00010213725571579266
grew 0.0011160714285714285 0.494850021680094 0.0005522879706251049
elmwood 0.0011160714285714285 2.0 0.002232142857142857
section 0.0011160714285714285 1.1549019599857433 0.0012889530803412313
parent 0.0011160714285714285 0.4559319556497244 0.000508852629073353
ed 0.0011160714285714285 1.3010299956639813 0.001452042405874979
theresa 0.0011160714285714285 1.6989700043360187 0.0018961718798393065
involved 0.002232142857142857 0.4559319556497244 0.001017705258146706
local 0.0011160714285714285 0.6989700043360189 0.0007801004512678781
politics 0.0011160714285714285 0.4685210829577449 0.0005229029943724831
former 0.0078125 0.27572413039921095 0.0021540947687438356
serving 0.002232142857142857 0.48148606012211254 0.0010747456699154298
head 0.002232142857142857 0.5228787452803376 0.001167140056429325
school 0.0011160714285714285 0.14874165128092467 0.00016600630723317486
board 0.0011160714285714285 0.8239087409443188 0.0009195410055182129
raised 0.0011160714285714285 0.585026652029182 0.0006529315312825692
tight 0.0011160714285714285 1.3010299956639813 0.001452042405874979
knit 0.0011160714285714285 1.6989700043360187 0.0018961718798393065
irish 0.0011160714285714285 1.3010299956639813 0.001452042405874979
catholic 0.0011160714285714285 1.2218487496163564 0.0013636704794825405
household 0.0011160714285714285 1.0 0.0011160714285714285
became 0.0033482142857142855 0.07572071393811834 0.00025352917613209264
altar 0.0011160714285714285 2.0 0.002232142857142857
boy 0.0011160714285714285 0.7958800173440752 0.0008882589479286553
st 0.0011160714285714285 0.721246399047171 0.0008049624989365748
parish 0.0011160714285714285 2.0 0.002232142857142857
three 0.002232142857142857 0.2076083105017461 0.000463411407369969
sibling 0.0011160714285714285 0.8860566476931633 0.0009889025085861197
also 0.008928571428571428 0.0861861476162833 0.0007695191751453867
encouraged 0.0011160714285714285 0.8239087409443188 0.0009195410055182129
develop 0.0011160714285714285 1.1549019599857433 0.0012889530803412313
musical 0.0011160714285714285 0.48148606012211254 0.0005373728349577149
interest 0.0011160714285714285 1.0969100130080565 0.0012242299252322058
learning 0.0011160714285714285 0.958607314841775 0.001069874235314481
play 0.0011160714285714285 0.7958800173440752 0.0008882589479286553
guitar 0.0011160714285714285 1.0969100130080565 0.0012242299252322058
matriculating 0.0011160714285714285 2.0 0.002232142857142857
la 0.0011160714285714285 1.0 0.0011160714285714285
salle 0.0011160714285714285 2.0 0.002232142857142857
academy 0.0011160714285714285 0.6020599913279624 0.0006719419546071008
attended 0.0011160714285714285 0.5376020021010439 0.0006000022344877722
georgetown 0.0033482142857142855 1.3979400086720377 0.004680602707607269
university 0.0033482142857142855 0.2596373105057561 0.0008693213521398084
roomed 0.0011160714285714285 2.0 0.002232142857142857
fellow 0.0011160714285714285 0.6020599913279624 0.0006719419546071008
future 0.0011160714285714285 0.721246399047171 0.0008049624989365748
insider 0.0011160714285714285 1.6989700043360187 0.0018961718798393065
mark 0.0011160714285714285 0.958607314841775 0.001069874235314481
salter 0.002232142857142857 2.0 0.004464285714285714
later 0.0033482142857142855 0.09151498112135023 0.000306411767147378
earned 0.0011160714285714285 0.40893539297350084 0.0004564011082293536
j 0.0011160714285714285 0.7958800173440752 0.0008882589479286553
law 0.0011160714285714285 0.3665315444204135 0.00040907538439778293
center 0.002232142857142857 0.585026652029182 0.0013058630625651384
worked 0.002232142857142857 0.3098039199714864 0.0006915266070792106
since 0.002232142857142857 0.3372421683184259 0.0007527726971393435
politician 0.0011160714285714285 0.6575773191777938 0.0007339032580109306
third 0.0011160714285714285 0.4202164033831899 0.0004689915216330244
traveling 0.0011160714285714285 1.2218487496163564 0.0013636704794825405
assisting 0.0011160714285714285 1.6989700043360187 0.0018961718798393065
debate 0.0011160714285714285 0.853871964321762 0.0009529821030376808
preparation 0.0011160714285714285 1.5228787452803376 0.001699641456786091
appointed 0.0011160714285714285 0.6777807052660807 0.000756451679984465
counselor 0.0011160714285714285 1.3979400086720377 0.0015602009025357563
vice 0.004464285714285714 0.5376020021010439 0.0024000089379510887
year 0.0033482142857142855 0.24995468798823245 0.0008369018571034568
much 0.0011160714285714285 0.37675070960209955 0.00042048070268091463
establishment 0.0011160714285714285 1.1549019599857433 0.0012889530803412313
rallying 0.0011160714285714285 2.0 0.002232142857142857
behind 0.002232142857142857 0.6777807052660807 0.00151290335996893
candidacy 0.0011160714285714285 0.9208187539523752 0.0010276995021789902
hillary 0.0011160714285714285 0.853871964321762 0.0009529821030376808
created 0.002232142857142857 0.721246399047171 0.0016099249978731496
plus 0.0011160714285714285 1.0969100130080565 0.0012242299252322058
memo 0.0011160714285714285 1.6989700043360187 0.0018961718798393065
outlined 0.0011160714285714285 1.3010299956639813 0.001452042405874979
bos 0.0011160714285714285 1.045757490560675 0.0011671400564293246
superior 0.0011160714285714285 1.3979400086720377 0.0015602009025357563
decided 0.0011160714285714285 0.494850021680094 0.0005522879706251049
run 0.0011160714285714285 0.4559319556497244 0.000508852629073353
time 0.0033482142857142855 0.1023729087095586 0.00034276643541146854
formally 0.0011160714285714285 1.0969100130080565 0.0012242299252322058
launched 0.0011160714285714285 0.6777807052660807 0.000756451679984465
april 0.0011160714285714285 0.1549019599857432 0.00017288165176980265
side 0.0011160714285714285 0.585026652029182 0.0006529315312825692
oversight 0.0011160714285714285 1.2218487496163564 0.0013636704794825405
television 0.0033482142857142855 0.04575749056067514 0.00015320588357368908
advertising 0.002232142857142857 1.3979400086720377 0.0031204018050715126
speechwriting 0.0011160714285714285 2.0 0.002232142857142857
polling 0.0011160714285714285 1.3010299956639813 0.001452042405874979
research 0.002232142857142857 1.0 0.002232142857142857
tasked 0.0011160714285714285 1.3979400086720377 0.0015602009025357563
shaping 0.0011160714285714285 1.2218487496163564 0.0013636704794825405
messaging 0.002232142857142857 2.0 0.004464285714285714
pushed 0.0011160714285714285 0.7958800173440752 0.0008882589479286553
strategy 0.0011160714285714285 1.0969100130080565 0.0012242299252322058
contrasted 0.0011160714285714285 2.0 0.002232142857142857
persona 0.0011160714285714285 1.3979400086720377 0.0015602009025357563
empathetic 0.0011160714285714285 2.0 0.002232142857142857
everyman 0.0011160714285714285 2.0 0.002232142857142857
combative 0.0011160714285714285 1.6989700043360187 0.0018961718798393065
donald 0.0033482142857142855 0.494850021680094 0.0016568639118753146
trump 0.0033482142857142855 0.5086383061657272 0.0017030300429656045
framed 0.0011160714285714285 1.5228787452803376 0.001699641456786091
fight 0.002232142857142857 0.5376020021010439 0.0012000044689755443
soul 0.0011160714285714285 0.853871964321762 0.0009529821030376808
nation 0.0011160714285714285 0.35654732351381263 0.0003979322807073801
running 0.0011160714285714285 0.721246399047171 0.0008049624989365748
mate 0.0011160714285714285 1.0 0.0011160714285714285
kamala 0.0011160714285714285 1.1549019599857433 0.0012889530803412313
harris 0.002232142857142857 1.045757490560675 0.0023342801128586493
declared 0.0011160714285714285 0.5528419686577808 0.0006170111257341303
winner 0.0011160714285714285 1.6989700043360187 0.0018961718798393065
major 0.0011160714285714285 0.4202164033831899 0.0004689915216330244
outlet 0.0011160714285714285 1.2218487496163564 0.0013636704794825405
november 0.0033482142857142855 0.24412514432750856 0.000817383295739426
read 0.0011160714285714285 0.0655015487564323 7.310440709423247e-05
next 0.0011160714285714285 0.07058107428570728 7.877352040815545e-05
bella 0.0011160714285714285 0.0655015487564323 7.310440709423247e-05
hadid 0.0011160714285714285 0.0655015487564323 7.310440709423247e-05
sadie 0.0011160714285714285 0.06048074738138145 6.750083413100608e-05
alexander 0.0011160714285714285 0.05551732784983141 6.19613034038297e-05
adrienne 0.0011160714285714285 0.0655015487564323 7.310440709423247e-05
kennedy 0.0011160714285714285 0.06048074738138145 6.750083413100608e-05
every 0.0011160714285714285 0.6575773191777938 0.0007339032580109306
nominee 0.0011160714285714285 0.7695510786217261 0.0008588739716760336
contributed 0.0011160714285714285 1.3010299956639813 0.001452042405874979
first 0.004464285714285714 0.0655015487564323 0.00029241762837692987
field 0.0011160714285714285 1.0 0.0011160714285714285
elected 0.002232142857142857 0.3665315444204135 0.0008181507687955659
african 0.0011160714285714285 0.28399665636520083 0.0003169605539790188
american 0.0011160714285714285 0.1023729087095586 0.0001142554784704895
assisted 0.0011160714285714285 1.1549019599857433 0.0012889530803412313
wofford 0.0011160714285714285 2.0 0.002232142857142857
come 0.0011160714285714285 0.5528419686577808 0.0006170111257341303
victory 0.0011160714285714285 0.5686362358410126 0.0006346386560725587
pennsylvania 0.0011160714285714285 0.8860566476931633 0.0009889025085861197
joining 0.002232142857142857 0.7695510786217261 0.0017177479433520672
war 0.0011160714285714285 0.35654732351381263 0.0003979322807073801
room 0.0011160714285714285 0.8860566476931633 0.0009889025085861197
teaming 0.0011160714285714285 2.0 0.002232142857142857
veteran 0.0011160714285714285 0.9208187539523752 0.0010276995021789902
bob 0.0011160714285714285 1.045757490560675 0.0011671400564293246
shrum 0.0033482142857142855 2.0 0.006696428571428571
tad 0.0011160714285714285 2.0 0.002232142857142857
devine 0.0033482142857142855 2.0 0.006696428571428571
decade 0.0011160714285714285 0.8239087409443188 0.0009195410055182129
focus 0.0011160714285714285 0.7695510786217261 0.0008588739716760336
north 0.0011160714285714285 0.6777807052660807 0.000756451679984465
carolina 0.0011160714285714285 0.7958800173440752 0.0008882589479286553
new 0.004464285714285714 0.14266750356873154 0.0006369084980746943
jersey 0.002232142857142857 1.2218487496163564 0.002727340958965081
jon 0.0011160714285714285 1.3979400086720377 0.0015602009025357563
corzine 0.002232142857142857 2.0 0.004464285714285714
wisconsin 0.0011160714285714285 1.2218487496163564 0.0013636704794825405
herb 0.0011160714285714285 2.0 0.002232142857142857
kohl 0.0011160714285714285 1.6989700043360187 0.0018961718798393065
trio 0.0011160714285714285 1.0969100130080565 0.0012242299252322058
losing 0.0011160714285714285 1.1549019599857433 0.0012889530803412313
al 0.0011160714285714285 0.7447274948966939 0.0008311690791257744
gore 0.0011160714285714285 1.1549019599857433 0.0012889530803412313
kerry 0.0011160714285714285 1.2218487496163564 0.0013636704794825405
drawing 0.0011160714285714285 1.0969100130080565 0.0012242299252322058
criticism 0.0011160714285714285 0.9208187539523752 0.0010276995021789902
exorbitant 0.0011160714285714285 2.0 0.002232142857142857
fee 0.0011160714285714285 2.0 0.002232142857142857
charged 0.0011160714285714285 0.7695510786217261 0.0008588739716760336
work 0.002232142857142857 0.2218487496163564 0.000495198101822224
displayed 0.0011160714285714285 1.5228787452803376 0.001699641456786091
international 0.0011160714285714285 0.40893539297350084 0.0004564011082293536
clout 0.0011160714285714285 1.3979400086720377 0.0015602009025357563
contribution 0.0011160714285714285 1.0969100130080565 0.0012242299252322058
andr 0.0011160714285714285 2.0 0.002232142857142857
xe 0.002232142857142857 0.853871964321762 0.0019059642060753616
pastrana 0.0011160714285714285 2.0 0.002232142857142857
arango 0.0011160714285714285 2.0 0.002232142857142857
alejandro 0.0011160714285714285 2.0 0.002232142857142857
toledo 0.0011160714285714285 2.0 0.002232142857142857
gonzalo 0.0011160714285714285 1.6989700043360187 0.0018961718798393065
nchez 0.0011160714285714285 2.0 0.002232142857142857
de 0.0011160714285714285 0.958607314841775 0.001069874235314481
lozada 0.0011160714285714285 2.0 0.002232142857142857
branched 0.0011160714285714285 2.0 0.002232142857142857
arena 0.0011160714285714285 0.9208187539523752 0.0010276995021789902
deliver 0.0011160714285714285 1.3979400086720377 0.0015602009025357563
spot 0.0011160714285714285 1.5228787452803376 0.001699641456786091
pizza 0.0011160714285714285 2.0 0.002232142857142857
hut 0.0011160714285714285 2.0 0.002232142857142857
telecommunication 0.0011160714285714285 1.6989700043360187 0.0018961718798393065
company 0.0011160714285714285 0.494850021680094 0.0005522879706251049
mci 0.0011160714285714285 2.0 0.002232142857142857
founding 0.0011160714285714285 0.6777807052660807 0.000756451679984465
helped 0.0011160714285714285 0.3372421683184259 0.00037638634856967175
claim 0.0011160714285714285 1.045757490560675 0.0011671400564293246
mansion 0.0011160714285714285 1.045757490560675 0.0011671400564293246
delivered 0.0011160714285714285 0.8239087409443188 0.0009195410055182129
effort 0.0011160714285714285 0.5376020021010439 0.0006000022344877722
vermont 0.0011160714285714285 1.6989700043360187 0.0018961718798393065
sheldon 0.0011160714285714285 2.0 0.002232142857142857
whitehouse 0.0011160714285714285 2.0 0.002232142857142857
florida 0.0011160714285714285 0.7447274948966939 0.0008311690791257744
nelson 0.0011160714285714285 0.9208187539523752 0.0010276995021789902
duo 0.0011160714285714285 1.3979400086720377 0.0015602009025357563
independent 0.0011160714285714285 1.0 0.0011160714285714285
expenditure 0.0011160714285714285 2.0 0.002232142857142857
hopeful 0.0011160714285714285 1.3010299956639813 0.001452042405874979
claire 0.0011160714285714285 2.0 0.002232142857142857
mccaskill 0.0011160714285714285 2.0 0.002232142857142857
missouri 0.0011160714285714285 1.3979400086720377 0.0015602009025357563
jeanne 0.0011160714285714285 1.6989700043360187 0.0018961718798393065
shaheen 0.0011160714285714285 2.0 0.002232142857142857
hampshire 0.0011160714285714285 1.045757490560675 0.0011671400564293246
continued 0.0011160714285714285 0.3372421683184259 0.00037638634856967175
abroad 0.0011160714285714285 1.045757490560675 0.0011671400564293246
manuel 0.0011160714285714285 1.6989700043360187 0.0018961718798393065
zelaya 0.0011160714285714285 2.0 0.002232142857142857
honduras 0.0011160714285714285 2.0 0.002232142857142857
prime 0.0011160714285714285 0.7958800173440752 0.0008882589479286553
minister 0.0011160714285714285 0.5376020021010439 0.0006000022344877722
viktor 0.0011160714285714285 1.5228787452803376 0.001699641456786091
yanukovich 0.0011160714285714285 2.0 0.002232142857142857
ukraine 0.0011160714285714285 1.3979400086720377 0.0015602009025357563
stint 0.0011160714285714285 1.6989700043360187 0.0018961718798393065
returned 0.0011160714285714285 0.5086383061657272 0.0005676766809885348
campaigning 0.0011160714285714285 1.1549019599857433 0.0012889530803412313
member 0.0011160714285714285 0.3010299956639812 0.0003359709773035504
obama 0.005580357142857143 0.37675070960209955 0.0021024035134045733
reelection 0.0011160714285714285 1.0 0.0011160714285714285
team 0.0011160714285714285 0.619788758288394 0.0006917285248754396
following 0.0011160714285714285 0.2518119729937996 0.00028104014843057987
joined 0.002232142857142857 0.4685210829577449 0.0010458059887449662
akpd 0.0011160714285714285 2.0 0.002232142857142857
message 0.0011160714285714285 0.9208187539523752 0.0010276995021789902
partner 0.0011160714285714285 0.8860566476931633 0.0009889025085861197
consulting 0.0011160714285714285 1.3979400086720377 0.0015602009025357563
firm 0.0011160714285714285 0.6020599913279624 0.0006719419546071008
office 0.002232142857142857 0.31875876262441283 0.0007115150951437786
washington 0.0011160714285714285 0.3979400086720376 0.00044412947396432767
director 0.004464285714285714 0.5686362358410126 0.0025385546242902347
professor 0.002232142857142857 0.8860566476931633 0.0019778050171722393
prior 0.0011160714285714285 0.853871964321762 0.0009529821030376808
managing 0.0011160714285714285 1.3010299956639813 0.001452042405874979
institute 0.0011160714285714285 0.853871964321762 0.0009529821030376808
assistant 0.0011160714285714285 0.8860566476931633 0.0009889025085861197
ud 0.0011160714285714285 2.0 0.002232142857142857
personal 0.0011160714285714285 0.3372421683184259 0.00037638634856967175
father 0.0011160714285714285 0.14874165128092467 0.00016600630723317486
two 0.0011160714285714285 0.11918640771920867 0.00013302054432947396
child 0.0011160714285714285 0.2076083105017461 0.0002317057036849845
retains 0.0011160714285714285 2.0 0.002232142857142857
close 0.005580357142857143 0.04575749056067514 0.00025534313928948186
tie 0.0011160714285714285 0.9208187539523752 0.0010276995021789902
england 0.0011160714285714285 0.8860566476931633 0.0009889025085861197
root 0.0011160714285714285 1.045757490560675 0.0011671400564293246
summer 0.0011160714285714285 0.6989700043360189 0.0007801004512678781
home 0.0011160714285714285 0.31875876262441283 0.0003557575475718893
narragansett 0.0011160714285714285 2.0 0.002232142857142857
regular 0.0011160714285714285 1.2218487496163564 0.0013636704794825405
presence 0.0011160714285714285 0.958607314841775 0.001069874235314481
basketball 0.0011160714285714285 1.045757490560675 0.0011671400564293246
game 0.0011160714285714285 1.0 0.0011160714285714285
alongside 0.0011160714285714285 0.7695510786217261 0.0008588739716760336
old 0.0011160714285714285 0.28399665636520083 0.0003169605539790188
college 0.0011160714285714285 0.40893539297350084 0.0004564011082293536
roommate 0.0011160714285714285 2.0 0.002232142857142857
older 0.0011160714285714285 0.721246399047171 0.0008049624989365748
brother 0.0011160714285714285 0.494850021680094 0.0005522879706251049
tom 0.002232142857142857 0.958607314841775 0.002139748470628962
operative 0.002232142857142857 1.3979400086720377 0.0031204018050715126
served 0.004464285714285714 0.2676062401770315 0.0011946707150760334
national 0.002232142857142857 0.3010299956639812 0.0006719419546071008
security 0.0011160714285714285 0.853871964321762 0.0009529821030376808
wife 0.0011160714285714285 0.3098039199714864 0.0003457633035396053
cathy 0.0011160714285714285 2.0 0.002232142857142857
russell 0.0011160714285714285 1.3979400086720377 0.0015602009025357563
second 0.0011160714285714285 0.19382002601611284 0.0002163169933215545
lady 0.0011160714285714285 0.6575773191777938 0.0007339032580109306
jill 0.0011160714285714285 1.3010299956639813 0.001452042405874979
staff 0.0033482142857142855 0.9208187539523752 0.0030830985065369706
administration 0.0011160714285714285 0.6575773191777938 0.0007339032580109306
check 0.0011160714285714285 0.07058107428570728 7.877352040815545e-05
strive 0.0011160714285714285 0.07058107428570728 7.877352040815545e-05
accuracy 0.0011160714285714285 0.07058107428570728 7.877352040815545e-05
fairness 0.0011160714285714285 0.07058107428570728 7.877352040815545e-05
see 0.002232142857142857 0.04575749056067514 0.00010213725571579273
something 0.0011160714285714285 0.07058107428570728 7.877352040815545e-05
look 0.0011160714285714285 0.07058107428570728 7.877352040815545e-05
right 0.0011160714285714285 0.07058107428570728 7.877352040815545e-05
citation 0.0011160714285714285 0.07058107428570728 7.877352040815545e-05
information 0.0011160714285714285 0.07058107428570728 7.877352040815545e-05
article 0.0011160714285714285 0.07058107428570728 7.877352040815545e-05
title 0.0011160714285714285 0.07058107428570728 7.877352040815545e-05
author 0.0011160714285714285 0.06048074738138145 6.750083413100608e-05
com 0.002232142857142857 0.06048074738138145 0.00013500166826201215
editor 0.0011160714285714285 0.1023729087095586 0.0001142554784704895
website 0.002232142857142857 0.0655015487564323 0.00014620881418846493
url 0.0011160714285714285 0.07058107428570728 7.877352040815545e-05
access 0.0011160714285714285 0.07058107428570728 7.877352040815545e-05
publisher 0.0011160714285714285 0.07058107428570728 7.877352040815545e-05
e 0.002232142857142857 0.04575749056067514 0.00010213725571579273
network 0.002232142857142857 0.04575749056067514 0.00010213725571579273
last 0.0011160714285714285 0.0655015487564323 7.310440709423247e-05
updated 0.0011160714285714285 0.07058107428570728 7.877352040815545e-05
january 0.0011160714285714285 0.2676062401770315 0.00029866767876900836
original 0.0011160714285714285 0.0655015487564323 7.310440709423247e-05
published 0.0011160714285714285 0.07058107428570728 7.877352040815545e-05
receive 0.0011160714285714285 0.05551732784983141 6.19613034038297e-05
story 0.0033482142857142855 0.05551732784983141 0.0001858839102114891
shaped 0.002232142857142857 0.05551732784983141 0.0001239226068076594
world 0.0011160714285714285 0.04575749056067514 5.106862785789636e-05
sign 0.0011160714285714285 0.05551732784983141 6.19613034038297e-05
person 0.010044642857142858 0.05060999335508724 0.0005083593082542246
penny 0.002232142857142857 1.2218487496163564 0.002727340958965081
congressman 0.0033482142857142855 0.958607314841775 0.0032096227059434427
indiana 0.0011160714285714285 0.7958800173440752 0.0008882589479286553
united 0.002232142857142857 0.18708664335714445 0.0004176041146364831
state 0.0033482142857142855 0.4930892744484819 0.001650968552840899
pompeo 0.002232142857142857 1.6989700043360187 0.003792343759678613
kansa 0.0011160714285714285 1.2218487496163564 0.0013636704794825405
central 0.0011160714285714285 0.9208187539523752 0.0010276995021789902
intelligence 0.0011160714285714285 0.958607314841775 0.001069874235314481
agency 0.0011160714285714285 1.0 0.0011160714285714285
secretary 0.0011160714285714285 0.638272163982407 0.0007123573258732221
ron 0.002232142857142857 1.2218487496163564 0.002727340958965081
klain 0.002232142857142857 1.3979400086720377 0.0031204018050715126
lawyer 0.0011160714285714285 0.48148606012211254 0.0005373728349577149
aide 0.0011160714285714285 1.1549019599857433 0.0012889530803412313
barack 0.002232142857142857 0.3872161432802645 0.0008643217483934475
tyson 0.002232142857142857 1.3010299956639813 0.002904084811749958
heavyweight 0.0011160714285714285 1.5228787452803376 0.001699641456786091
boxing 0.0011160714285714285 1.3010299956639813 0.001452042405874979
champion 0.0011160714285714285 1.0969100130080565 0.0012242299252322058
jail 0.0011160714285714285 1.0969100130080565 0.0012242299252322058
known 0.002232142857142857 0.06048074738138145 0.00013500166826201215
biting 0.0011160714285714285 2.0 0.002232142857142857
evander 0.0011160714285714285 2.0 0.002232142857142857
holyfield 0.0011160714285714285 2.0 0.002232142857142857
ear 0.0011160714285714285 2.0 0.002232142857142857
jen 0.002232142857142857 1.3979400086720377 0.0031204018050715126
malley 0.002232142857142857 1.3979400086720377 0.0031204018050715126
dillon 0.002232142857142857 1.3979400086720377 0.0031204018050715126
woman 0.0011160714285714285 0.3979400086720376 0.00044412947396432767
manage 0.0011160714285714285 1.3010299956639813 0.001452042405874979
appointment 0.0011160714285714285 0.958607314841775 0.001069874235314481
deputy 0.0011160714285714285 0.9208187539523752 0.0010276995021789902
cedric 0.002232142857142857 1.5228787452803376 0.003399282913572182
richmond 0.002232142857142857 1.3979400086720377 0.0031204018050715126
five 0.0011160714285714285 0.48148606012211254 0.0005373728349577149
louisiana 0.0011160714285714285 1.2218487496163564 0.0013636704794825405
co 0.0011160714285714285 0.4202164033831899 0.0004689915216330244
chairing 0.0011160714285714285 1.5228787452803376 0.001699641456786091
advisor 0.0011160714285714285 1.1549019599857433 0.0012889530803412313
public 0.0011160714285714285 0.2596373105057561 0.00028977378404660277
engagement 0.0011160714285714285 1.0969100130080565 0.0012242299252322058
beau 0.002232142857142857 1.3010299956639813 0.002904084811749958
attorney 0.0011160714285714285 0.494850021680094 0.0005522879706251049
general 0.0011160714285714285 0.4559319556497244 0.000508852629073353
son 0.0011160714285714285 0.28399665636520083 0.0003169605539790188
guard 0.0011160714285714285 0.9208187539523752 0.0010276995021789902
myers 0.002232142857142857 1.5228787452803376 0.003399282913572182
actor 0.0011160714285714285 0.4685210829577449 0.0005229029943724831
comedian 0.0011160714285714285 1.1549019599857433 0.0012889530803412313
saturday 0.0011160714285714285 1.1549019599857433 0.0012889530803412313
night 0.0011160714285714285 0.638272163982407 0.0007123573258732221
live 0.0011160714285714285 0.431798275933005 0.0004819177186752288
well 0.0011160714285714285 0.20065945054641826 0.00022395027962769895
starring 0.0011160714285714285 0.8239087409443188 0.0009195410055182129
role 0.0011160714285714285 0.619788758288394 0.0006917285248754396
austin 0.0011160714285714285 1.3010299956639813 0.001452042405874979
power 0.0011160714285714285 1.1549019599857433 0.0012889530803412313
trilogy 0.0011160714285714285 2.0 0.002232142857142857
shrek 0.0011160714285714285 2.0 0.002232142857142857
franchise 0.0011160714285714285 1.3979400086720377 0.0015602009025357563
loading 0.0011160714285714285 0.04575749056067514 5.106862785789636e-05
logo 0.0011160714285714285 0.04575749056067514 5.106862785789636e-05
registered 0.0011160714285714285 0.04575749056067514 5.106862785789636e-05
trademark 0.0011160714285714285 0.04575749056067514 5.106862785789636e-05
