john 0.029715762273901807 0.37675070960209955 0.011195434523059804
dickinson 0.037467700258397935 1.5228787452803376 0.05705876435804883
penman 0.003875968992248062 2.0 0.007751937984496124
politician 0.0012919896640826874 0.6575773191777938 0.000849583099712912
statesman 0.003875968992248062 1.1549019599857433 0.004476364185991253
biography 0.012919896640826873 0.04575749056067514 0.0005911820485875342
skip 0.0012919896640826874 0.04575749056067514 5.911820485875342e-05
main 0.0012919896640826874 0.04575749056067514 5.911820485875342e-05
content 0.0012919896640826874 0.04575749056067514 5.911820485875342e-05
people 0.006459948320413436 0.04575749056067514 0.0002955910242937671
nostalgia 0.003875968992248062 0.04575749056067514 0.00017735461457626025
celebrity 0.003875968992248062 0.04575749056067514 0.00017735461457626025
history 0.00516795865633075 0.04575749056067514 0.00023647281943501368
culture 0.003875968992248062 0.04575749056067514 0.00017735461457626025
crime 0.003875968992248062 0.04575749056067514 0.00017735461457626025
scandal 0.003875968992248062 0.04575749056067514 0.00017735461457626025
video 0.003875968992248062 0.04575749056067514 0.00017735461457626025
contact 0.003875968992248062 0.04575749056067514 0.00017735461457626025
u 0.015503875968992248 0.20065945054641832 0.0031109992332778035
advertise 0.002583979328165375 0.04575749056067514 0.00011823640971750684
privacy 0.003875968992248062 0.04575749056067514 0.00017735461457626025
notice 0.002583979328165375 0.04575749056067514 0.00011823640971750684
term 0.003875968992248062 0.5406075122407692 0.002095377954421586
use 0.002583979328165375 0.04575749056067514 0.00011823640971750684
copyright 0.002583979328165375 0.04575749056067514 0.00011823640971750684
policy 0.002583979328165375 0.04575749056067514 0.00011823640971750684
ad 0.002583979328165375 0.04575749056067514 0.00011823640971750684
choice 0.002583979328165375 0.04575749056067514 0.00011823640971750684
accessibility 0.002583979328165375 0.04575749056067514 0.00011823640971750684
support 0.002583979328165375 0.04575749056067514 0.00011823640971750684
setting 0.0012919896640826874 0.04575749056067514 5.911820485875342e-05
february 0.003875968992248062 0.04575749056067514 0.00017735461457626025
subscribe 0.002583979328165375 0.04575749056067514 0.00011823640971750684
newsletter 0.003875968992248062 0.04575749056067514 0.00017735461457626025
photo 0.0012919896640826874 0.12493873660829993 0.00016141955634147278
stock 0.0012919896640826874 1.0969100130080565 0.001417196399235215
montage 0.0012919896640826874 2.0 0.002583979328165375
getty 0.0012919896640826874 0.2291479883578558 0.0002960568325036897
image 0.0012919896640826874 0.2218487496163564 0.00028662629149400054
quick 0.0012919896640826874 0.07058107428570728 9.119001845698616e-05
fact 0.002583979328165375 0.14116214857141457 0.0003647600738279446
name 0.003875968992248062 0.05551732784983141 0.00021518344127841632
birth 0.002583979328165375 0.07058107428570728 0.0001823800369139723
date 0.006459948320413436 0.07058107428570728 0.0004559500922849308
november 0.0012919896640826874 0.24412514432750856 0.0003154071632138354
death 0.002583979328165375 0.2365720064370627 0.000611297174255976
education 0.0012919896640826874 0.19382002601611284 0.0002504134703050554
middle 0.0012919896640826874 0.585026652029182 0.0007558483876346021
temple 0.0012919896640826874 1.3010299956639813 0.0016809173070594073
place 0.002583979328165375 0.07572071393811834 0.00019566075953002157
talbot 0.0012919896640826874 1.6989700043360187 0.002195051685188655
county 0.0012919896640826874 0.8239087409443188 0.0010644815774474403
maryland 0.002583979328165375 1.045757490560675 0.002702215737882881
wilmington 0.002583979328165375 1.3979400086720377 0.0036122480844238704
delaware 0.012919896640826873 1.0 0.012919896640826873
nickname 0.0012919896640826874 0.9208187539523752 0.001189688312599968
revolution 0.00516795865633075 1.0 0.00516795865633075
cite 0.0012919896640826874 0.07058107428570728 9.119001845698616e-05
page 0.0012919896640826874 0.07058107428570728 9.119001845698616e-05
publish 0.0012919896640826874 0.07058107428570728 9.119001845698616e-05
jan 0.0012919896640826874 0.9208187539523752 0.001189688312599968
comment 0.002583979328165375 0.07058107428570728 0.0001823800369139723
american 0.0012919896640826874 0.1023729087095586 0.00013226473993483025
delegate 0.002583979328165375 2.853871964321762 0.007374346161038144
continental 0.007751937984496124 1.3979400086720377 0.01083674425327161
congress 0.00904392764857881 0.4202164033831899 0.0038004067489435774
one 0.00516795865633075 0.08092190762392613 0.00041820107299186634
writer 0.002583979328165375 1.3010299956639813 0.0033618346141188146
article 0.006459948320413437 1.3716110699496886 0.008860536627581968
confederation 0.006459948320413436 1.6989700043360187 0.010975258425943274
founding 0.00516795865633075 0.6777807052660807 0.0035027426628738024
father 0.006459948320413437 1.5466816599529625 0.009991483591427408
united 0.00516795865633075 0.18708664335714445 0.0009668560380214184
state 0.007751937984496124 0.4930892744484819 0.0038223974763448207
america 0.002583979328165375 0.37675070960209955 0.0009735160454834614
known 0.002583979328165375 0.06048074738138145 0.00015628100098548177
fame 0.0012919896640826874 0.48148606012211254 0.0006220750130776647
author 0.002583979328165375 0.06048074738138145 0.00015628100098548177
letter 0.006459948320413436 1.5228787452803376 0.009837717992767038
farmer 0.002583979328165375 1.045757490560675 0.002702215737882881
pennsylvania 0.012919896640826873 0.8860566476931633 0.01144776030611322
inhabitant 0.002583979328165375 2.0 0.00516795865633075
british 0.007751937984496124 0.6989700043360189 0.005418372126635805
colony 0.00516795865633075 2.0 0.0103359173126615
helped 0.002583979328165375 0.3372421683184259 0.0008714267915204805
turn 0.0012919896640826874 0.7958800173440752 0.0010282687562584952
public 0.0012919896640826874 0.2596373105057561 0.00033544872158366426
opinion 0.0012919896640826874 1.045757490560675 0.0013511078689414405
townshend 0.002583979328165375 2.0 0.00516795865633075
act 0.007751937984496124 1.322393047279507 0.010251108893639588
enacted 0.002583979328165375 1.3979400086720377 0.0036122480844238704
parliament 0.003875968992248062 1.6989700043360187 0.006585155055565964
also 0.002583979328165375 0.0861861476162833 0.00022270322381468555
draft 0.0012919896640826874 1.045757490560675 0.0013511078689414405
craft 0.0012919896640826874 1.3979400086720377 0.0018061240422119352
constitution 0.00516795865633075 0.853871964321762 0.004412775009414791
legacy 0.0012919896640826874 0.6989700043360189 0.0009030620211059676
honored 0.0012919896640826874 1.0 0.0012919896640826874
college 0.0012919896640826874 0.40893539297350084 0.0005283403009993551
penn 0.0012919896640826874 1.6989700043360187 0.002195051685188655
school 0.0012919896640826874 0.14874165128092467 0.0001921726760735461
law 0.00516795865633075 0.3665315444204135 0.0018942198678057547
carlisle 0.0012919896640826874 2.0 0.002583979328165375
early 0.0012919896640826874 0.07572071393811834 9.783037976501078e-05
year 0.010335917312661497 0.24995468798823245 0.002583510986958475
born 0.0012919896640826874 0.09151498112135023 0.00011823640971750676
wealthy 0.0012919896640826874 0.958607314841775 0.0012385107426896318
quaker 0.0012919896640826874 1.6989700043360187 0.002195051685188655
family 0.002583979328165375 0.11918640771920867 0.00030797521374472525
six 0.003875968992248062 0.5686362358410126 0.002204016417988421
later 0.00516795865633075 0.09151498112135023 0.00047294563887002704
moved 0.0012919896640826874 0.3872161432802645 0.0005002792548840627
estate 0.0012919896640826874 0.853871964321762 0.0011031937523536977
age 0.0012919896640826874 0.11350927482751813 0.0001466528098546746
followed 0.0012919896640826874 0.5528419686577808 0.0007142661093769778
judge 0.0012919896640826874 0.585026652029182 0.0007558483876346021
study 0.0012919896640826874 0.853871964321762 0.0011031937523536977
philadelphia 0.003875968992248062 1.045757490560675 0.004053323606824322
office 0.0012919896640826874 0.31875876262441283 0.0004118330266465282
went 0.002583979328165375 0.32790214206428253 0.0008472923567552521
overseas 0.0012919896640826874 1.2218487496163564 0.0015786159555766879
spent 0.0012919896640826874 0.48148606012211254 0.0006220750130776647
four 0.0012919896640826874 0.28399665636520083 0.00036692074465788225
studying 0.0012919896640826874 1.0 0.0012919896640826874
london 0.0012919896640826874 1.0 0.0012919896640826874
court 0.00516795865633075 0.4202164033831899 0.00217166099939633
system 0.0012919896640826874 0.7958800173440752 0.0010282687562584952
heard 0.0012919896640826874 0.958607314841775 0.0012385107426896318
leading 0.0012919896640826874 0.5228787452803376 0.0006755539344707205
mind 0.0012919896640826874 1.5228787452803376 0.0019675435985534078
day 0.0012919896640826874 0.2924298239020636 0.0003778163099509866
discus 0.0012919896640826874 1.1549019599857433 0.0014921213953304178
enlightenment 0.0012919896640826874 2.0 0.002583979328165375
philosophy 0.0012919896640826874 1.2218487496163564 0.0015786159555766879
individual 0.0012919896640826874 0.8239087409443188 0.0010644815774474403
right 0.00516795865633075 0.39848321634998984 0.002059344787338449
experience 0.0012919896640826874 0.619788758288394 0.0008007606696232481
brought 0.0012919896640826874 0.619788758288394 0.0008007606696232481
sharp 0.0012919896640826874 1.0969100130080565 0.001417196399235215
focus 0.0012919896640826874 0.7695510786217261 0.0009942520395629538
relationship 0.0012919896640826874 0.5228787452803376 0.0006755539344707205
politics 0.002583979328165375 0.4685210829577449 0.0012106487931724675
would 0.002583979328165375 0.2291479883578558 0.0005921136650073794
influence 0.0012919896640826874 0.6989700043360189 0.0009030620211059676
rest 0.0012919896640826874 0.6020599913279624 0.0007778552859534398
life 0.003875968992248062 0.13679614097137055 0.0005302176006642269
returning 0.0012919896640826874 0.8860566476931633 0.0011447760306113222
practice 0.0012919896640826874 0.9208187539523752 0.001189688312599968
saw 0.0012919896640826874 0.6989700043360189 0.0009030620211059676
reputation 0.0012919896640826874 0.7958800173440752 0.0010282687562584952
legal 0.0012919896640826874 0.5086383061657272 0.0006571554343226451
field 0.0012919896640826874 1.0 0.0012919896640826874
grow 0.0012919896640826874 1.0969100130080565 0.001417196399235215
three 0.002583979328165375 0.2076083105017461 0.0005364555826918504
made 0.002583979328165375 0.1804560644581313 0.0004662947402018897
first 0.007751937984496124 0.0655015487564323 0.0005077639438483124
foray 0.0012919896640826874 1.6989700043360187 0.002195051685188655
soon 0.002583979328165375 0.40893539297350084 0.0010566806019987102
elected 0.006459948320413436 0.3665315444204135 0.002367774834757193
legislature 0.003875968992248062 1.045757490560675 0.004053323606824322
assembly 0.003875968992248062 0.8239087409443188 0.0031934447323423206
possible 0.0012919896640826874 0.7695510786217261 0.0009942520395629538
residency 0.0012919896640826874 1.6989700043360187 0.002195051685188655
region 0.0012919896640826874 2.0 0.002583979328165375
challenged 0.0012919896640826874 1.045757490560675 0.0013511078689414405
benjamin 0.0012919896640826874 0.958607314841775 0.0012385107426896318
franklin 0.0012919896640826874 0.8239087409443188 0.0010644815774474403
issue 0.0012919896640826874 0.6989700043360189 0.0009030620211059676
replacing 0.0012919896640826874 1.3010299956639813 0.0016809173070594073
proprietary 0.0012919896640826874 2.0 0.002583979328165375
charter 0.002583979328165375 1.3979400086720377 0.0036122480844238704
royal 0.0012919896640826874 1.5228787452803376 0.0019675435985534078
lost 0.0012919896640826874 0.6989700043360189 0.0009030620211059676
debate 0.002583979328165375 0.853871964321762 0.0022063875047073954
seat 0.0012919896640826874 0.619788758288394 0.0008007606696232481
era 0.0012919896640826874 0.8239087409443188 0.0010644815774474403
discontent 0.0012919896640826874 2.0 0.002583979328165375
aftermath 0.0012919896640826874 1.0 0.0012919896640826874
seven 0.0012919896640826874 0.619788758288394 0.0008007606696232481
war 0.006459948320413436 0.35654732351381263 0.00230327728368096
government 0.002583979328165375 0.494850021680094 0.0012786822265635504
found 0.0012919896640826874 0.3372421683184259 0.00043571339576024023
deep 0.0012919896640826874 0.8860566476931633 0.0011447760306113222
debt 0.0012919896640826874 1.045757490560675 0.0013511078689414405
began 0.002583979328165375 0.20065945054641826 0.0005184998722129671
looking 0.0012919896640826874 0.853871964321762 0.0011031937523536977
way 0.0012919896640826874 0.9208187539523752 0.001189688312599968
generate 0.0012919896640826874 1.3010299956639813 0.0016809173070594073
revenue 0.0012919896640826874 1.2218487496163564 0.0015786159555766879
stamp 0.00516795865633075 1.6989700043360187 0.00878020674075462
imposed 0.002583979328165375 1.3010299956639813 0.0033618346141188146
direct 0.0012919896640826874 1.0969100130080565 0.001417196399235215
tax 0.003875968992248062 1.8927900303521317 0.0073363954664811305
specific 0.0012919896640826874 1.3010299956639813 0.0016809173070594073
product 0.0012919896640826874 1.5228787452803376 0.0019675435985534078
imported 0.002583979328165375 2.0 0.00516795865633075
predictably 0.0012919896640826874 2.0 0.002583979328165375
colonist 0.002583979328165375 1.6989700043360187 0.00439010337037731
met 0.0012919896640826874 0.44369749923271273 0.000573252582988001
fierce 0.0012919896640826874 2.0 0.002583979328165375
opposition 0.002583979328165375 0.958607314841775 0.0024770214853792635
claiming 0.0012919896640826874 1.045757490560675 0.0013511078689414405
taxation 0.0012919896640826874 1.3979400086720377 0.0018061240422119352
without 0.0012919896640826874 0.7695510786217261 0.0009942520395629538
representation 0.0012919896640826874 1.6989700043360187 0.002195051685188655
organizing 0.0012919896640826874 1.1549019599857433 0.0014921213953304178
boycott 0.0012919896640826874 1.6989700043360187 0.002195051685188655
good 0.002583979328165375 1.6989700043360187 0.00439010337037731
read 0.0012919896640826874 0.0655015487564323 8.462732397471873e-05
next 0.002583979328165375 0.07058107428570728 0.0001823800369139723
bella 0.0012919896640826874 0.0655015487564323 8.462732397471873e-05
hadid 0.0012919896640826874 0.0655015487564323 8.462732397471873e-05
sadie 0.0012919896640826874 0.06048074738138145 7.814050049274089e-05
alexander 0.0012919896640826874 0.05551732784983141 7.17278137594721e-05
adrienne 0.0012919896640826874 0.0655015487564323 8.462732397471873e-05
kennedy 0.0012919896640826874 0.06048074738138145 7.814050049274089e-05
strong 0.0012919896640826874 0.7958800173440752 0.0010282687562584952
measured 0.0012919896640826874 1.6989700043360187 0.002195051685188655
voice 0.0012919896640826874 0.7447274948966939 0.0009621802259647208
chosen 0.0012919896640826874 1.045757490560675 0.0013511078689414405
represent 0.0012919896640826874 1.045757490560675 0.0013511078689414405
drafted 0.0012919896640826874 1.3010299956639813 0.0016809173070594073
body 0.0012919896640826874 0.5686362358410126 0.0007346721393294738
anti 0.0012919896640826874 0.721246399047171 0.0009318428928258024
resolution 0.0012919896640826874 1.0969100130080565 0.001417196399235215
though 0.0012919896640826874 0.3665315444204135 0.0004735549669514387
repealed 0.0012919896640826874 2.0 0.002583979328165375
ignored 0.0012919896640826874 1.6989700043360187 0.002195051685188655
protest 0.0012919896640826874 0.8239087409443188 0.0010644815774474403
passed 0.0012919896640826874 0.6777807052660807 0.0008756856657184506
new 0.0012919896640826874 0.14266750356873154 0.00018432494001128106
publishing 0.0012919896640826874 1.3979400086720377 0.0018061240422119352
chronicle 0.0012919896640826874 1.6989700043360187 0.002195051685188655
pseudonym 0.0012919896640826874 1.6989700043360187 0.002195051685188655
fabius 0.0012919896640826874 2.0 0.002583979328165375
advocated 0.0012919896640826874 1.0969100130080565 0.001417196399235215
peaceful 0.0012919896640826874 1.0969100130080565 0.001417196399235215
resistance 0.0012919896640826874 1.2218487496163564 0.0015786159555766879
oppression 0.0012919896640826874 2.0 0.002583979328165375
warned 0.0012919896640826874 1.3010299956639813 0.0016809173070594073
answer 0.0012919896640826874 1.1549019599857433 0.0014921213953304178
britain 0.0012919896640826874 1.3010299956639813 0.0016809173070594073
violation 0.0012919896640826874 1.3010299956639813 0.0016809173070594073
republished 0.0012919896640826874 2.0 0.002583979328165375
many 0.0012919896640826874 0.28399665636520083 0.00036692074465788225
colonial 0.0012919896640826874 1.6989700043360187 0.002195051685188655
newspaper 0.0012919896640826874 1.6989700043360187 0.002195051685188655
advocating 0.0012919896640826874 1.2218487496163564 0.0015786159555766879
cautious 0.0012919896640826874 1.6989700043360187 0.002195051685188655
tyranny 0.0012919896640826874 2.0 0.002583979328165375
married 0.0012919896640826874 0.24412514432750856 0.0003154071632138354
mary 0.0012919896640826874 1.0 0.0012919896640826874
norris 0.0012919896640826874 1.6989700043360187 0.002195051685188655
daughter 0.0012919896640826874 0.31875876262441283 0.0004118330266465282
former 0.0012919896640826874 0.27572413039921095 0.00035623272661396767
speaker 0.0012919896640826874 0.7447274948966939 0.0009621802259647208
pair 0.0012919896640826874 0.7958800173440752 0.0010282687562584952
five 0.0012919896640826874 0.48148606012211254 0.0006220750130776647
child 0.0012919896640826874 0.2076083105017461 0.0002682277913459252
although 0.0012919896640826874 0.431798275933005 0.0005578789094741667
two 0.002583979328165375 0.11918640771920867 0.00030797521374472525
survived 0.0012919896640826874 1.0 0.0012919896640826874
infancy 0.0012919896640826874 2.0 0.002583979328165375
declaration 0.00516795865633075 1.045757490560675 0.005404431475765762
independence 0.006459948320413436 0.958607314841775 0.006192553713448158
serving 0.0012919896640826874 0.48148606012211254 0.0006220750130776647
various 0.0012919896640826874 0.958607314841775 0.0012385107426896318
role 0.003875968992248062 0.9863203027088074 0.0038229469097240598
including 0.0012919896640826874 0.2365720064370627 0.000305648587127988
battle 0.0012919896640826874 0.721246399047171 0.0009318428928258024
revolutionary 0.003875968992248062 1.1549019599857433 0.004476364185991253
governor 0.0012919896640826874 0.6575773191777938 0.000849583099712912
second 0.002583979328165375 0.19382002601611284 0.0005008269406101107
high 0.0012919896640826874 0.27572413039921095 0.00035623272661396767
tension 0.0012919896640826874 1.3010299956639813 0.0016809173070594073
among 0.0012919896640826874 0.35654732351381263 0.000460655456736192
intense 0.0012919896640826874 1.2218487496163564 0.0015786159555766879
refused 0.0012919896640826874 0.7447274948966939 0.0009621802259647208
vote 0.0012919896640826874 0.638272163982407 0.00082464103873696
sign 0.003875968992248062 0.05551732784983141 0.00021518344127841632
saying 0.0012919896640826874 0.7958800173440752 0.0010282687562584952
emerging 0.0012919896640826874 1.6989700043360187 0.002195051685188655
nation 0.003875968992248062 0.35654732351381263 0.0013819663702085761
ready 0.0012919896640826874 1.045757490560675 0.0013511078689414405
open 0.0012919896640826874 0.7447274948966939 0.0009621802259647208
revolt 0.0012919896640826874 1.6989700043360187 0.002195051685188655
powerful 0.0012919896640826874 0.721246399047171 0.0009318428928258024
empire 0.0012919896640826874 1.045757490560675 0.0013511078689414405
earth 0.002583979328165375 1.2218487496163564 0.0031572319111533758
end 0.0012919896640826874 0.44369749923271273 0.000573252582988001
abstained 0.0012919896640826874 1.6989700043360187 0.002195051685188655
voting 0.0012919896640826874 0.7958800173440752 0.0010282687562584952
overall 0.0012919896640826874 1.5228787452803376 0.0019675435985534078
tally 0.0012919896640826874 2.0 0.002583979328165375
unanimous 0.0012919896640826874 1.6989700043360187 0.002195051685188655
fought 0.0012919896640826874 0.7958800173440752 0.0010282687562584952
varying 0.0012919896640826874 1.5228787452803376 0.0019675435985534078
served 0.00516795865633075 0.2676062401770315 0.0013829779854110155
president 0.011627906976744186 0.16749108729376372 0.0019475707824856245
chaired 0.0012919896640826874 1.6989700043360187 0.002195051685188655
annapolis 0.0012919896640826874 1.6989700043360187 0.002195051685188655
convention 0.003875968992248062 0.9208187539523752 0.003569064937799904
convened 0.0012919896640826874 1.6989700043360187 0.002195051685188655
address 0.0012919896640826874 0.7695510786217261 0.0009942520395629538
concern 0.0012919896640826874 1.3010299956639813 0.0016809173070594073
represented 0.0012919896640826874 1.0969100130080565 0.001417196399235215
unfortunately 0.0012919896640826874 1.2218487496163564 0.0015786159555766879
illness 0.0012919896640826874 1.2218487496163564 0.0015786159555766879
kept 0.0012919896640826874 0.8860566476931633 0.0011447760306113222
signing 0.0012919896640826874 1.045757490560675 0.0013511078689414405
document 0.0012919896640826874 1.3010299956639813 0.0016809173070594073
colleague 0.0012919896640826874 1.6989700043360187 0.002195051685188655
put 0.0012919896640826874 0.6777807052660807 0.0008756856657184506
parchment 0.0012919896640826874 2.0 0.002583979328165375
final 0.0012919896640826874 0.6989700043360189 0.0009030620211059676
xa 0.0012919896640826874 0.17392519729917358 0.0002247095572340744
returned 0.0012919896640826874 0.5086383061657272 0.0006571554343226451
divided 0.0012919896640826874 1.5228787452803376 0.0019675435985534078
time 0.0012919896640826874 0.1023729087095586 0.00013226473993483025
private 0.0012919896640826874 0.6020599913279624 0.0007778552859534398
political 0.0012919896640826874 0.3098039199714864 0.0004002634624954604
duty 0.0012919896640826874 0.958607314841775 0.0012385107426896318
constitutional 0.0012919896640826874 1.045757490560675 0.0013511078689414405
informal 0.0012919896640826874 1.5228787452803376 0.0019675435985534078
advisor 0.0012919896640826874 1.1549019599857433 0.0014921213953304178
thomas 0.0012919896640826874 0.853871964321762 0.0011031937523536977
jefferson 0.0012919896640826874 1.2218487496163564 0.0015786159555766879
died 0.0012919896640826874 0.31875876262441283 0.0004118330266465282
home 0.0012919896640826874 0.31875876262441283 0.0004118330266465282
check 0.0012919896640826874 0.07058107428570728 9.119001845698616e-05
strive 0.0012919896640826874 0.07058107428570728 9.119001845698616e-05
accuracy 0.0012919896640826874 0.07058107428570728 9.119001845698616e-05
fairness 0.0012919896640826874 0.07058107428570728 9.119001845698616e-05
see 0.002583979328165375 0.04575749056067514 0.00011823640971750684
something 0.0012919896640826874 0.07058107428570728 9.119001845698616e-05
look 0.0012919896640826874 0.07058107428570728 9.119001845698616e-05
citation 0.0012919896640826874 0.07058107428570728 9.119001845698616e-05
information 0.0012919896640826874 0.07058107428570728 9.119001845698616e-05
title 0.0012919896640826874 0.07058107428570728 9.119001845698616e-05
com 0.002583979328165375 0.06048074738138145 0.00015628100098548177
editor 0.0012919896640826874 0.1023729087095586 0.00013226473993483025
website 0.002583979328165375 0.0655015487564323 0.00016925464794943746
url 0.0012919896640826874 0.07058107428570728 9.119001845698616e-05
access 0.0012919896640826874 0.07058107428570728 9.119001845698616e-05
publisher 0.0012919896640826874 0.07058107428570728 9.119001845698616e-05
e 0.002583979328165375 0.04575749056067514 0.00011823640971750684
television 0.002583979328165375 0.04575749056067514 0.00011823640971750684
network 0.002583979328165375 0.04575749056067514 0.00011823640971750684
last 0.0012919896640826874 0.0655015487564323 8.462732397471873e-05
updated 0.0012919896640826874 0.07058107428570728 9.119001845698616e-05
march 0.0012919896640826874 0.27572413039921095 0.00035623272661396767
original 0.0012919896640826874 0.0655015487564323 8.462732397471873e-05
published 0.0012919896640826874 0.07058107428570728 9.119001845698616e-05
april 0.0012919896640826874 0.1549019599857432 0.0002001317312477302
receive 0.0012919896640826874 0.05551732784983141 7.17278137594721e-05
story 0.003875968992248062 0.05551732784983141 0.00021518344127841632
shaped 0.002583979328165375 0.05551732784983141 0.0001434556275189442
world 0.0012919896640826874 0.04575749056067514 5.911820485875342e-05
person 0.012919896640826873 0.05060999335508724 0.000653875883140662
adam 0.003875968992248062 1.2218487496163564 0.004735847866730063
vice 0.0012919896640826874 0.5376020021010439 0.0006945762301047079
son 0.0012919896640826874 0.28399665636520083 0.00036692074465788225
quincy 0.0012919896640826874 1.3010299956639813 0.0016809173070594073
sixth 0.0012919896640826874 1.1549019599857433 0.0014921213953304178
hancock 0.002583979328165375 2.0 0.00516795865633075
th 0.0012919896640826874 0.2076083105017461 0.0002682277913459252
century 0.0012919896640826874 0.494850021680094 0.0006393411132817752
merchant 0.0012919896640826874 2.0 0.002583979328165375
marshall 0.002583979328165375 1.1549019599857433 0.0029842427906608356
became 0.0012919896640826874 0.07572071393811834 9.783037976501078e-05
fourth 0.0012919896640826874 0.721246399047171 0.0009318428928258024
chief 0.002583979328165375 0.5686362358410126 0.0014693442786589475
justice 0.002583979328165375 0.5376020021010439 0.0013891524602094158
supreme 0.003875968992248062 0.585026652029182 0.0022675451629038065
largely 0.0012919896640826874 0.853871964321762 0.0011031937523536977
responsible 0.0012919896640826874 0.7695510786217261 0.0009942520395629538
establishing 0.0012919896640826874 1.045757490560675 0.0013511078689414405
federal 0.0012919896640826874 0.6020599913279624 0.0007778552859534398
jay 0.002583979328165375 1.3010299956639813 0.0033618346141188146
federalist 0.0012919896640826874 2.0 0.002583979328165375
paper 0.0012919896640826874 2.0 0.002583979328165375
george 0.002583979328165375 0.4685210829577449 0.0012106487931724675
washington 0.002583979328165375 0.3979400086720376 0.0010282687562584952
led 0.0012919896640826874 0.37675070960209955 0.0004867580227417307
army 0.0012919896640826874 0.7695510786217261 0.0009942520395629538
victory 0.0012919896640826874 0.5686362358410126 0.0007346721393294738
mccain 0.002583979328165375 1.0969100130080565 0.00283439279847043
vietnam 0.0012919896640826874 0.9208187539523752 0.001189688312599968
veteran 0.0012919896640826874 0.9208187539523752 0.001189688312599968
senator 0.002583979328165375 0.5228787452803376 0.001351107868941441
arizona 0.0012919896640826874 0.958607314841775 0.0012385107426896318
republican 0.0012919896640826874 0.6777807052660807 0.0008756856657184506
nominee 0.0012919896640826874 0.7695510786217261 0.0009942520395629538
presidential 0.0012919896640826874 0.3665315444204135 0.0004735549669514387
election 0.0012919896640826874 0.44369749923271273 0.000573252582988001
loss 0.0012919896640826874 0.7447274948966939 0.0009621802259647208
barack 0.0012919896640826874 0.3872161432802645 0.0005002792548840627
obama 0.0012919896640826874 0.37675070960209955 0.0004867580227417307
roger 0.002583979328165375 1.3010299956639813 0.0033618346141188146
sherman 0.002583979328165375 1.2218487496163564 0.0031572319111533758
signed 0.0012919896640826874 0.494850021680094 0.0006393411132817752
association 0.0012919896640826874 0.8239087409443188 0.0010644815774474403
house 0.0012919896640826874 1.1549019599857433 0.0014921213953304178
lewis 0.002583979328165375 0.8860566476931633 0.0022895520612226444
big 0.0012919896640826874 0.5228787452803376 0.0006755539344707205
leader 0.0012919896640826874 0.48148606012211254 0.0006220750130776647
civil 0.0012919896640826874 0.3467874862246563 0.0004480458478354733
movement 0.0012919896640826874 0.48148606012211254 0.0006220750130776647
continued 0.0012919896640826874 0.3372421683184259 0.00043571339576024023
fight 0.0012919896640826874 0.5376020021010439 0.0006945762301047079
since 0.0012919896640826874 0.3372421683184259 0.00043571339576024023
joining 0.0012919896640826874 0.7695510786217261 0.0009942520395629538
glenn 0.002583979328165375 2.0 0.00516795865633075
astronaut 0.0012919896640826874 1.5228787452803376 0.0019675435985534078
orbit 0.002583979328165375 4.0 0.0103359173126615
completing 0.0012919896640826874 1.3979400086720377 0.0018061240422119352
ohio 0.0012919896640826874 1.0 0.0012919896640826874
loading 0.0012919896640826874 0.04575749056067514 5.911820485875342e-05
logo 0.0012919896640826874 0.04575749056067514 5.911820485875342e-05
registered 0.0012919896640826874 0.04575749056067514 5.911820485875342e-05
trademark 0.0012919896640826874 0.04575749056067514 5.911820485875342e-05
llc 0.0012919896640826874 0.04575749056067514 5.911820485875342e-05
close 0.00516795865633075 0.04575749056067514 0.00023647281943501368
