ron 0.01737242128121607 1.2218487496163564 0.021226471220262434
klain 0.026058631921824105 1.3979400086720377 0.03642840413477623
career 0.002171552660152009 0.17392519729917358 0.0003776877248624834
family 0.002171552660152009 0.11918640771920867 0.0002588195607366095
fact 0.003257328990228013 0.14116214857141457 0.0004598115588645426
biography 0.010857763300760043 0.04575749056067514 0.0004968240017445727
skip 0.0010857763300760044 0.04575749056067514 4.968240017445727e-05
main 0.0010857763300760044 0.04575749056067514 4.968240017445727e-05
content 0.0010857763300760044 0.04575749056067514 4.968240017445727e-05
people 0.004343105320304018 0.04575749056067514 0.00019872960069782907
nostalgia 0.003257328990228013 0.04575749056067514 0.0001490472005233718
celebrity 0.003257328990228013 0.04575749056067514 0.0001490472005233718
history 0.003257328990228013 0.04575749056067514 0.0001490472005233718
culture 0.003257328990228013 0.04575749056067514 0.0001490472005233718
crime 0.003257328990228013 0.04575749056067514 0.0001490472005233718
scandal 0.003257328990228013 0.04575749056067514 0.0001490472005233718
video 0.003257328990228013 0.04575749056067514 0.0001490472005233718
contact 0.003257328990228013 0.04575749056067514 0.0001490472005233718
u 0.005428881650380022 0.20065945054641832 0.0010893564090467879
advertise 0.002171552660152009 0.04575749056067514 9.936480034891454e-05
privacy 0.003257328990228013 0.04575749056067514 0.0001490472005233718
notice 0.002171552660152009 0.04575749056067514 9.936480034891454e-05
term 0.004343105320304018 0.5406075122407692 0.002347915362609204
use 0.002171552660152009 0.04575749056067514 9.936480034891454e-05
copyright 0.002171552660152009 0.04575749056067514 9.936480034891454e-05
policy 0.002171552660152009 0.04575749056067514 9.936480034891454e-05
ad 0.002171552660152009 0.04575749056067514 9.936480034891454e-05
choice 0.002171552660152009 0.04575749056067514 9.936480034891454e-05
accessibility 0.002171552660152009 0.04575749056067514 9.936480034891454e-05
support 0.002171552660152009 0.04575749056067514 9.936480034891454e-05
setting 0.0010857763300760044 0.04575749056067514 4.968240017445727e-05
february 0.002171552660152009 0.04575749056067514 9.936480034891454e-05
subscribe 0.002171552660152009 0.04575749056067514 9.936480034891454e-05
newsletter 0.004343105320304018 0.04575749056067514 0.00019872960069782907
photo 0.0010857763300760044 0.12493873660829993 0.00013565552291889245
im 0.0010857763300760044 2.0 0.002171552660152009
lo 0.0010857763300760044 1.6989700043360187 0.0018447014162171758
scalzo 0.0010857763300760044 2.0 0.002171552660152009
white 0.003257328990228013 0.3872161432802645 0.0012612903689910896
house 0.002171552660152009 0.32790214206428253 0.0007120567688692346
pool 0.002171552660152009 1.045757490560675 0.002270917460500923
isp 0.0010857763300760044 2.0 0.002171552660152009
image 0.002171552660152009 0.2218487496163564 0.0004817562423807957
corbis 0.0010857763300760044 1.6989700043360187 0.0018447014162171758
vcg 0.0010857763300760044 2.0 0.002171552660152009
via 0.0010857763300760044 0.5086383061657272 0.0005522674334046985
getty 0.0010857763300760044 0.2291479883578558 0.00024880346184349164
quick 0.0010857763300760044 0.07058107428570728 7.66352598107571e-05
name 0.003257328990228013 0.05551732784983141 0.0001808382014652489
birth 0.002171552660152009 0.07058107428570728 0.0001532705196215142
date 0.004343105320304018 0.07058107428570728 0.0003065410392430284
august 0.003257328990228013 0.494850021680094 0.001611889321433531
age 0.002171552660152009 0.11350927482751813 0.00024649136770362243
know 0.0010857763300760044 0.4559319556497244 0.0004950401255697333
portrayed 0.0010857763300760044 1.3979400086720377 0.001517850172282343
actor 0.0010857763300760044 0.4685210829577449 0.0005087091020170955
kevin 0.0010857763300760044 1.3010299956639813 0.0014126275740108374
spacey 0.0010857763300760044 2.0 0.002171552660152009
hbo 0.0010857763300760044 2.0 0.002171552660152009
movie 0.0010857763300760044 0.7447274948966939 0.0008086074863156285
recount 0.003257328990228013 1.6989700043360187 0.005534104248651527
place 0.0010857763300760044 0.07572071393811834 8.221575889046509e-05
indianapolis 0.003257328990228013 1.6989700043360187 0.005534104248651527
indiana 0.004343105320304018 0.7958800173440752 0.003456590737650707
full 0.0010857763300760044 0.3010299956639812 0.000326851243934833
ronald 0.002171552660152009 1.0 0.002171552660152009
klein 0.002171552660152009 2.0 0.004343105320304018
cite 0.0010857763300760044 0.07058107428570728 7.66352598107571e-05
page 0.0010857763300760044 0.07058107428570728 7.66352598107571e-05
publish 0.0010857763300760044 0.07058107428570728 7.66352598107571e-05
dec 0.0010857763300760044 1.1549019599857433 0.0012539652117109048
comment 0.002171552660152009 0.07058107428570728 0.0001532705196215142
lawyer 0.002171552660152009 0.48148606012211254 0.0010455723346842836
political 0.004343105320304018 0.3098039199714864 0.0013455110530792025
operative 0.0010857763300760044 1.3979400086720377 0.001517850172282343
former 0.002171552660152009 0.27572413039921095 0.000598749468836506
aide 0.004343105320304018 1.1549019599857433 0.005015860846843619
president 0.02714440825190011 1.0213630516155257 0.02772429564645835
bill 0.002171552660152009 0.4202164033831899 0.0009125220486062756
clinton 0.0054288816503800215 0.5228787452803376 0.002838646825626154
barack 0.006514657980456026 0.3872161432802645 0.0025225807379821792
obama 0.010857763300760043 0.37675070960209955 0.004090670028252981
named 0.0054288816503800215 0.494850021680094 0.0026864822023892183
joe 0.006514657980456026 0.5228787452803376 0.003406376190751385
biden 0.014115092290988056 0.6575773191777938 0.00928176454865507
chief 0.013029315960912053 0.5686362358410126 0.007408941183596256
staff 0.011943539630836048 0.9208187539523752 0.010997835280647262
november 0.004343105320304018 0.24412514432750856 0.0010602612131487886
raised 0.0010857763300760044 0.585026652029182 0.0006352080912368969
well 0.0010857763300760044 0.20065945054641826 0.00021787128180935752
versed 0.0010857763300760044 2.0 0.002171552660152009
campaigning 0.0010857763300760044 1.1549019599857433 0.0012539652117109048
time 0.0054288816503800215 0.1023729087095586 0.0005557704055893518
entered 0.002171552660152009 0.721246399047171 0.0015662245364759415
harvard 0.004343105320304018 0.7447274948966939 0.003234429945262514
law 0.0054288816503800215 0.3665315444204135 0.001989856375789433
school 0.003257328990228013 0.14874165128092467 0.0004845004927717416
associate 0.002171552660152009 0.9208187539523752 0.0019996064146631386
general 0.003257328990228013 0.4559319556497244 0.0014851203767092
counsel 0.0054288816503800215 0.958607314841775 0.005204165661464576
vice 0.006514657980456026 0.5376020021010439 0.003502293173296703
al 0.0010857763300760044 0.7447274948966939 0.0008086074863156285
gore 0.004343105320304018 1.1549019599857433 0.005015860846843619
administration 0.004343105320304018 0.6575773191777938 0.0028559275534323293
later 0.0010857763300760044 0.09151498112135023 9.936480034891448e-05
became 0.0054288816503800215 0.07572071393811834 0.00041107879445232543
top 0.003257328990228013 0.48148606012211254 0.0015683585020264254
ebola 0.0054288816503800215 2.0 0.010857763300760043
czar 0.003257328990228013 2.0 0.006514657980456026
also 0.0054288816503800215 0.0861861476162833 0.00046789439531098425
served 0.00760043431053203 0.2676062401770315 0.0020339236495539852
adviser 0.003257328990228013 0.7447274948966939 0.0024258224589468855
board 0.004343105320304018 2.8239087409443187 0.01226453307684829
member 0.002171552660152009 0.3010299956639812 0.000653702487869666
numerous 0.0010857763300760044 0.721246399047171 0.0007831122682379708
organization 0.0010857763300760044 0.7958800173440752 0.0008641476844126767
rejoined 0.0010857763300760044 1.5228787452803376 0.0016535056952012353
presidential 0.0054288816503800215 0.3665315444204135 0.001989856375789433
campaign 0.00760043431053203 0.3872161432802645 0.0029430108609792087
tapped 0.002171552660152009 1.3979400086720377 0.003035700344564686
early 0.004343105320304018 0.07572071393811834 0.00032886303556186035
year 0.002171552660152009 0.11918640771920867 0.0002588195607366095
education 0.0010857763300760044 0.19382002601611284 0.0002104451965430107
work 0.002171552660152009 0.2218487496163564 0.0004817562423807957
born 0.002171552660152009 0.09151498112135023 0.00019872960069782896
dad 0.0010857763300760044 0.958607314841775 0.0010408331322929152
stanley 0.0010857763300760044 1.2218487496163564 0.001326654451266402
building 0.0010857763300760044 0.853871964321762 0.0009271139677760718
contractor 0.0010857763300760044 1.6989700043360187 0.0018447014162171758
mom 0.0010857763300760044 1.3979400086720377 0.001517850172282343
sarann 0.0010857763300760044 2.0 0.002171552660152009
travel 0.0010857763300760044 0.8860566476931633 0.00096205933517173
agent 0.0010857763300760044 1.3979400086720377 0.001517850172282343
interest 0.0010857763300760044 0.7695510786217261 0.0008355603459519285
politics 0.0010857763300760044 0.4685210829577449 0.0005087091020170955
sparked 0.0010857763300760044 1.0 0.0010857763300760044
meeting 0.0010857763300760044 0.8860566476931633 0.00096205933517173
robert 0.0010857763300760044 0.5528419686577808 0.0006002627238412386
kennedy 0.003257328990228013 0.06048074738138145 0.0001970056917960308
interned 0.0010857763300760044 1.6989700043360187 0.0018447014162171758
colorado 0.0010857763300760044 1.3010299956639813 0.0014126275740108374
senator 0.003257328990228013 1.5228787452803376 0.004960517085603706
floyd 0.0010857763300760044 1.3979400086720377 0.001517850172282343
haskell 0.0010857763300760044 2.0 0.002171552660152009
voted 0.0010857763300760044 0.853871964321762 0.0009271139677760718
north 0.0010857763300760044 0.6777807052660807 0.0007359182467601311
central 0.0010857763300760044 0.9208187539523752 0.0009998032073315693
high 0.0010857763300760044 0.27572413039921095 0.000299374734418253
graduating 0.0010857763300760044 0.5528419686577808 0.0006002627238412386
class 0.0010857763300760044 0.44369749923271273 0.0004817562423807956
went 0.0010857763300760044 0.32790214206428253 0.0003560283844346173
edward 0.0010857763300760044 2.0 0.002171552660152009
massachusetts 0.002171552660152009 0.7695510786217261 0.001671120691903857
birch 0.0010857763300760044 2.0 0.002171552660152009
bayh 0.0010857763300760044 2.0 0.002171552660152009
majoring 0.0010857763300760044 1.6989700043360187 0.0018447014162171758
government 0.0054288816503800215 0.494850021680094 0.0026864822023892183
georgetown 0.002171552660152009 1.3979400086720377 0.003035700344564686
university 0.0010857763300760044 0.2596373105057561 0.00028190804615174387
becoming 0.0010857763300760044 0.3372421683184259 0.0003661695638636546
first 0.004343105320304018 0.0655015487564323 0.0002844801248922141
finish 0.0010857763300760044 1.2218487496163564 0.001326654451266402
college 0.0010857763300760044 0.40893539297350084 0.0004440123702209564
graduated 0.0010857763300760044 0.6575773191777938 0.0007139818883580823
summa 0.0010857763300760044 1.5228787452803376 0.0016535056952012353
cum 0.0010857763300760044 1.0 0.0010857763300760044
laude 0.0010857763300760044 1.0 0.0010857763300760044
managing 0.0010857763300760044 1.3010299956639813 0.0014126275740108374
congressman 0.0010857763300760044 0.958607314841775 0.0010408331322929152
ed 0.0010857763300760044 1.3010299956639813 0.0014126275740108374
markey 0.0010857763300760044 2.0 0.002171552660152009
senate 0.002171552660152009 0.5686362358410126 0.001234823530599376
sears 0.0010857763300760044 1.5228787452803376 0.0016535056952012353
prize 0.0010857763300760044 0.853871964321762 0.0009271139677760718
grade 0.0010857763300760044 1.3979400086720377 0.001517850172282343
point 0.0010857763300760044 0.7447274948966939 0.0008086074863156285
average 0.0010857763300760044 1.3979400086720377 0.001517850172282343
editor 0.002171552660152009 1.1481303992702336 0.002493225622736664
review 0.0010857763300760044 1.045757490560675 0.0011354587302504614
earning 0.0010857763300760044 0.6989700043360189 0.0007589250861411715
j 0.0010857763300760044 0.7958800173440752 0.0008641476844126767
fast 0.0010857763300760044 1.3010299956639813 0.0014126275740108374
rising 0.0010857763300760044 0.8860566476931633 0.00096205933517173
star 0.0010857763300760044 0.32790214206428253 0.0003560283844346173
beltway 0.0010857763300760044 2.0 0.002171552660152009
clerked 0.0010857763300760044 1.5228787452803376 0.0016535056952012353
supreme 0.003257328990228013 0.585026652029182 0.0019056242737106907
court 0.003257328990228013 0.4202164033831899 0.0013687830729094135
justice 0.0010857763300760044 0.5376020021010439 0.0005837155288827839
byron 0.0010857763300760044 1.6989700043360187 0.0018447014162171758
assisted 0.0010857763300760044 1.1549019599857433 0.0012539652117109048
delaware 0.0010857763300760044 1.0 0.0010857763300760044
run 0.0010857763300760044 0.4559319556497244 0.0004950401255697333
advised 0.0010857763300760044 1.6989700043360187 0.0018447014162171758
judiciary 0.0010857763300760044 1.045757490560675 0.0011354587302504614
committee 0.0010857763300760044 0.638272163982407 0.0006930208077984876
period 0.0010857763300760044 0.958607314841775 0.0010408331322929152
marked 0.0010857763300760044 0.8860566476931633 0.00096205933517173
controversial 0.0010857763300760044 0.721246399047171 0.0007831122682379708
confirmation 0.0010857763300760044 0.958607314841775 0.0010408331322929152
hearing 0.0010857763300760044 1.2218487496163564 0.001326654451266402
clarence 0.0010857763300760044 1.5228787452803376 0.0016535056952012353
thomas 0.0010857763300760044 0.853871964321762 0.0009271139677760718
joined 0.0010857763300760044 0.4685210829577449 0.0005087091020170955
debate 0.002171552660152009 0.853871964321762 0.0018542279355521435
coach 0.002171552660152009 1.2218487496163564 0.002653308902532804
latter 0.0010857763300760044 1.045757490560675 0.0011354587302504614
duty 0.0010857763300760044 0.958607314841775 0.0010408331322929152
would 0.0010857763300760044 0.2291479883578558 0.00024880346184349164
fulfill 0.0010857763300760044 1.0969100130080565 0.0011909989283475097
generation 0.0010857763300760044 0.8860566476931633 0.00096205933517173
democratic 0.004343105320304018 0.3872161432802645 0.0016817204919881196
candidate 0.002171552660152009 1.4710832997223453 0.0031945348528172536
come 0.0010857763300760044 0.5528419686577808 0.0006002627238412386
tasked 0.0010857763300760044 1.3979400086720377 0.001517850172282343
judicial 0.0010857763300760044 1.1549019599857433 0.0012539652117109048
selection 0.0010857763300760044 2.0 0.002171552660152009
like 0.002171552660152009 0.2365720064370627 0.0005137285698959016
nomination 0.0010857763300760044 0.5086383061657272 0.0005522674334046985
ruth 0.0010857763300760044 1.1549019599857433 0.0012539652117109048
bader 0.0010857763300760044 1.3979400086720377 0.001517850172282343
ginsburg 0.0010857763300760044 1.3979400086720377 0.001517850172282343
attorney 0.0010857763300760044 0.494850021680094 0.0005372964404778437
janet 0.0010857763300760044 0.8860566476931633 0.00096205933517173
reno 0.0010857763300760044 1.5228787452803376 0.0016535056952012353
florida 0.002171552660152009 0.7447274948966939 0.001617214972631257
nearly 0.002171552660152009 0.721246399047171 0.0015662245364759415
four 0.0010857763300760044 0.28399665636520083 0.0003083568473020639
announcing 0.0010857763300760044 1.1549019599857433 0.0012539652117109048
departure 0.0010857763300760044 1.5228787452803376 0.0016535056952012353
returned 0.003257328990228013 0.5086383061657272 0.0016568023002140953
team 0.004343105320304018 0.619788758288394 0.0026918078535869447
lead 0.002171552660152009 0.5228787452803376 0.0011354587302504617
heavily 0.0010857763300760044 1.3010299956639813 0.0014126275740108374
contested 0.002171552660152009 1.3979400086720377 0.003035700344564686
ultimately 0.0010857763300760044 0.9208187539523752 0.0009998032073315693
unsuccessful 0.0010857763300760044 0.8860566476931633 0.00096205933517173
late 0.0010857763300760044 0.3665315444204135 0.0003979712751578866
spending 0.0010857763300760044 0.721246399047171 0.0007831122682379708
better 0.0010857763300760044 0.638272163982407 0.0006930208077984876
part 0.0010857763300760044 0.3372421683184259 0.0003661695638636546
decade 0.0010857763300760044 0.8239087409443188 0.0008945806090600638
private 0.0010857763300760044 0.6020599913279624 0.000653702487869666
sector 0.0010857763300760044 1.3979400086720377 0.001517850172282343
federal 0.0010857763300760044 0.6020599913279624 0.000653702487869666
read 0.002171552660152009 0.0655015487564323 0.00014224006244610706
next 0.0010857763300760044 0.07058107428570728 7.66352598107571e-05
bella 0.0010857763300760044 0.0655015487564323 7.112003122305353e-05
hadid 0.0010857763300760044 0.0655015487564323 7.112003122305353e-05
sadie 0.0010857763300760044 0.06048074738138145 6.566856393201026e-05
alexander 0.0010857763300760044 0.05551732784983141 6.0279400488416305e-05
adrienne 0.0010857763300760044 0.0655015487564323 7.112003122305353e-05
recovery 0.003257328990228013 1.0969100130080565 0.0035729967850425294
act 0.002171552660152009 0.4685210829577449 0.001017418204034191
headed 0.0010857763300760044 0.958607314841775 0.0010408331322929152
rollout 0.0010857763300760044 2.0 0.002171552660152009
american 0.005428881650380022 0.6552148773673394 0.0035570840247955457
reinvestment 0.0010857763300760044 1.6989700043360187 0.0018447014162171758
generally 0.0010857763300760044 1.1549019599857433 0.0012539652117109048
successful 0.0010857763300760044 0.4559319556497244 0.0004950401255697333
fending 0.0010857763300760044 2.0 0.002171552660152009
damage 0.0010857763300760044 1.3979400086720377 0.001517850172282343
great 0.0010857763300760044 0.5228787452803376 0.0005677293651252308
recession 0.0010857763300760044 1.3979400086720377 0.001517850172282343
massive 0.0010857763300760044 1.0 0.0010857763300760044
stimulus 0.0010857763300760044 1.1549019599857433 0.0012539652117109048
program 0.0010857763300760044 0.5528419686577808 0.0006002627238412386
suffered 0.0010857763300760044 0.6575773191777938 0.0007139818883580823
poor 0.0010857763300760044 0.7958800173440752 0.0008641476844126767
optic 0.0010857763300760044 2.0 0.002171552660152009
including 0.0010857763300760044 0.2365720064370627 0.0002568642849479508
underwhelming 0.0010857763300760044 1.3979400086720377 0.001517850172282343
summer 0.0010857763300760044 0.6989700043360189 0.0007589250861411715
investment 0.003257328990228013 0.853871964321762 0.0027813419033282153
failed 0.0010857763300760044 0.5376020021010439 0.0005837155288827839
solar 0.0010857763300760044 1.3979400086720377 0.001517850172282343
power 0.0010857763300760044 0.5376020021010439 0.0005837155288827839
manufacturer 0.0010857763300760044 2.0 0.002171552660152009
solyndra 0.0010857763300760044 2.0 0.002171552660152009
turned 0.0010857763300760044 0.638272163982407 0.0006930208077984876
response 0.004343105320304018 0.853871964321762 0.003708455871104287
pandemic 0.002171552660152009 0.9208187539523752 0.0019996064146631386
october 0.0010857763300760044 0.37675070960209955 0.00040906700282529815
move 0.0010857763300760044 0.721246399047171 0.0007831122682379708
criticized 0.0010857763300760044 0.958607314841775 0.0010408331322929152
lack 0.0010857763300760044 1.1549019599857433 0.0012539652117109048
medical 0.0010857763300760044 0.7447274948966939 0.0008086074863156285
background 0.0010857763300760044 0.7958800173440752 0.0008641476844126767
effectively 0.0010857763300760044 0.958607314841775 0.0010408331322929152
organized 0.0010857763300760044 0.7958800173440752 0.0008641476844126767
joint 0.0010857763300760044 1.0969100130080565 0.0011909989283475097
military 0.0010857763300760044 0.5528419686577808 0.0006002627238412386
civilian 0.0010857763300760044 1.1549019599857433 0.0012539652117109048
west 0.002171552660152009 0.7695510786217261 0.001671120691903857
africa 0.002171552660152009 0.7447274948966939 0.001617214972631257
handled 0.0010857763300760044 1.6989700043360187 0.0018447014162171758
thorny 0.0010857763300760044 1.6989700043360187 0.0018447014162171758
aspect 0.0010857763300760044 1.6989700043360187 0.0018447014162171758
evacuating 0.0010857763300760044 2.0 0.002171552660152009
infected 0.0010857763300760044 1.6989700043360187 0.0018447014162171758
area 0.0010857763300760044 0.7447274948966939 0.0008086074863156285
disposal 0.0010857763300760044 2.0 0.002171552660152009
related 0.0010857763300760044 0.7695510786217261 0.0008355603459519285
hospital 0.0010857763300760044 0.8239087409443188 0.0008945806090600638
waste 0.0010857763300760044 1.5228787452803376 0.0016535056952012353
success 0.0010857763300760044 0.431798275933005 0.0004688363473756841
announced 0.0010857763300760044 0.40893539297350084 0.0004440123702209564
withdrawal 0.0010857763300760044 1.3010299956639813 0.0014126275740108374
troop 0.0010857763300760044 1.0 0.0010857763300760044
deployed 0.0010857763300760044 1.5228787452803376 0.0016535056952012353
around 0.0010857763300760044 0.4559319556497244 0.0004950401255697333
stepped 0.0010857763300760044 1.0969100130080565 0.0011909989283475097
position 0.0010857763300760044 0.619788758288394 0.0006729519633967362
released 0.0010857763300760044 0.3010299956639812 0.000326851243934833
statement 0.0010857763300760044 0.638272163982407 0.0006930208077984876
took 0.0010857763300760044 0.28399665636520083 0.0003083568473020639
challenge 0.0010857763300760044 0.853871964321762 0.0009271139677760718
many 0.0010857763300760044 0.28399665636520083 0.0003083568473020639
called 0.0010857763300760044 0.3010299956639812 0.000326851243934833
insurmountable 0.0010857763300760044 2.0 0.002171552660152009
leading 0.002171552660152009 0.5228787452803376 0.0011354587302504617
responsible 0.0010857763300760044 0.7695510786217261 0.0008355603459519285
tremendous 0.0010857763300760044 1.3010299956639813 0.0014126275740108374
progress 0.002171552660152009 1.0 0.002171552660152009
helped 0.0010857763300760044 0.3372421683184259 0.0003661695638636546
remind 0.0010857763300760044 1.3010299956639813 0.0014126275740108374
world 0.002171552660152009 0.04575749056067514 9.936480034891454e-05
make 0.0010857763300760044 0.9208187539523752 0.0009998032073315693
america 0.0010857763300760044 0.37675070960209955 0.00040906700282529815
exceptional 0.0010857763300760044 1.6989700043360187 0.0018447014162171758
familiar 0.0010857763300760044 1.2218487496163564 0.001326654451266402
ground 0.002171552660152009 1.045757490560675 0.002270917460500923
along 0.0010857763300760044 0.4202164033831899 0.0004562610243031378
fulfilling 0.0010857763300760044 1.2218487496163564 0.001326654451266402
regular 0.0010857763300760044 1.2218487496163564 0.001326654451266402
role 0.003257328990228013 0.9863203027088074 0.003212769715663868
emerged 0.0010857763300760044 1.2218487496163564 0.001326654451266402
critic 0.0010857763300760044 1.3979400086720377 0.001517850172282343
donald 0.0010857763300760044 0.494850021680094 0.0005372964404778437
trump 0.002171552660152009 0.5086383061657272 0.001104534866809397
coronavirus 0.0010857763300760044 1.0 0.0010857763300760044
election 0.0010857763300760044 0.44369749923271273 0.0004817562423807956
winner 0.0010857763300760044 0.853871964321762 0.0009271139677760718
major 0.002171552660152009 0.4202164033831899 0.0009125220486062756
medium 0.0010857763300760044 0.5086383061657272 0.0005522674334046985
outlet 0.0010857763300760044 1.2218487496163564 0.001326654451266402
result 0.0010857763300760044 0.7695510786217261 0.0008355603459519285
legal 0.0010857763300760044 0.5086383061657272 0.0005522674334046985
xa 0.0010857763300760044 0.17392519729917358 0.0001888438624312417
corporate 0.0010857763300760044 1.0969100130080565 0.0011909989283475097
membership 0.0010857763300760044 2.0 0.002171552660152009
partner 0.0010857763300760044 0.8860566476931633 0.00096205933517173
washington 0.0010857763300760044 0.3979400086720376 0.00043207384220633836
c 0.0010857763300760044 0.35654732351381263 0.00038713064442324937
office 0.002171552660152009 0.31875876262441283 0.0006922014389238064
melveny 0.0010857763300760044 2.0 0.002171552660152009
myers 0.0010857763300760044 1.5228787452803376 0.0016535056952012353
llp 0.0010857763300760044 2.0 0.002171552660152009
lobbied 0.0010857763300760044 1.3010299956639813 0.0014126275740108374
client 0.0010857763300760044 1.5228787452803376 0.0016535056952012353
lender 0.0010857763300760044 2.0 0.002171552660152009
sallie 0.0010857763300760044 2.0 0.002171552660152009
mae 0.0010857763300760044 1.3979400086720377 0.001517850172282343
pharmaceutical 0.0010857763300760044 2.0 0.002171552660152009
company 0.002171552660152009 0.494850021680094 0.0010745928809556874
imclone 0.0010857763300760044 2.0 0.002171552660152009
forged 0.0010857763300760044 1.5228787452803376 0.0016535056952012353
longtime 0.002171552660152009 0.7447274948966939 0.001617214972631257
partnership 0.0010857763300760044 1.1549019599857433 0.0012539652117109048
aol 0.0010857763300760044 2.0 0.002171552660152009
founder 0.002171552660152009 0.7958800173440752 0.0017282953688253534
steve 0.0010857763300760044 1.0969100130080565 0.0011909989283475097
case 0.003257328990228013 0.5228787452803376 0.0017031880953756926
signing 0.0010857763300760044 1.045757490560675 0.0011354587302504614
executive 0.0010857763300760044 0.5528419686577808 0.0006002627238412386
firm 0.002171552660152009 0.6020599913279624 0.001307404975739332
revolution 0.0010857763300760044 1.0 0.0010857763300760044
llc 0.002171552660152009 0.04575749056067514 9.936480034891454e-05
additionally 0.0010857763300760044 0.9208187539523752 0.0009998032073315693
holding 0.0010857763300760044 1.1549019599857433 0.0012539652117109048
leaving 0.0010857763300760044 0.5686362358410126 0.000617411765299688
external 0.0010857763300760044 2.0 0.002171552660152009
advisor 0.0010857763300760044 1.1549019599857433 0.0012539652117109048
skoll 0.0010857763300760044 2.0 0.002171552660152009
global 0.0010857763300760044 0.8239087409443188 0.0008945806090600638
threat 0.0010857763300760044 1.0969100130080565 0.0011909989283475097
fund 0.002171552660152009 1.0969100130080565 0.0023819978566950195
chair 0.0010857763300760044 0.958607314841775 0.0010408331322929152
advisory 0.0010857763300760044 1.6989700043360187 0.0018447014162171758
higher 0.0010857763300760044 1.0969100130080565 0.0011909989283475097
lab 0.0010857763300760044 2.0 0.002171552660152009
action 0.0010857763300760044 0.585026652029182 0.0006352080912368969
constitution 0.0010857763300760044 0.853871964321762 0.0009271139677760718
society 0.0010857763300760044 0.7695510786217261 0.0008355603459519285
third 0.0010857763300760044 0.4202164033831899 0.0004562610243031378
way 0.0010857763300760044 0.431798275933005 0.0004688363473756841
adjunct 0.0010857763300760044 1.6989700043360187 0.0018447014162171758
professor 0.0010857763300760044 0.8860566476931633 0.00096205933517173
personal 0.0010857763300760044 0.3372421683184259 0.0003661695638636546
life 0.002171552660152009 0.13679614097137055 0.00029706002382490893
married 0.0010857763300760044 0.24412514432750856 0.00026506530328719715
environmentalist 0.0010857763300760044 1.6989700043360187 0.0018447014162171758
monica 0.0010857763300760044 1.5228787452803376 0.0016535056952012353
medina 0.0010857763300760044 2.0 0.002171552660152009
daily 0.0010857763300760044 1.0969100130080565 0.0011909989283475097
planet 0.0010857763300760044 1.1549019599857433 0.0012539652117109048
three 0.0010857763300760044 0.2076083105017461 0.00022541618946986548
child 0.0010857763300760044 0.2076083105017461 0.00022541618946986548
hannah 0.0010857763300760044 1.5228787452803376 0.0016535056952012353
michael 0.0010857763300760044 0.494850021680094 0.0005372964404778437
daniel 0.0010857763300760044 1.0969100130080565 0.0011909989283475097
check 0.0010857763300760044 0.07058107428570728 7.66352598107571e-05
strive 0.0010857763300760044 0.07058107428570728 7.66352598107571e-05
accuracy 0.0010857763300760044 0.07058107428570728 7.66352598107571e-05
fairness 0.0010857763300760044 0.07058107428570728 7.66352598107571e-05
see 0.002171552660152009 0.04575749056067514 9.936480034891454e-05
something 0.0010857763300760044 0.07058107428570728 7.66352598107571e-05
look 0.0010857763300760044 0.07058107428570728 7.66352598107571e-05
right 0.0010857763300760044 0.07058107428570728 7.66352598107571e-05
citation 0.0010857763300760044 0.07058107428570728 7.66352598107571e-05
information 0.0010857763300760044 0.07058107428570728 7.66352598107571e-05
article 0.0010857763300760044 0.07058107428570728 7.66352598107571e-05
title 0.0010857763300760044 0.07058107428570728 7.66352598107571e-05
author 0.0010857763300760044 0.06048074738138145 6.566856393201026e-05
com 0.002171552660152009 0.06048074738138145 0.0001313371278640205
website 0.002171552660152009 0.0655015487564323 0.00014224006244610706
url 0.0010857763300760044 0.07058107428570728 7.66352598107571e-05
access 0.0010857763300760044 0.07058107428570728 7.66352598107571e-05
publisher 0.0010857763300760044 0.07058107428570728 7.66352598107571e-05
e 0.002171552660152009 0.04575749056067514 9.936480034891454e-05
television 0.002171552660152009 0.04575749056067514 9.936480034891454e-05
network 0.003257328990228013 1.2676062401770316 0.004129010554322579
last 0.0010857763300760044 0.0655015487564323 7.112003122305353e-05
updated 0.0010857763300760044 0.07058107428570728 7.66352598107571e-05
january 0.0010857763300760044 0.2676062401770315 0.0002905605213648551
original 0.0010857763300760044 0.0655015487564323 7.112003122305353e-05
published 0.0010857763300760044 0.07058107428570728 7.66352598107571e-05
december 0.0010857763300760044 0.40893539297350084 0.0004440123702209564
receive 0.0010857763300760044 0.05551732784983141 6.0279400488416305e-05
story 0.003257328990228013 0.05551732784983141 0.0001808382014652489
shaped 0.002171552660152009 0.05551732784983141 0.00012055880097683261
sign 0.0010857763300760044 0.05551732784983141 6.0279400488416305e-05
person 0.009771986970684038 0.05060999335508724 0.0004945601956523182
howard 0.002171552660152009 0.958607314841775 0.0020816662645858305
known 0.002171552660152009 0.06048074738138145 0.0001313371278640205
show 0.002171552660152009 1.1726307269461747 0.0025464293744759496
happy 0.0010857763300760044 1.045757490560675 0.0011354587302504614
day 0.0010857763300760044 0.40893539297350084 0.0004440123702209564
andy 0.0010857763300760044 1.6989700043360187 0.0018447014162171758
griffith 0.0010857763300760044 2.0 0.002171552660152009
director 0.0010857763300760044 0.5686362358410126 0.000617411765299688
acclaimed 0.0010857763300760044 0.7958800173440752 0.0008641476844126767
film 0.002171552660152009 1.3233063903751334 0.0028736295122152736
beautiful 0.0010857763300760044 1.3010299956639813 0.0014126275740108374
mind 0.0010857763300760044 1.0 0.0010857763300760044
apollo 0.0010857763300760044 1.1549019599857433 0.0012539652117109048
mike 0.002171552660152009 0.8860566476931633 0.00192411867034346
donilon 0.002171552660152009 1.3979400086720377 0.003035700344564686
pollster 0.0010857763300760044 1.3010299956639813 0.0014126275740108374
strategist 0.0010857763300760044 1.3010299956639813 0.0014126275740108374
consultant 0.0010857763300760044 0.958607314841775 0.0010408331322929152
senior 0.0010857763300760044 1.0 0.0010857763300760044
woodroof 0.002171552660152009 2.0 0.004343105320304018
founded 0.0010857763300760044 0.619788758288394 0.0006729519633967362
dallas 0.0010857763300760044 1.5228787452803376 0.0016535056952012353
buyer 0.0010857763300760044 1.3979400086720377 0.001517850172282343
club 0.0010857763300760044 0.8239087409443188 0.0008945806090600638
efficacious 0.0010857763300760044 2.0 0.002171552660152009
alternative 0.0010857763300760044 2.0 0.002171552660152009
distributed 0.0010857763300760044 2.0 0.002171552660152009
aid 0.0010857763300760044 1.2218487496163564 0.001326654451266402
medication 0.0010857763300760044 2.0 0.002171552660152009
underground 0.0010857763300760044 1.6989700043360187 0.0018447014162171758
kovic 0.002171552660152009 2.0 0.004343105320304018
vietnam 0.0010857763300760044 0.9208187539523752 0.0009998032073315693
war 0.002171552660152009 0.35654732351381263 0.0007742612888464987
veteran 0.0010857763300760044 0.9208187539523752 0.0009998032073315693
anti 0.0010857763300760044 0.721246399047171 0.0007831122682379708
activist 0.0010857763300760044 0.494850021680094 0.0005372964404778437
wrote 0.0010857763300760044 0.5528419686577808 0.0006002627238412386
autobiography 0.0010857763300760044 1.0 0.0010857763300760044
fourth 0.0010857763300760044 0.721246399047171 0.0007831122682379708
july 0.0010857763300760044 0.37675070960209955 0.00040906700282529815
basis 0.0010857763300760044 1.2218487496163564 0.001326654451266402
oliver 0.0010857763300760044 1.3979400086720377 0.001517850172282343
stone 0.0010857763300760044 1.0969100130080565 0.0011909989283475097
starring 0.0010857763300760044 0.8239087409443188 0.0008945806090600638
tom 0.0010857763300760044 0.958607314841775 0.0010408331322929152
cruise 0.0010857763300760044 1.6989700043360187 0.0018447014162171758
goldman 0.002171552660152009 1.3979400086720377 0.003035700344564686
friend 0.0010857763300760044 0.638272163982407 0.0006930208077984876
nicole 0.0010857763300760044 1.3979400086720377 0.001517850172282343
brown 0.0010857763300760044 0.8239087409443188 0.0008945806090600638
simpson 0.0010857763300760044 1.5228787452803376 0.0016535056952012353
murdered 0.0010857763300760044 1.0969100130080565 0.0011909989283475097
outside 0.0010857763300760044 0.6989700043360189 0.0007589250861411715
home 0.0010857763300760044 0.31875876262441283 0.0003461007194619032
june 0.0010857763300760044 0.28399665636520083 0.0003083568473020639
jen 0.002171552660152009 1.3979400086720377 0.003035700344564686
malley 0.002171552660152009 1.3979400086720377 0.003035700344564686
dillon 0.002171552660152009 1.3979400086720377 0.003035700344564686
woman 0.0010857763300760044 0.3979400086720376 0.00043207384220633836
manage 0.0010857763300760044 1.3010299956639813 0.0014126275740108374
winning 0.0010857763300760044 0.4202164033831899 0.0004562610243031378
appointment 0.0010857763300760044 0.958607314841775 0.0010408331322929152
deputy 0.0010857763300760044 0.9208187539523752 0.0009998032073315693
th 0.0010857763300760044 0.2076083105017461 0.00022541618946986548
united 0.002171552660152009 0.18708664335714445 0.0004062684980611172
state 0.002171552660152009 0.20065945054641826 0.00043574256361871504
african 0.0010857763300760044 0.28399665636520083 0.0003083568473020639
serve 0.0010857763300760044 0.5086383061657272 0.0005522674334046985
elected 0.0010857763300760044 0.3665315444204135 0.0003979712751578866
presidency 0.0010857763300760044 0.4685210829577449 0.0005087091020170955
second 0.0010857763300760044 0.19382002601611284 0.0002104451965430107
rahm 0.002171552660152009 1.3979400086720377 0.003035700344564686
emanuel 0.002171552660152009 1.3979400086720377 0.003035700344564686
politician 0.0010857763300760044 0.6575773191777938 0.0007139818883580823
mayor 0.0010857763300760044 0.6777807052660807 0.0007359182467601311
chicago 0.0010857763300760044 0.638272163982407 0.0006930208077984876
loading 0.0010857763300760044 0.04575749056067514 4.968240017445727e-05
logo 0.0010857763300760044 0.04575749056067514 4.968240017445727e-05
registered 0.0010857763300760044 0.04575749056067514 4.968240017445727e-05
trademark 0.0010857763300760044 0.04575749056067514 4.968240017445727e-05
close 0.004343105320304018 0.04575749056067514 0.00019872960069782907
