olivia 0.01673228346456693 1.5228787452803376 0.02548123884819463
rodrigo 0.03937007874015748 1.6989700043360187 0.06688858284787476
sour 0.005905511811023622 1.6989700043360187 0.010033287427181212
song 0.013779527559055118 1.337242168318426 0.018426565311474373
driver 0.008858267716535433 3.0969100130080562 0.02743325798924459
liceens 0.000984251968503937 2.0 0.001968503937007874
biography 0.00984251968503937 0.04575749056067514 0.00045036900158144824
skip 0.000984251968503937 0.04575749056067514 4.503690015814483e-05
main 0.000984251968503937 0.04575749056067514 4.503690015814483e-05
content 0.002952755905511811 0.04575749056067514 0.00013511070047443448
people 0.00984251968503937 0.04575749056067514 0.00045036900158144824
nostalgia 0.002952755905511811 0.04575749056067514 0.00013511070047443448
celebrity 0.002952755905511811 0.04575749056067514 0.00013511070047443448
history 0.002952755905511811 0.04575749056067514 0.00013511070047443448
culture 0.002952755905511811 0.04575749056067514 0.00013511070047443448
crime 0.002952755905511811 0.04575749056067514 0.00013511070047443448
scandal 0.002952755905511811 0.04575749056067514 0.00013511070047443448
video 0.004921259842519685 0.8696662315049939 0.004279853501500954
contact 0.002952755905511811 0.04575749056067514 0.00013511070047443448
u 0.003937007874015748 0.20065945054641832 0.0007899978367969225
advertise 0.001968503937007874 0.04575749056067514 9.007380031628966e-05
privacy 0.002952755905511811 0.04575749056067514 0.00013511070047443448
notice 0.001968503937007874 0.04575749056067514 9.007380031628966e-05
term 0.001968503937007874 0.04575749056067514 9.007380031628966e-05
use 0.001968503937007874 0.04575749056067514 9.007380031628966e-05
copyright 0.001968503937007874 0.04575749056067514 9.007380031628966e-05
policy 0.001968503937007874 0.04575749056067514 9.007380031628966e-05
ad 0.001968503937007874 0.04575749056067514 9.007380031628966e-05
choice 0.002952755905511811 0.9318141382538384 0.0027514196995684203
accessibility 0.001968503937007874 0.04575749056067514 9.007380031628966e-05
support 0.002952755905511811 0.04575749056067514 0.00013511070047443448
setting 0.000984251968503937 0.04575749056067514 4.503690015814483e-05
february 0.003937007874015748 0.04575749056067514 0.0001801476006325793
subscribe 0.001968503937007874 0.04575749056067514 9.007380031628966e-05
newsletter 0.002952755905511811 0.04575749056067514 0.00013511070047443448
photo 0.000984251968503937 0.12493873660829993 0.00012297119744911412
frazer 0.000984251968503937 1.6989700043360187 0.0016722145711968689
harrison 0.000984251968503937 1.6989700043360187 0.0016722145711968689
getty 0.000984251968503937 0.2291479883578558 0.0002255393586199368
image 0.001968503937007874 0.2218487496163564 0.00043671013704007166
quick 0.000984251968503937 0.07058107428570728 6.946956130483e-05
fact 0.001968503937007874 0.14116214857141457 0.00027787824521932
name 0.002952755905511811 0.05551732784983141 0.00016392911766682504
birth 0.001968503937007874 0.07058107428570728 0.00013893912260966
date 0.003937007874015748 0.07058107428570728 0.00027787824521932
age 0.002952755905511811 0.11350927482751813 0.0003351651815773173
place 0.002952755905511811 0.07572071393811834 0.00022358478525034942
murrieta 0.001968503937007874 2.0 0.003937007874015748
california 0.003937007874015748 0.5528419686577808 0.0021765431836920503
zodiac 0.000984251968503937 0.3010299956639812 0.0002962893658110051
sign 0.001968503937007874 0.05551732784983141 0.00010928607844455002
pisces 0.000984251968503937 1.0969100130080565 0.0010796358395748587
cite 0.000984251968503937 0.07058107428570728 6.946956130483e-05
page 0.000984251968503937 0.07058107428570728 6.946956130483e-05
publish 0.000984251968503937 0.07058107428570728 6.946956130483e-05
oct 0.000984251968503937 1.5228787452803376 0.001498896402834978
comment 0.001968503937007874 0.07058107428570728 0.00013893912260966
american 0.005905511811023622 0.1023729087095586 0.0006045644215131414
actress 0.006889763779527559 0.6020599913279624 0.004148051121354072
singer 0.002952755905511811 1.8181564120552276 0.005368572082840239
songwriter 0.002952755905511811 0.8860566476931633 0.002616308999093986
found 0.000984251968503937 0.3372421683184259 0.00033193126802994675
fame 0.000984251968503937 0.48148606012211254 0.00047390360248239423
tv 0.002952755905511811 0.5228787452803376 0.001543933302993123
show 0.004921259842519685 1.1726307269461747 0.005770820506624875
high 0.004921259842519685 0.27572413039921095 0.001356910090547298
school 0.005905511811023622 0.14874165128092467 0.0008783955784306576
musical 0.008858267716535433 0.48148606012211254 0.004265132422341548
series 0.005905511811023622 0.37675070960209955 0.0022249057653667297
releasing 0.000984251968503937 1.1549019599857433 0.001136714527545023
hit 0.005905511811023622 0.8751698505861407 0.005168325889288232
single 0.005905511811023622 1.585026652029182 0.009360393614345564
license 0.007874015748031496 1.3979400086720377 0.011007401643086912
grew 0.002952755905511811 0.494850021680094 0.0014611713238585453
demonstrated 0.002952755905511811 1.1549019599857433 0.0034101435826350687
early 0.002952755905511811 0.07572071393811834 0.00022358478525034942
ability 0.001968503937007874 2.0969100130080562 0.004127775616157591
music 0.007874015748031496 0.4559319556497244 0.0035900153988167273
included 0.000984251968503937 0.48148606012211254 0.00047390360248239423
composing 0.000984251968503937 1.5228787452803376 0.001498896402834978
child 0.002952755905511811 0.2924298239020636 0.0008634738894745973
landed 0.001968503937007874 1.045757490560675 0.0020585777373241633
starring 0.002952755905511811 0.8239087409443188 0.002432801400426138
role 0.008858267716535433 0.9863203027088074 0.008737089295648884
bizaardvark 0.001968503937007874 2.0 0.003937007874015748
released 0.001968503937007874 0.3010299956639812 0.0005925787316220102
heartrending 0.000984251968503937 2.0 0.001968503937007874
debut 0.000984251968503937 0.8239087409443188 0.0008109338001420461
january 0.001968503937007874 0.2676062401770315 0.0005267839373563612
billboard 0.004921259842519685 1.0 0.004921259842519685
hot 0.003937007874015748 0.958607314841775 0.0037740445466211614
first 0.006889763779527559 0.0655015487564323 0.0004512901981250257
one 0.002952755905511811 0.08092190762392613 0.00023894264062182912
billion 0.000984251968503937 0.8860566476931633 0.0008721029996979953
stream 0.000984251968503937 1.6989700043360187 0.0016722145711968689
followed 0.000984251968503937 0.5528419686577808 0.0005441357959230126
acclaimed 0.000984251968503937 0.7958800173440752 0.0007833464737638535
album 0.005905511811023622 1.1214782044987934 0.0066229027824731895
life 0.002952755905511811 0.13679614097137055 0.0004039256131044406
interest 0.000984251968503937 0.7695510786217261 0.0007574321639977619
isabel 0.000984251968503937 2.0 0.001968503937007874
born 0.000984251968503937 0.09151498112135023 9.00738003162896e-05
xa 0.004921259842519685 0.17392519729917358 0.0008559310890707361
temecula 0.000984251968503937 2.0 0.001968503937007874
parent 0.002952755905511811 0.4559319556497244 0.0013462557745562728
jennifer 0.000984251968503937 1.3010299956639813 0.001280541334314942
teacher 0.000984251968503937 0.6989700043360189 0.000687962602692932
chris 0.000984251968503937 1.045757490560675 0.0010292888686620817
family 0.001968503937007874 0.11918640771920867 0.00023461891283308792
marriage 0.000984251968503937 0.5376020021010439 0.0005291358288396101
therapist 0.000984251968503937 2.0 0.001968503937007874
mother 0.001968503937007874 0.21467016498923297 0.000422579064939435
introduced 0.000984251968503937 0.9208187539523752 0.0009063176712129677
alternative 0.000984251968503937 1.1549019599857433 0.001136714527545023
rock 0.001968503937007874 0.721246399047171 0.0014197763760771082
doubt 0.000984251968503937 1.1549019599857433 0.001136714527545023
white 0.002952755905511811 0.3872161432802645 0.0011433547537803084
stripe 0.000984251968503937 2.0 0.001968503937007874
smashing 0.000984251968503937 2.0 0.001968503937007874
pumpkin 0.000984251968503937 2.0 0.001968503937007874
showed 0.000984251968503937 0.8239087409443188 0.0008109338001420461
affinity 0.000984251968503937 1.6989700043360187 0.0016722145711968689
started 0.001968503937007874 0.6020599913279624 0.0011851574632440205
singing 0.000984251968503937 1.1549019599857433 0.001136714527545023
lesson 0.001968503937007874 1.5228787452803376 0.002997792805669956
soon 0.001968503937007874 0.40893539297350084 0.0008049909310501985
competing 0.000984251968503937 2.0 0.001968503937007874
local 0.000984251968503937 0.6989700043360189 0.000687962602692932
contest 0.000984251968503937 1.6989700043360187 0.0016722145711968689
talent 0.000984251968503937 0.853871964321762 0.0008404251617340178
also 0.008858267716535433 0.0861861476162833 0.0007634599690418797
writing 0.000984251968503937 0.853871964321762 0.0008404251617340178
young 0.002952755905511811 0.3010299956639812 0.0008888680974330153
began 0.000984251968503937 0.20065945054641826 0.00019749945919923058
piano 0.001968503937007874 1.5228787452803376 0.002997792805669956
initially 0.000984251968503937 0.7695510786217261 0.0007574321639977619
hated 0.000984251968503937 1.6989700043360187 0.0016722145711968689
studying 0.000984251968503937 1.0 0.000984251968503937
came 0.001968503937007874 0.3010299956639812 0.0005925787316220102
appreciate 0.000984251968503937 2.0 0.001968503937007874
instrument 0.000984251968503937 1.3010299956639813 0.001280541334314942
helped 0.001968503937007874 0.3372421683184259 0.0006638625360598935
songwriting 0.001968503937007874 1.3010299956639813 0.002561082668629884
youthful 0.000984251968503937 2.0 0.001968503937007874
composition 0.000984251968503937 1.6989700043360187 0.0016722145711968689
often 0.000984251968503937 0.5376020021010439 0.0005291358288396101
focused 0.000984251968503937 0.6989700043360189 0.000687962602692932
heartbreak 0.001968503937007874 1.6989700043360187 0.0033444291423937378
even 0.000984251968503937 0.3665315444204135 0.0003607593941145802
boyfriend 0.000984251968503937 1.5228787452803376 0.001498896402834978
literally 0.000984251968503937 1.3010299956639813 0.001280541334314942
wrote 0.002952755905511811 0.5528419686577808 0.0016324073877690378
breakup 0.002952755905511811 1.6989700043360187 0.005016643713590606
ever 0.000984251968503937 0.6989700043360189 0.000687962602692932
held 0.000984251968503937 0.48148606012211254 0.00047390360248239423
boy 0.000984251968503937 0.7958800173440752 0.0007833464737638535
hand 0.000984251968503937 0.7958800173440752 0.0007833464737638535
told 0.002952755905511811 0.44369749923271273 0.0013101304111202148
acting 0.002952755905511811 0.6777807052660807 0.00200132098011638
audition 0.001968503937007874 4.0 0.007874015748031496
disney 0.004921259842519685 1.3010299956639813 0.006402706671574711
stardom 0.000984251968503937 1.5228787452803376 0.001498896402834978
time 0.002952755905511811 0.4791236183116582 0.0014147350934399356
taking 0.000984251968503937 0.6020599913279624 0.0005925787316220102
class 0.000984251968503937 1.1549019599857433 0.001136714527545023
production 0.000984251968503937 1.2218487496163564 0.0012026070370239727
professional 0.000984251968503937 0.8239087409443188 0.0008109338001420461
job 0.000984251968503937 0.853871964321762 0.0008404251617340178
would 0.002952755905511811 0.2291479883578558 0.0006766180758598104
take 0.000984251968503937 0.48148606012211254 0.00047390360248239423
mile 0.000984251968503937 2.0 0.001968503937007874
trek 0.000984251968503937 1.6989700043360187 0.0016722145711968689
los 0.001968503937007874 0.6020599913279624 0.0011851574632440205
angeles 0.001968503937007874 0.6020599913279624 0.0011851574632440205
overnight 0.000984251968503937 2.0 0.001968503937007874
success 0.006889763779527559 1.9546770212133426 0.01346726294143051
pushed 0.000984251968503937 0.7958800173440752 0.0007833464737638535
become 0.000984251968503937 0.3372421683184259 0.00033193126802994675
daughter 0.000984251968503937 0.31875876262441283 0.0003137389395909575
could 0.000984251968503937 0.4202164033831899 0.0004135988222275491
stop 0.000984251968503937 1.0 0.000984251968503937
auditioning 0.000984251968503937 2.0 0.001968503937007874
however 0.001968503937007874 0.32790214206428253 0.0006454766576068553
determined 0.000984251968503937 0.7695510786217261 0.0007574321639977619
continue 0.000984251968503937 0.6777807052660807 0.0006671069933721266
got 0.002952755905511811 0.5376020021010439 0.0015874074865188305
lead 0.000984251968503937 0.5228787452803376 0.0005146444343310409
girl 0.003937007874015748 1.4948500216800942 0.0058852363058271425
grace 0.000984251968503937 1.3010299956639813 0.001280541334314942
stir 0.000984251968503937 2.0 0.001968503937007874
year 0.000984251968503937 0.1307682802690238 0.0001287089372726612
old 0.000984251968503937 0.28399665636520083 0.00027952426807598504
cast 0.000984251968503937 1.045757490560675 0.0010292888686620817
paige 0.000984251968503937 2.0 0.001968503937007874
olvera 0.000984251968503937 2.0 0.001968503937007874
starred 0.000984251968503937 0.7695510786217261 0.0007574321639977619
alongside 0.000984251968503937 0.7695510786217261 0.0007574321639977619
madison 0.000984251968503937 1.0969100130080565 0.0010796358395748587
hu 0.000984251968503937 2.0 0.001968503937007874
remains 0.000984251968503937 1.2218487496163564 0.0012026070370239727
close 0.004921259842519685 0.04575749056067514 0.00022518450079072412
friend 0.002952755905511811 1.2069083998234196 0.003563705904990412
required 0.000984251968503937 1.0 0.000984251968503937
learn 0.000984251968503937 1.0 0.000984251968503937
guitar 0.000984251968503937 1.0969100130080565 0.0010796358395748587
meant 0.000984251968503937 0.853871964321762 0.0008404251617340178
getting 0.000984251968503937 0.7695510786217261 0.0007574321639977619
leaving 0.000984251968503937 0.5686362358410126 0.0005596813344891856
public 0.000984251968503937 0.2596373105057561 0.00025554853396235835
behind 0.000984251968503937 0.6777807052660807 0.0006671069933721266
nini 0.000984251968503937 2.0 0.001968503937007874
salazar 0.000984251968503937 2.0 0.001968503937007874
robert 0.000984251968503937 1.2218487496163564 0.0012026070370239727
addition 0.000984251968503937 0.6777807052660807 0.0006671069933721266
continued 0.000984251968503937 0.3372421683184259 0.00033193126802994675
write 0.000984251968503937 1.045757490560675 0.0010292888686620817
shared 0.000984251968503937 0.7695510786217261 0.0007574321639977619
instagram 0.001968503937007874 1.3010299956639813 0.002561082668629884
led 0.000984251968503937 0.37675070960209955 0.0003708176275611216
asking 0.000984251968503937 1.045757490560675 0.0010292888686620817
compose 0.000984251968503937 1.6989700043360187 0.0016722145711968689
hsm 0.002952755905511811 2.0 0.005905511811023622
tm 0.002952755905511811 2.0 0.005905511811023622
t 0.002952755905511811 2.0 0.005905511811023622
character 0.000984251968503937 0.958607314841775 0.0009435111366552903
performed 0.001968503937007874 0.7695510786217261 0.0015148643279955239
resulting 0.000984251968503937 1.045757490560675 0.0010292888686620817
ballad 0.001968503937007874 1.6989700043360187 0.0033444291423937378
want 0.002952755905511811 0.585026652029182 0.0017274409016609705
became 0.002952755905511811 0.07572071393811834 0.00022358478525034942
charted 0.000984251968503937 1.6989700043360187 0.0016722145711968689
read 0.000984251968503937 0.0655015487564323 6.44700283035751e-05
next 0.000984251968503937 0.07058107428570728 6.946956130483e-05
bella 0.000984251968503937 0.0655015487564323 6.44700283035751e-05
hadid 0.000984251968503937 0.0655015487564323 6.44700283035751e-05
sadie 0.000984251968503937 0.06048074738138145 5.9528294666714026e-05
alexander 0.000984251968503937 0.05551732784983141 5.464303922227501e-05
adrienne 0.000984251968503937 0.0655015487564323 6.44700283035751e-05
kennedy 0.000984251968503937 0.06048074738138145 5.9528294666714026e-05
drew 0.000984251968503937 0.8239087409443188 0.0008109338001420461
attention 0.000984251968503937 0.6777807052660807 0.0006671069933721266
multiple 0.001968503937007874 0.721246399047171 0.0014197763760771082
label 0.001968503937007874 1.6989700043360187 0.0033444291423937378
ultimately 0.000984251968503937 0.9208187539523752 0.0009063176712129677
signed 0.001968503937007874 0.494850021680094 0.0009741142159056968
geffen 0.000984251968503937 1.5228787452803376 0.001498896402834978
record 0.002952755905511811 1.193820026016113 0.0035250591319373414
start 0.000984251968503937 2.0 0.001968503937007874
programming 0.000984251968503937 0.9208187539523752 0.0009063176712129677
miley 0.000984251968503937 1.6989700043360187 0.0016722145711968689
cyrus 0.000984251968503937 1.5228787452803376 0.001498896402834978
selena 0.000984251968503937 1.5228787452803376 0.001498896402834978
gomez 0.000984251968503937 2.0 0.001968503937007874
hollywood 0.000984251968503937 0.7958800173440752 0.0007833464737638535
marked 0.000984251968503937 0.8860566476931633 0.0008721029996979953
different 0.001968503937007874 0.7695510786217261 0.0015148643279955239
trajectory 0.000984251968503937 2.0 0.001968503937007874
admitted 0.000984251968503937 0.7958800173440752 0.0007833464737638535
think 0.000984251968503937 0.585026652029182 0.0005758136338869902
specific 0.000984251968503937 1.3010299956639813 0.001280541334314942
archetype 0.000984251968503937 2.0 0.001968503937007874
star 0.001968503937007874 0.32790214206428253 0.0006454766576068553
turned 0.000984251968503937 0.638272163982407 0.0006282206338409518
pop 0.000984251968503937 0.5686362358410126 0.0005596813344891856
follow 0.000984251968503937 0.7958800173440752 0.0007833464737638535
producer 0.001968503937007874 0.8239087409443188 0.0016218676002840921
dan 0.000984251968503937 1.3979400086720377 0.001375925205385864
nigro 0.001968503937007874 2.0 0.003937007874015748
reached 0.000984251968503937 0.721246399047171 0.0007098881880385541
seeing 0.000984251968503937 1.3010299956639813 0.001280541334314942
sing 0.000984251968503937 1.2218487496163564 0.0012026070370239727
recorded 0.000984251968503937 0.8860566476931633 0.0008721029996979953
release 0.001968503937007874 0.5686362358410126 0.0011193626689783712
debuted 0.000984251968503937 1.2218487496163564 0.0012026070370239727
making 0.000984251968503937 0.3979400086720376 0.00039167323688192677
youngest 0.000984251968503937 0.5228787452803376 0.0005146444343310409
performer 0.003937007874015748 1.2218487496163564 0.004810428148095891
accomplish 0.000984251968503937 1.6989700043360187 0.0016722145711968689
radio 0.000984251968503937 0.8860566476931633 0.0008721029996979953
spotify 0.000984251968503937 2.0 0.001968503937007874
apple 0.001968503937007874 1.3010299956639813 0.002561082668629884
youtube 0.000984251968503937 1.0969100130080565 0.0010796358395748587
amazon 0.000984251968503937 1.3010299956639813 0.001280541334314942
tiktok 0.000984251968503937 1.5228787452803376 0.001498896402834978
countless 0.000984251968503937 1.0 0.000984251968503937
lip 0.000984251968503937 1.6989700043360187 0.0016722145711968689
synched 0.000984251968503937 2.0 0.001968503937007874
created 0.000984251968503937 0.721246399047171 0.0007098881880385541
cover 0.000984251968503937 1.0969100130080565 0.0010796358395748587
confessional 0.000984251968503937 2.0 0.001968503937007874
style 0.001968503937007874 2.2218487496163566 0.00437371801105582
compared 0.000984251968503937 1.6989700043360187 0.0016722145711968689
taylor 0.000984251968503937 1.0 0.000984251968503937
swift 0.001968503937007874 1.3979400086720377 0.002751850410771728
idol 0.000984251968503937 1.6989700043360187 0.0016722145711968689
sparked 0.000984251968503937 1.0 0.000984251968503937
rumor 0.000984251968503937 1.6989700043360187 0.0016722145711968689
costar 0.000984251968503937 2.0 0.001968503937007874
joshua 0.000984251968503937 1.6989700043360187 0.0016722145711968689
bassett 0.000984251968503937 1.6989700043360187 0.0016722145711968689
appeal 0.000984251968503937 0.958607314841775 0.0009435111366552903
go 0.000984251968503937 1.1549019599857433 0.001136714527545023
beyond 0.000984251968503937 1.045757490560675 0.0010292888686620817
fan 0.000984251968503937 0.8239087409443188 0.0008109338001420461
new 0.000984251968503937 0.14266750356873154 0.00014042077122906646
york 0.000984251968503937 0.3467874862246563 0.00034132626596914995
cool 0.000984251968503937 1.2218487496163564 0.0012026070370239727
thing 0.000984251968503937 0.7447274948966939 0.0007329995028510767
seen 0.000984251968503937 0.619788758288394 0.0006100283054019626
many 0.000984251968503937 0.28399665636520083 0.00027952426807598504
like 0.001968503937007874 0.2365720064370627 0.00046569292605721
idea 0.000984251968503937 0.8239087409443188 0.0008109338001420461
really 0.000984251968503937 0.721246399047171 0.0007098881880385541
love 0.001968503937007874 0.5086383061657272 0.0010012565082002504
tune 0.000984251968503937 1.5228787452803376 0.001498896402834978
reach 0.000984251968503937 1.3010299956639813 0.001280541334314942
reflected 0.000984251968503937 1.0969100130080565 0.0010796358395748587
viral 0.000984251968503937 1.3010299956639813 0.001280541334314942
saturday 0.001968503937007874 1.1549019599857433 0.002273429055090046
night 0.001968503937007874 0.638272163982407 0.0012564412676819036
live 0.002952755905511811 0.431798275933005 0.0012749949092509991
sketch 0.000984251968503937 1.6989700043360187 0.0016722145711968689
group 0.000984251968503937 0.37675070960209955 0.0003708176275611216
men 0.001968503937007874 0.6777807052660807 0.0013342139867442533
rhapsodized 0.000984251968503937 2.0 0.001968503937007874
performance 0.001968503937007874 1.7721132953863266 0.0034884119987919813
opted 0.000984251968503937 1.3979400086720377 0.001375925205385864
create 0.000984251968503937 0.8239087409443188 0.0008109338001420461
full 0.000984251968503937 0.3010299956639812 0.0002962893658110051
length 0.000984251968503937 1.2218487496163564 0.0012026070370239727
instead 0.000984251968503937 0.7447274948966939 0.0007329995028510767
sticking 0.000984251968503937 2.0 0.001968503937007874
prior 0.000984251968503937 0.853871964321762 0.0008404251617340178
plan 0.000984251968503937 0.6989700043360189 0.000687962602692932
ep 0.000984251968503937 1.5228787452803376 0.001498896402834978
worked 0.000984251968503937 0.3098039199714864 0.00030492511808217164
hour 0.000984251968503937 0.9208187539523752 0.0009063176712129677
day 0.002952755905511811 0.7013652168755644 0.002070960286049895
seven 0.000984251968503937 0.619788758288394 0.0006100283054019626
week 0.000984251968503937 0.7958800173440752 0.0007833464737638535
complete 0.000984251968503937 0.9208187539523752 0.0009063176712129677
produced 0.000984251968503937 0.7958800173440752 0.0007833464737638535
co 0.001968503937007874 0.4202164033831899 0.0008271976444550982
every 0.000984251968503937 0.6575773191777938 0.0006472217708442852
april 0.000984251968503937 0.1549019599857432 0.00015246255904108582
deja 0.000984251968503937 2.0 0.001968503937007874
vu 0.000984251968503937 1.6989700043360187 0.0016722145711968689
went 0.000984251968503937 0.32790214206428253 0.00032273832880342767
made 0.001968503937007874 0.1804560644581313 0.0003552284733427782
two 0.000984251968503937 0.11918640771920867 0.00011730945641654396
launch 0.000984251968503937 1.045757490560675 0.0010292888686620817
top 0.000984251968503937 0.48148606012211254 0.00047390360248239423
another 0.001968503937007874 0.40893539297350084 0.0008049909310501985
good 0.000984251968503937 0.585026652029182 0.0005758136338869902
arrived 0.000984251968503937 1.0 0.000984251968503937
may 0.002952755905511811 0.3098039199714864 0.0009147753542465149
chart 0.000984251968503937 0.6777807052660807 0.0006671069933721266
topper 0.000984251968503937 2.0 0.001968503937007874
wonder 0.000984251968503937 1.2218487496163564 0.0012026070370239727
critical 0.000984251968503937 1.0969100130080565 0.0010796358395748587
commercial 0.000984251968503937 1.2218487496163564 0.0012026070370239727
proud 0.001968503937007874 0.9208187539523752 0.0018126353424259354
heartfelt 0.000984251968503937 1.6989700043360187 0.0016722145711968689
address 0.000984251968503937 0.7695510786217261 0.0007574321639977619
writes 0.000984251968503937 1.6989700043360187 0.0016722145711968689
authenticity 0.000984251968503937 2.0 0.001968503937007874
truth 0.000984251968503937 0.9208187539523752 0.0009063176712129677
declared 0.000984251968503937 0.5528419686577808 0.0005441357959230126
truthfully 0.000984251968503937 2.0 0.001968503937007874
happiness 0.000984251968503937 1.3010299956639813 0.001280541334314942
everything 0.000984251968503937 0.853871964321762 0.0008404251617340178
feeling 0.001968503937007874 2.1249387366083 0.0041829502689139765
point 0.000984251968503937 0.7447274948966939 0.0007329995028510767
putting 0.000984251968503937 1.2218487496163564 0.0012026070370239727
something 0.001968503937007874 0.07058107428570728 0.00013893912260966
feel 0.001968503937007874 0.8860566476931633 0.0017442059993959906
important 0.000984251968503937 0.8860566476931633 0.0008721029996979953
say 0.000984251968503937 0.721246399047171 0.0007098881880385541
track 0.000984251968503937 1.2218487496163564 0.0012026070370239727
reflect 0.000984251968503937 1.6989700043360187 0.0016722145711968689
variety 0.000984251968503937 1.045757490560675 0.0010292888686620817
influence 0.000984251968503937 1.1549019599857433 0.001136714527545023
include 0.000984251968503937 0.619788758288394 0.0006100283054019626
fiona 0.000984251968503937 2.0 0.001968503937007874
alanis 0.000984251968503937 2.0 0.001968503937007874
morissette 0.000984251968503937 2.0 0.001968503937007874
green 0.000984251968503937 0.6989700043360189 0.000687962602692932
tonight 0.000984251968503937 1.3010299956639813 0.001280541334314942
jimmy 0.000984251968503937 1.045757490560675 0.0010292888686620817
fallon 0.000984251968503937 2.0 0.001968503937007874
due 0.000984251968503937 0.6777807052660807 0.0006671069933721266
covid 0.001968503937007874 1.045757490560675 0.0020585777373241633
pandemic 0.000984251968503937 0.9208187539523752 0.0009063176712129677
happen 0.000984251968503937 1.2218487496163564 0.0012026070370239727
brit 0.000984251968503937 2.0 0.001968503937007874
award 0.002952755905511811 1.216096420727265 0.0035908358879742077
united 0.000984251968503937 0.18708664335714445 0.00018414039700506344
kingdom 0.000984251968503937 1.3010299956639813 0.001280541334314942
bonus 0.000984251968503937 1.6989700043360187 0.0016722145711968689
meet 0.000984251968503937 0.9208187539523752 0.0009063176712129677
episode 0.000984251968503937 1.3979400086720377 0.001375925205385864
month 0.001968503937007874 1.016824927962187 0.002001623873941313
personal 0.000984251968503937 0.3372421683184259 0.00033193126802994675
experience 0.000984251968503937 1.3010299956639813 0.001280541334314942
german 0.000984251968503937 1.045757490560675 0.0010292888686620817
irish 0.000984251968503937 1.3010299956639813 0.001280541334314942
heritage 0.000984251968503937 1.3979400086720377 0.001375925205385864
father 0.000984251968503937 0.14874165128092467 0.00014639926307177624
filipino 0.001968503937007874 1.6989700043360187 0.0033444291423937378
descent 0.000984251968503937 1.5228787452803376 0.001498896402834978
biracial 0.000984251968503937 2.0 0.001968503937007874
confessed 0.000984251968503937 1.6989700043360187 0.0016722145711968689
always 0.000984251968503937 0.638272163982407 0.0006282206338409518
way 0.000984251968503937 0.431798275933005 0.00042499830308366634
ethnic 0.000984251968503937 1.6989700043360187 0.0016722145711968689
world 0.001968503937007874 0.04575749056067514 9.007380031628966e-05
thought 0.000984251968503937 0.7958800173440752 0.0007833464737638535
better 0.000984251968503937 0.638272163982407 0.0006282206338409518
happier 0.000984251968503937 2.0 0.001968503937007874
hope 0.000984251968503937 1.0969100130080565 0.0010796358395748587
speak 0.000984251968503937 0.958607314841775 0.0009435111366552903
similar 0.000984251968503937 1.3010299956639813 0.001280541334314942
insecurity 0.000984251968503937 1.5228787452803376 0.001498896402834978
experienced 0.000984251968503937 1.3010299956639813 0.001280541334314942
breakthrough 0.000984251968503937 1.2218487496163564 0.0012026070370239727
graduated 0.000984251968503937 0.6575773191777938 0.0006472217708442852
moved 0.000984251968503937 0.3872161432802645 0.00038111825126010284
apartment 0.000984251968503937 1.1549019599857433 0.001136714527545023
july 0.000984251968503937 0.37675070960209955 0.0003708176275611216
visited 0.000984251968503937 1.0969100130080565 0.0010796358395748587
house 0.000984251968503937 0.32790214206428253 0.00032273832880342767
met 0.000984251968503937 0.44369749923271273 0.0004367101370400716
president 0.000984251968503937 0.16749108729376372 0.0001648534323757517
joe 0.000984251968503937 0.5228787452803376 0.0005146444343310409
biden 0.000984251968503937 0.6575773191777938 0.0006472217708442852
part 0.000984251968503937 0.3372421683184259 0.00033193126802994675
effort 0.000984251968503937 0.853871964321762 0.0008404251617340178
encourage 0.000984251968503937 1.1549019599857433 0.001136714527545023
get 0.000984251968503937 0.44369749923271273 0.0004367101370400716
vaccine 0.000984251968503937 1.3979400086720377 0.001375925205385864
aware 0.000984251968503937 1.3010299956639813 0.001280541334314942
impact 0.000984251968503937 1.0 0.000984251968503937
fashion 0.000984251968503937 0.9208187539523752 0.0009063176712129677
planet 0.000984251968503937 1.1549019599857433 0.001136714527545023
opts 0.000984251968503937 2.0 0.001968503937007874
eco 0.000984251968503937 2.0 0.001968503937007874
conscious 0.000984251968503937 1.3979400086720377 0.001375925205385864
well 0.001968503937007874 0.20065945054641826 0.00039499891839846115
thrifting 0.000984251968503937 2.0 0.001968503937007874
vintage 0.000984251968503937 2.0 0.001968503937007874
exchanging 0.000984251968503937 1.6989700043360187 0.0016722145711968689
clothes 0.000984251968503937 2.0 0.001968503937007874
check 0.000984251968503937 0.07058107428570728 6.946956130483e-05
strive 0.000984251968503937 0.07058107428570728 6.946956130483e-05
accuracy 0.000984251968503937 0.07058107428570728 6.946956130483e-05
fairness 0.000984251968503937 0.07058107428570728 6.946956130483e-05
see 0.001968503937007874 0.04575749056067514 9.007380031628966e-05
look 0.000984251968503937 0.07058107428570728 6.946956130483e-05
right 0.000984251968503937 0.07058107428570728 6.946956130483e-05
citation 0.000984251968503937 0.07058107428570728 6.946956130483e-05
information 0.000984251968503937 0.07058107428570728 6.946956130483e-05
article 0.000984251968503937 0.07058107428570728 6.946956130483e-05
title 0.000984251968503937 0.07058107428570728 6.946956130483e-05
author 0.000984251968503937 0.06048074738138145 5.9528294666714026e-05
com 0.001968503937007874 0.06048074738138145 0.00011905658933342805
editor 0.000984251968503937 0.1023729087095586 0.00010076073691885689
website 0.001968503937007874 0.0655015487564323 0.0001289400566071502
url 0.000984251968503937 0.07058107428570728 6.946956130483e-05
access 0.000984251968503937 0.07058107428570728 6.946956130483e-05
publisher 0.000984251968503937 0.07058107428570728 6.946956130483e-05
e 0.001968503937007874 0.04575749056067514 9.007380031628966e-05
television 0.001968503937007874 0.04575749056067514 9.007380031628966e-05
network 0.001968503937007874 0.04575749056067514 9.007380031628966e-05
last 0.000984251968503937 0.0655015487564323 6.44700283035751e-05
updated 0.000984251968503937 0.07058107428570728 6.946956130483e-05
october 0.001968503937007874 0.37675070960209955 0.0007416352551222432
original 0.000984251968503937 0.0655015487564323 6.44700283035751e-05
published 0.000984251968503937 0.07058107428570728 6.946956130483e-05
receive 0.000984251968503937 0.05551732784983141 5.464303922227501e-05
story 0.002952755905511811 0.05551732784983141 0.00016392911766682504
shaped 0.001968503937007874 0.05551732784983141 0.00010928607844455002
person 0.008858267716535433 0.05060999335508724 0.00044831687027144213
newton 0.001968503937007874 2.0 0.003937007874015748
john 0.001968503937007874 0.37675070960209955 0.0007416352551222432
known 0.005905511811023622 0.06048074738138145 0.00035716976800028414
playing 0.000984251968503937 0.8860566476931633 0.0008721029996979953
sandy 0.000984251968503937 1.3979400086720377 0.001375925205385864
film 0.000984251968503937 0.6020599913279624 0.0005925787316220102
grease 0.000984251968503937 2.0 0.001968503937007874
battled 0.000984251968503937 1.3979400086720377 0.001375925205385864
breast 0.000984251968503937 2.0 0.001968503937007874
cancer 0.000984251968503937 0.8239087409443188 0.0008109338001420461
raise 0.000984251968503937 1.0969100130080565 0.0010796358395748587
awareness 0.000984251968503937 1.3010299956639813 0.001280541334314942
colman 0.001968503937007874 2.0 0.003937007874015748
british 0.001968503937007874 0.6989700043360189 0.001375925205385864
number 0.000984251968503937 0.4685210829577449 0.0004611427981867568
profile 0.000984251968503937 0.853871964321762 0.0008404251617340178
queen 0.000984251968503937 0.9208187539523752 0.0009063176712129677
elizabeth 0.000984251968503937 0.7695510786217261 0.0007574321639977619
ii 0.000984251968503937 0.48148606012211254 0.00047390360248239423
season 0.000984251968503937 1.5228787452803376 0.001498896402834978
three 0.000984251968503937 0.2076083105017461 0.0002043388882891202
four 0.000984251968503937 0.28399665636520083 0.00027952426807598504
netflix 0.000984251968503937 1.2218487496163564 0.0012026070370239727
crown 0.000984251968503937 1.5228787452803376 0.001498896402834978
de 0.001968503937007874 0.958607314841775 0.0018870222733105807
havilland 0.001968503937007874 2.0 0.003937007874015748
best 0.001968503937007874 0.13667713987954408 0.00026904948795185844
melanie 0.000984251968503937 1.5228787452803376 0.001498896402834978
gone 0.000984251968503937 1.0969100130080565 0.0010796358395748587
wind 0.000984251968503937 1.3010299956639813 0.001280541334314942
academy 0.000984251968503937 0.6020599913279624 0.0005925787316220102
heiress 0.000984251968503937 2.0 0.001968503937007874
munn 0.001968503937007874 2.0 0.003937007874015748
hosting 0.000984251968503937 1.1549019599857433 0.001136714527545023
duty 0.000984251968503937 1.5228787452803376 0.001498896402834978
attack 0.000984251968503937 0.7958800173440752 0.0007833464737638535
newsroom 0.000984251968503937 2.0 0.001968503937007874
x 0.000984251968503937 0.4559319556497244 0.0004487519248520909
apocalypse 0.000984251968503937 2.0 0.001968503937007874
rihanna 0.001968503937007874 1.3979400086720377 0.002751850410771728
international 0.000984251968503937 0.40893539297350084 0.00040249546552509926
popstar 0.000984251968503937 2.0 0.001968503937007874
umbrella 0.000984251968503937 2.0 0.001968503937007874
so 0.000984251968503937 2.0 0.001968503937007874
diamond 0.000984251968503937 2.0 0.001968503937007874
work 0.000984251968503937 0.2218487496163564 0.00021835506852003583
patty 0.001968503937007874 2.0 0.003937007874015748
hearst 0.002952755905511811 1.6989700043360187 0.005016643713590606
granddaughter 0.000984251968503937 1.6989700043360187 0.0016722145711968689
th 0.000984251968503937 0.2076083105017461 0.0002043388882891202
century 0.000984251968503937 0.494850021680094 0.0004870571079528484
medium 0.000984251968503937 0.5086383061657272 0.0005006282541001252
mogul 0.000984251968503937 1.3979400086720377 0.001375925205385864
william 0.000984251968503937 0.8239087409443188 0.0008109338001420461
randolph 0.000984251968503937 1.5228787452803376 0.001498896402834978
kidnapped 0.000984251968503937 1.6989700043360187 0.0016722145711968689
symbionese 0.000984251968503937 2.0 0.001968503937007874
liberation 0.000984251968503937 1.5228787452803376 0.001498896402834978
army 0.000984251968503937 0.7695510786217261 0.0007574321639977619
spent 0.000984251968503937 0.48148606012211254 0.00047390360248239423
captor 0.000984251968503937 2.0 0.001968503937007874
joining 0.000984251968503937 0.7695510786217261 0.0007574321639977619
criminal 0.000984251968503937 0.9208187539523752 0.0009063176712129677
act 0.000984251968503937 0.853871964321762 0.0008404251617340178
kidnapping 0.000984251968503937 1.5228787452803376 0.001498896402834978
captured 0.000984251968503937 1.3010299956639813 0.001280541334314942
fbi 0.000984251968503937 1.0 0.000984251968503937
ansel 0.001968503937007874 2.0 0.003937007874015748
adam 0.001968503937007874 1.2218487496163564 0.0024052140740479454
photographer 0.000984251968503937 2.0 0.001968503937007874
iconic 0.000984251968503937 1.045757490560675 0.0010292888686620817
west 0.000984251968503937 0.7695510786217261 0.0007574321639977619
including 0.000984251968503937 0.2365720064370627 0.000232846463028605
yosemite 0.000984251968503937 2.0 0.001968503937007874
national 0.000984251968503937 0.3010299956639812 0.0002962893658110051
park 0.000984251968503937 1.2218487496163564 0.0012026070370239727
kurt 0.001968503937007874 1.6989700043360187 0.0033444291423937378
cobain 0.001968503937007874 1.6989700043360187 0.0033444291423937378
talented 0.000984251968503937 0.7447274948966939 0.0007329995028510767
yet 0.000984251968503937 0.6777807052660807 0.0006671069933721266
troubled 0.000984251968503937 1.1549019599857433 0.001136714527545023
grunge 0.000984251968503937 1.6989700043360187 0.0016722145711968689
frontman 0.000984251968503937 1.5228787452803376 0.001498896402834978
nirvana 0.000984251968503937 1.6989700043360187 0.0016722145711968689
legend 0.000984251968503937 0.5686362358410126 0.0005596813344891856
nevermind 0.000984251968503937 2.0 0.001968503937007874
utero 0.000984251968503937 2.0 0.001968503937007874
grammy 0.000984251968503937 0.6575773191777938 0.0006472217708442852
winner 0.000984251968503937 0.853871964321762 0.0008404251617340178
founding 0.000984251968503937 0.6777807052660807 0.0006671069933721266
member 0.000984251968503937 0.5376020021010439 0.0005291358288396101
black 0.000984251968503937 0.3872161432802645 0.00038111825126010284
eyed 0.000984251968503937 1.3010299956639813 0.001280541334314942
pea 0.000984251968503937 2.0 0.001968503937007874
solo 0.000984251968503937 0.6575773191777938 0.0006472217708442852
artist 0.000984251968503937 0.619788758288394 0.0006100283054019626
activist 0.000984251968503937 0.494850021680094 0.0004870571079528484
loading 0.000984251968503937 0.04575749056067514 4.503690015814483e-05
logo 0.000984251968503937 0.04575749056067514 4.503690015814483e-05
registered 0.000984251968503937 0.04575749056067514 4.503690015814483e-05
trademark 0.000984251968503937 0.04575749056067514 4.503690015814483e-05
llc 0.000984251968503937 0.04575749056067514 4.503690015814483e-05
