juli 0.010526315789473684 1.2218487496163564 0.01286156578543533
n 0.010526315789473684 0.7695510786217261 0.00810053766970238
castro 0.03976608187134503 1.0969100130080565 0.04361981338277652
presidential 0.012865497076023392 0.3665315444204135 0.0047156105130111686
run 0.0023391812865497076 0.4559319556497244 0.0010665074985958466
twin 0.007017543859649122 3.221848749616356 0.022609464909588463
biography 0.011695906432748537 0.04575749056067514 0.0005351753281950309
skip 0.0011695906432748538 0.04575749056067514 5.3517532819503094e-05
main 0.0011695906432748538 0.04575749056067514 5.3517532819503094e-05
content 0.0011695906432748538 0.04575749056067514 5.3517532819503094e-05
people 0.007017543859649123 0.04575749056067514 0.0003211051969170186
nostalgia 0.0035087719298245615 0.04575749056067514 0.0001605525984585093
celebrity 0.0035087719298245615 0.04575749056067514 0.0001605525984585093
history 0.004678362573099415 0.04575749056067514 0.00021407013127801237
culture 0.0035087719298245615 0.04575749056067514 0.0001605525984585093
crime 0.0035087719298245615 0.04575749056067514 0.0001605525984585093
scandal 0.0035087719298245615 0.04575749056067514 0.0001605525984585093
video 0.004678362573099415 0.04575749056067514 0.00021407013127801237
contact 0.0035087719298245615 0.04575749056067514 0.0001605525984585093
u 0.005847953216374269 0.20065945054641832 0.0011734470792188205
advertise 0.0023391812865497076 0.04575749056067514 0.00010703506563900619
privacy 0.0035087719298245615 0.04575749056067514 0.0001605525984585093
notice 0.0023391812865497076 0.04575749056067514 0.00010703506563900619
term 0.0023391812865497076 0.04575749056067514 0.00010703506563900619
use 0.0023391812865497076 0.04575749056067514 0.00010703506563900619
copyright 0.0023391812865497076 0.04575749056067514 0.00010703506563900619
policy 0.0035087719298245615 0.7670038896078462 0.0026912417179222672
ad 0.0023391812865497076 0.04575749056067514 0.00010703506563900619
choice 0.0023391812865497076 0.04575749056067514 0.00010703506563900619
accessibility 0.0023391812865497076 0.04575749056067514 0.00010703506563900619
support 0.0023391812865497076 0.04575749056067514 0.00010703506563900619
setting 0.0011695906432748538 0.04575749056067514 5.3517532819503094e-05
february 0.0011695906432748538 0.04575749056067514 5.3517532819503094e-05
subscribe 0.0023391812865497076 0.04575749056067514 0.00010703506563900619
newsletter 0.0035087719298245615 0.04575749056067514 0.0001605525984585093
photo 0.0023391812865497076 0.12493873660829993 0.0002922543546392981
sergio 0.0023391812865497076 2.0 0.004678362573099415
flores 0.0023391812865497076 1.5228787452803376 0.0035622894626440647
bloomberg 0.0023391812865497076 1.3979400086720377 0.0032700351080047667
via 0.0023391812865497076 0.5086383061657272 0.00118979720740521
getty 0.0023391812865497076 0.2291479883578558 0.0005360186862172065
image 0.0023391812865497076 0.2218487496163564 0.0005189444435470325
quick 0.0011695906432748538 0.07058107428570728 8.255096407685063e-05
fact 0.0023391812865497076 0.14116214857141457 0.00033020385630740253
name 0.0023391812865497076 0.05551732784983141 0.00012986509438557054
birth 0.0035087719298245615 0.07058107428570728 0.00024765289223055187
date 0.004678362573099415 0.07058107428570728 0.00033020385630740253
september 0.0035087719298245615 0.5086383061657272 0.001784695811107815
age 0.0023391812865497076 0.11350927482751813 0.0002655187715263582
place 0.0023391812865497076 0.07572071393811834 0.00017712447704823004
san 0.00935672514619883 0.8860566476931633 0.008290588516427258
antonio 0.00935672514619883 1.1549019599857433 0.01080610021039292
texas 0.010526315789473684 0.619788758288394 0.00652409219250941
zodiac 0.0011695906432748538 0.3010299956639812 0.00035208186627366225
sign 0.0023391812865497076 0.05551732784983141 0.00012986509438557054
virgo 0.0011695906432748538 1.6989700043360187 0.0019870994202760453
cite 0.0011695906432748538 0.07058107428570728 8.255096407685063e-05
page 0.0011695906432748538 0.07058107428570728 8.255096407685063e-05
publish 0.0011695906432748538 0.07058107428570728 8.255096407685063e-05
nov 0.0011695906432748538 1.045757490560675 0.0012231081760943569
comment 0.0023391812865497076 0.07058107428570728 0.00016510192815370127
former 0.0035087719298245615 0.27572413039921095 0.0009674530891200385
mayor 0.0035087719298245615 0.6777807052660807 0.0023781779132143184
hud 0.004678362573099415 1.045757490560675 0.004892432704377427
secretary 0.007017543859649123 0.638272163982407 0.004479102905139699
obama 0.004678362573099415 0.37675070960209955 0.001762576419191109
administration 0.0023391812865497076 0.6575773191777938 0.0015381925594802196
among 0.0035087719298245615 0.35654732351381263 0.0012510432403993427
candidate 0.005847953216374269 1.4710832997223453 0.008602826314165762
democratic 0.010526315789473684 0.3872161432802645 0.004075959402950152
nomination 0.0023391812865497076 0.5086383061657272 0.00118979720740521
race 0.0035087719298245615 0.619788758288394 0.002174697397503137
xe 0.004678362573099415 0.853871964321762 0.003994722640101811
politician 0.0023391812865497076 0.6575773191777938 0.0015381925594802196
served 0.0035087719298245615 0.2676062401770315 0.000938969263779058
president 0.005847953216374269 0.16749108729376372 0.000979480042653589
barack 0.0023391812865497076 0.3872161432802645 0.0009057687562111451
housing 0.0035087719298245615 0.9208187539523752 0.0032309429963241236
urban 0.0023391812865497076 0.9208187539523752 0.0021539619975494157
development 0.0023391812865497076 0.7695510786217261 0.0018001194821560846
january 0.004678362573099415 0.2676062401770315 0.0012519590183720773
announced 0.0035087719298245615 0.40893539297350084 0.001434861027977196
bid 0.0011695906432748538 0.6020599913279624 0.0007041637325473245
election 0.0011695906432748538 0.44369749923271273 0.0005189444435470325
exiting 0.0011695906432748538 1.6989700043360187 0.0019870994202760453
early 0.0023391812865497076 0.07572071393811834 0.00017712447704823004
following 0.0011695906432748538 0.2518119729937996 0.0002945169274781282
year 0.005847953216374269 0.24995468798823245 0.0014617233215686108
hailing 0.0011695906432748538 1.6989700043360187 0.0019870994202760453
politically 0.0011695906432748538 1.045757490560675 0.0012231081760943569
active 0.0011695906432748538 0.8239087409443188 0.0009636359543208407
mexican 0.0035087719298245615 1.2218487496163564 0.00428718859514511
family 0.0035087719298245615 0.11918640771920867 0.00041819792182178485
identical 0.0023391812865497076 2.0 0.004678362573099415
brother 0.007017543859649123 0.494850021680094 0.003472631731088379
joaquin 0.007017543859649123 2.0 0.014035087719298246
serf 0.0011695906432748538 1.6989700043360187 0.0019870994202760453
house 0.0011695906432748538 0.32790214206428253 0.0003835112772681667
representative 0.0011695906432748538 0.6575773191777938 0.0007690962797401098
state 0.0035087719298245615 0.4930892744484819 0.0017301378050823925
life 0.0035087719298245615 0.13679614097137055 0.0004799864595486686
education 0.0035087719298245615 0.19382002601611284 0.0006800702667232029
born 0.0023391812865497076 0.09151498112135023 0.00021407013127801224
xa 0.004678362573099415 0.17392519729917358 0.0008136851335633852
one 0.0035087719298245615 0.08092190762392613 0.0002839365179786882
minute 0.0011695906432748538 1.0 0.0011695906432748538
mother 0.0011695906432748538 0.21467016498923297 0.000251076216361676
rosie 0.0023391812865497076 1.5228787452803376 0.0035622894626440647
chicana 0.0011695906432748538 2.0 0.0023391812865497076
activist 0.0023391812865497076 0.494850021680094 0.001157543910362793
raised 0.0011695906432748538 0.585026652029182 0.000684241698279745
two 0.0035087719298245615 0.11918640771920867 0.00041819792182178485
son 0.0023391812865497076 1.1378686206869628 0.002661680984063071
took 0.0011695906432748538 0.28399665636520083 0.00033215983200608285
political 0.004678362573099415 0.3098039199714864 0.0014493750641940883
meeting 0.0011695906432748538 1.3979400086720377 0.0016350175540023834
never 0.0035087719298245615 0.431798275933005 0.0015150816699403685
married 0.0023391812865497076 0.24412514432750856 0.0005710529691871545
father 0.0011695906432748538 0.14874165128092467 0.0001739668436034207
jesse 0.0011695906432748538 1.2218487496163564 0.00142906286504837
guzman 0.0011695906432748538 2.0 0.0023391812865497076
attended 0.0011695906432748538 0.5376020021010439 0.0006287742714632092
stanford 0.0023391812865497076 1.3979400086720377 0.0032700351080047667
university 0.004678362573099415 0.2596373105057561 0.001214677476050321
majoring 0.0011695906432748538 1.6989700043360187 0.0019870994202760453
science 0.0011695906432748538 0.7958800173440752 0.0009308538214550587
communication 0.0011695906432748538 1.5228787452803376 0.0017811447313220324
matriculated 0.0011695906432748538 1.6989700043360187 0.0019870994202760453
harvard 0.0023391812865497076 0.7447274948966939 0.0017420526196413892
received 0.0023391812865497076 0.28399665636520083 0.0006643196640121657
law 0.0035087719298245615 0.3665315444204135 0.0012860755944575912
degree 0.0023391812865497076 0.5228787452803376 0.001223108176094357
three 0.0023391812865497076 0.2076083105017461 0.0004856334748578856
later 0.0035087719298245615 0.09151498112135023 0.00032110519691701836
graduating 0.0011695906432748538 0.5528419686577808 0.0006465987937517904
worked 0.0023391812865497076 0.3098039199714864 0.0007246875320970442
firm 0.0011695906432748538 0.6020599913279624 0.0007041637325473245
together 0.0011695906432748538 0.431798275933005 0.0005050272233134562
establishing 0.0011695906432748538 1.045757490560675 0.0012231081760943569
career 0.0023391812865497076 0.17392519729917358 0.0004068425667816926
politics 0.0011695906432748538 0.4685210829577449 0.00054797787480438
began 0.0011695906432748538 0.20065945054641826 0.00023468941584376405
became 0.0023391812865497076 0.07572071393811834 0.00017712447704823004
member 0.0035087719298245615 0.3010299956639812 0.0010562455988209866
city 0.0011695906432748538 0.3665315444204135 0.00042869186481919714
council 0.0023391812865497076 0.7695510786217261 0.0018001194821560846
making 0.0011695906432748538 0.3979400086720376 0.0004654269107275294
youngest 0.0011695906432748538 0.5228787452803376 0.0006115540880471785
set 0.0011695906432748538 0.494850021680094 0.0005787719551813965
eye 0.0011695906432748538 1.0969100130080565 0.001282935687728721
mayorship 0.0011695906432748538 2.0 0.0023391812865497076
defeated 0.0011695906432748538 0.8239087409443188 0.0009636359543208407
tried 0.0011695906432748538 0.8239087409443188 0.0009636359543208407
successful 0.0011695906432748538 0.4559319556497244 0.0005332537492979233
elected 0.0011695906432748538 0.3665315444204135 0.00042869186481919714
twice 0.0011695906432748538 0.958607314841775 0.0011211781460137718
star 0.0011695906432748538 0.32790214206428253 0.0003835112772681667
rising 0.0011695906432748538 0.8860566476931633 0.0010363235645534073
nationally 0.0011695906432748538 1.3979400086720377 0.0016350175540023834
first 0.0023391812865497076 0.0655015487564323 0.00015321999709106971
latino 0.0011695906432748538 1.6989700043360187 0.0019870994202760453
national 0.0035087719298245615 0.3010299956639812 0.0010562455988209866
convention 0.0023391812865497076 0.9208187539523752 0.0021539619975494157
serve 0.0011695906432748538 0.5086383061657272 0.000594898603702605
keynote 0.0023391812865497076 1.3979400086720377 0.0032700351080047667
speaker 0.0023391812865497076 0.7447274948966939 0.0017420526196413892
tenure 0.0011695906432748538 0.9208187539523752 0.0010769809987747079
helped 0.0011695906432748538 0.3372421683184259 0.00039443528458295426
minority 0.0011695906432748538 1.2218487496163564 0.00142906286504837
gain 0.0011695906432748538 0.958607314841775 0.0011211781460137718
access 0.0023391812865497076 0.07058107428570728 0.00016510192815370127
fair 0.0011695906432748538 1.0969100130080565 0.001282935687728721
right 0.0035087719298245615 0.39848321634998984 0.001398186724035052
aided 0.0011695906432748538 0.9208187539523752 0.0010769809987747079
community 0.0011695906432748538 1.045757490560675 0.0012231081760943569
struck 0.0011695906432748538 0.9208187539523752 0.0010769809987747079
natural 0.0011695906432748538 1.1549019599857433 0.001350762526299115
disaster 0.0011695906432748538 2.0 0.0023391812865497076
launched 0.0011695906432748538 0.6777807052660807 0.0007927259710714394
program 0.0035087719298245615 1.5114492834995557 0.005303330819296686
increased 0.0011695906432748538 0.9208187539523752 0.0010769809987747079
broadband 0.0011695906432748538 2.0 0.0023391812865497076
connectivity 0.0011695906432748538 2.0 0.0023391812865497076
young 0.0023391812865497076 0.3010299956639812 0.0007041637325473245
across 0.0011695906432748538 0.8239087409443188 0.0009636359543208407
nation 0.0035087719298245615 0.35654732351381263 0.0012510432403993427
julian 0.005847953216374269 1.5228787452803376 0.008905723656610161
platform 0.0011695906432748538 1.1549019599857433 0.001350762526299115
presidency 0.0011695906432748538 0.4685210829577449 0.00054797787480438
running 0.0011695906432748538 0.721246399047171 0.0008435630398212527
time 0.004678362573099415 0.1023729087095586 0.00047893758460612216
new 0.0035087719298245615 0.14266750356873154 0.0005005877318201106
leadership 0.0011695906432748538 0.638272163982407 0.0007465171508566164
energy 0.0011695906432748538 0.8239087409443188 0.0009636359543208407
commitment 0.0011695906432748538 1.045757490560675 0.0012231081760943569
make 0.0011695906432748538 0.3872161432802645 0.00045288437810557254
sure 0.0023391812865497076 0.8860566476931633 0.0020726471291068146
opportunity 0.0011695906432748538 1.0969100130080565 0.001282935687728721
available 0.0011695906432748538 1.3010299956639813 0.0015216725095485162
every 0.0023391812865497076 0.6575773191777938 0.0015381925594802196
american 0.0035087719298245615 0.1023729087095586 0.0003592031884545916
said 0.0035087719298245615 0.2518119729937996 0.0008835507824343845
hometown 0.0011695906432748538 1.1549019599857433 0.001350762526299115
read 0.0011695906432748538 0.0655015487564323 7.660999854553486e-05
next 0.0011695906432748538 0.07058107428570728 8.255096407685063e-05
bella 0.0011695906432748538 0.0655015487564323 7.660999854553486e-05
hadid 0.0011695906432748538 0.0655015487564323 7.660999854553486e-05
sadie 0.0011695906432748538 0.06048074738138145 7.073771623553386e-05
alexander 0.0011695906432748538 0.05551732784983141 6.493254719278527e-05
adrienne 0.0011695906432748538 0.0655015487564323 7.660999854553486e-05
kennedy 0.0011695906432748538 0.06048074738138145 7.073771623553386e-05
grandmother 0.0011695906432748538 0.6777807052660807 0.0007927259710714394
got 0.0011695906432748538 0.5376020021010439 0.0006287742714632092
almost 0.0011695906432748538 0.8860566476931633 0.0010363235645534073
hundred 0.0011695906432748538 1.3979400086720377 0.0016350175540023834
ago 0.0011695906432748538 1.045757490560675 0.0012231081760943569
could 0.0011695906432748538 0.4202164033831899 0.0004914811735475906
imagined 0.0011695906432748538 2.0 0.0023391812865497076
generation 0.0011695906432748538 0.8860566476931633 0.0010363235645534073
grandson 0.0011695906432748538 2.0 0.0023391812865497076
would 0.004678362573099415 0.2291479883578558 0.001072037372434413
serving 0.0011695906432748538 0.48148606012211254 0.0005631415907860966
united 0.0023391812865497076 0.18708664335714445 0.00043762957510443145
congress 0.0011695906432748538 0.4202164033831899 0.0004914811735475906
standing 0.0011695906432748538 1.0 0.0011695906432748538
today 0.0011695906432748538 0.7447274948966939 0.0008710263098206946
say 0.0023391812865497076 0.721246399047171 0.0016871260796425054
word 0.0011695906432748538 0.7447274948966939 0.0008710263098206946
america 0.0011695906432748538 0.37675070960209955 0.00044064410479777725
remarked 0.0011695906432748538 1.5228787452803376 0.0017811447313220324
english 0.0011695906432748538 1.045757490560675 0.0012231081760943569
spanish 0.0011695906432748538 1.2218487496163564 0.00142906286504837
adding 0.0023391812865497076 0.958607314841775 0.0022423562920275437
frontrunners 0.0011695906432748538 1.6989700043360187 0.0019870994202760453
always 0.0011695906432748538 0.638272163982407 0.0007465171508566164
believed 0.0011695906432748538 0.6020599913279624 0.0007041637325473245
big 0.0011695906432748538 0.5228787452803376 0.0006115540880471785
dream 0.0011695906432748538 1.045757490560675 0.0012231081760943569
hard 0.0011695906432748538 0.638272163982407 0.0007465171508566164
work 0.0011695906432748538 0.2218487496163564 0.00025947222177351623
anything 0.0011695906432748538 0.9208187539523752 0.0010769809987747079
possible 0.0011695906432748538 0.7695510786217261 0.0009000597410780423
country 0.0035087719298245615 0.27572413039921095 0.0009674530891200385
healthcare 0.0035087719298245615 0.958607314841775 0.003363534438041316
supported 0.0011695906432748538 0.6989700043360189 0.0008175087770011917
medicare 0.0011695906432748538 1.3010299956639813 0.0015216725095485162
viewed 0.0011695906432748538 1.3010299956639813 0.0015216725095485162
top 0.0023391812865497076 0.48148606012211254 0.001126283181572193
priority 0.0011695906432748538 1.3010299956639813 0.0015216725095485162
campaign 0.004678362573099415 0.3872161432802645 0.0018115375124222901
debate 0.004678362573099415 2.0087739243075053 0.009397772745298271
criticized 0.0011695906432748538 0.958607314841775 0.0011211781460137718
vp 0.0011695906432748538 1.3979400086720377 0.0016350175540023834
contender 0.0011695906432748538 1.6989700043360187 0.0019870994202760453
joe 0.0011695906432748538 0.5228787452803376 0.0006115540880471785
biden 0.0023391812865497076 0.6575773191777938 0.0015381925594802196
claiming 0.0011695906432748538 1.045757490560675 0.0012231081760943569
plan 0.005847953216374269 0.6989700043360189 0.004087543885005958
go 0.0011695906432748538 0.494850021680094 0.0005787719551813965
far 0.0011695906432748538 1.0 0.0011695906432748538
enough 0.0023391812865497076 0.6575773191777938 0.0015381925594802196
vision 0.0011695906432748538 1.2218487496163564 0.00142906286504837
leave 0.0011695906432748538 0.6575773191777938 0.0007690962797401098
million 0.0011695906432748538 0.5228787452803376 0.0006115540880471785
uncovered 0.0011695906432748538 2.0 0.0023391812865497076
addressing 0.0011695906432748538 1.3979400086720377 0.0016350175540023834
wanted 0.0023391812865497076 0.5528419686577808 0.0012931975875035808
single 0.0011695906432748538 0.585026652029182 0.000684241698279745
person 0.011695906432748537 0.05060999335508724 0.0005919297468431256
covered 0.0011695906432748538 1.0969100130080565 0.001282935687728721
immigration 0.0011695906432748538 0.8860566476931633 0.0010363235645534073
aimed 0.0023391812865497076 1.045757490560675 0.0024462163521887137
grant 0.0011695906432748538 1.3979400086720377 0.0016350175540023834
undocumented 0.0011695906432748538 1.6989700043360187 0.0019870994202760453
immigrant 0.0011695906432748538 1.0 0.0011695906432748538
pathway 0.0011695906432748538 1.6989700043360187 0.0019870994202760453
citizenship 0.0011695906432748538 1.3010299956639813 0.0015216725095485162
reconstitute 0.0011695906432748538 2.0 0.0023391812865497076
ice 0.0011695906432748538 1.2218487496163564 0.00142906286504837
border 0.0035087719298245615 0.958607314841775 0.003363534438041316
patrol 0.0011695906432748538 2.0 0.0023391812865497076
agency 0.0011695906432748538 1.3010299956639813 0.0015216725095485162
decriminalize 0.0011695906432748538 1.6989700043360187 0.0019870994202760453
illegal 0.0011695906432748538 1.0969100130080565 0.001282935687728721
crossing 0.0011695906432748538 2.0 0.0023391812865497076
vocal 0.0011695906432748538 0.853871964321762 0.0009986806600254527
opponent 0.0011695906432748538 0.958607314841775 0.0011211781460137718
donald 0.0023391812865497076 0.494850021680094 0.001157543910362793
trump 0.0023391812865497076 0.5086383061657272 0.00118979720740521
wall 0.0011695906432748538 0.5528419686577808 0.0006465987937517904
expansion 0.0011695906432748538 1.3010299956639813 0.0015216725095485162
viral 0.0011695906432748538 1.3010299956639813 0.0015216725095485162
moment 0.0011695906432748538 1.0 0.0011695906432748538
june 0.0011695906432748538 0.28399665636520083 0.00033215983200608285
closing 0.0011695906432748538 1.1549019599857433 0.001350762526299115
statement 0.0011695906432748538 0.638272163982407 0.0007465171508566164
ended 0.0011695906432748538 0.5686362358410126 0.0006650716208666815
jan 0.0011695906432748538 0.9208187539523752 0.0010769809987747079
adios 0.0011695906432748538 2.0 0.0023391812865497076
institute 0.0011695906432748538 0.853871964321762 0.0009986806600254527
comprehensive 0.0011695906432748538 1.0969100130080565 0.001282935687728721
starting 0.0011695906432748538 0.958607314841775 0.0011211781460137718
universal 0.0011695906432748538 1.045757490560675 0.0012231081760943569
pre 0.0011695906432748538 1.1549019599857433 0.001350762526299115
k 0.0011695906432748538 1.3979400086720377 0.0016350175540023834
created 0.0011695906432748538 0.721246399047171 0.0008435630398212527
billion 0.0011695906432748538 0.8860566476931633 0.0010363235645534073
modernize 0.0011695906432748538 2.0 0.0023391812865497076
high 0.0011695906432748538 0.27572413039921095 0.0003224843630400128
school 0.0035087719298245615 1.0026136156026868 0.0035179425108866204
increase 0.0011695906432748538 1.1549019599857433 0.001350762526299115
number 0.0011695906432748538 0.4685210829577449 0.00054797787480438
trade 0.0011695906432748538 1.1549019599857433 0.001350762526299115
offer 0.0011695906432748538 1.2218487496163564 0.00142906286504837
tuition 0.0011695906432748538 1.2218487496163564 0.00142906286504837
free 0.0011695906432748538 0.6989700043360189 0.0008175087770011917
public 0.0011695906432748538 0.2596373105057561 0.00030366936901258027
college 0.0011695906432748538 0.40893539297350084 0.000478287009325732
vocational 0.0011695906432748538 2.0 0.0023391812865497076
trouble 0.0011695906432748538 1.3010299956639813 0.0015216725095485162
end 0.0011695906432748538 0.44369749923271273 0.0005189444435470325
although 0.0011695906432748538 0.431798275933005 0.0005050272233134562
drew 0.0011695906432748538 0.8239087409443188 0.0009636359543208407
attention 0.0035087719298245615 0.6777807052660807 0.0023781779132143184
willingness 0.0011695906432748538 1.1549019599857433 0.001350762526299115
mix 0.0011695906432748538 1.1549019599857433 0.001350762526299115
fellow 0.0011695906432748538 0.6020599913279624 0.0007041637325473245
hopeful 0.0011695906432748538 1.3010299956639813 0.0015216725095485162
stage 0.0011695906432748538 0.721246399047171 0.0008435630398212527
found 0.0011695906432748538 0.3372421683184259 0.00039443528458295426
way 0.0011695906432748538 0.431798275933005 0.0005050272233134562
tier 0.0011695906432748538 2.0 0.0023391812865497076
struggled 0.0011695906432748538 0.853871964321762 0.0009986806600254527
raise 0.0011695906432748538 1.0969100130080565 0.001282935687728721
money 0.0011695906432748538 0.6575773191777938 0.0007690962797401098
failed 0.0011695906432748538 0.5376020021010439 0.0006287742714632092
qualify 0.0011695906432748538 1.5228787452803376 0.0017811447313220324
final 0.0011695906432748538 0.6989700043360189 0.0008175087770011917
pulling 0.0011695906432748538 1.3979400086720377 0.0016350175540023834
determined 0.0011695906432748538 0.7695510786217261 0.0009000597410780423
simply 0.0011695906432748538 1.045757490560675 0.0012231081760943569
released 0.0011695906432748538 0.3010299956639812 0.00035208186627366225
keep 0.0011695906432748538 0.6575773191777938 0.0007690962797401098
working 0.0011695906432748538 0.35654732351381263 0.00041701441346644755
towards 0.0011695906432748538 1.3010299956639813 0.0015216725095485162
everyone 0.0023391812865497076 1.0 0.0023391812865497076
count 0.0011695906432748538 1.3979400086720377 0.0016350175540023834
get 0.0011695906432748538 0.44369749923271273 0.0005189444435470325
good 0.0023391812865497076 0.585026652029182 0.00136848339655949
job 0.0011695906432748538 0.5686362358410126 0.0006650716208666815
health 0.0011695906432748538 0.5528419686577808 0.0006465987937517904
care 0.0011695906432748538 0.5376020021010439 0.0006287742714632092
decent 0.0011695906432748538 1.6989700043360187 0.0019870994202760453
live 0.0011695906432748538 0.431798275933005 0.0005050272233134562
congressman 0.0011695906432748538 0.958607314841775 0.0011211781460137718
representing 0.0011695906432748538 0.8860566476931633 0.0010363235645534073
th 0.0011695906432748538 0.2076083105017461 0.0002428167374289428
congressional 0.0011695906432748538 0.721246399047171 0.0008435630398212527
district 0.0011695906432748538 0.721246399047171 0.0008435630398212527
since 0.0011695906432748538 0.3372421683184259 0.00039443528458295426
like 0.0011695906432748538 0.2365720064370627 0.000276692405189547
went 0.0011695906432748538 0.32790214206428253 0.0003835112772681667
undergrad 0.0011695906432748538 1.3979400086720377 0.0016350175540023834
earned 0.0011695906432748538 0.40893539297350084 0.000478287009325732
chair 0.0011695906432748538 0.958607314841775 0.0011211781460137718
wife 0.0011695906432748538 0.3098039199714864 0.0003623437660485221
teacher 0.0011695906432748538 0.6989700043360189 0.0008175087770011917
erica 0.0011695906432748538 2.0 0.0023391812865497076
lira 0.0011695906432748538 2.0 0.0023391812865497076
couple 0.0011695906432748538 0.40893539297350084 0.000478287009325732
daughter 0.0011695906432748538 0.31875876262441283 0.0003728172662273834
check 0.0011695906432748538 0.07058107428570728 8.255096407685063e-05
strive 0.0011695906432748538 0.07058107428570728 8.255096407685063e-05
accuracy 0.0011695906432748538 0.07058107428570728 8.255096407685063e-05
fairness 0.0011695906432748538 0.07058107428570728 8.255096407685063e-05
see 0.0023391812865497076 0.04575749056067514 0.00010703506563900619
something 0.0011695906432748538 0.07058107428570728 8.255096407685063e-05
look 0.0011695906432748538 0.07058107428570728 8.255096407685063e-05
citation 0.0011695906432748538 0.07058107428570728 8.255096407685063e-05
information 0.0011695906432748538 0.07058107428570728 8.255096407685063e-05
article 0.0011695906432748538 0.07058107428570728 8.255096407685063e-05
title 0.0011695906432748538 0.07058107428570728 8.255096407685063e-05
author 0.0011695906432748538 0.06048074738138145 7.073771623553386e-05
com 0.0023391812865497076 0.06048074738138145 0.00014147543247106773
editor 0.0011695906432748538 0.1023729087095586 0.00011973439615153054
website 0.0035087719298245615 0.0655015487564323 0.00022982999563660457
url 0.0011695906432748538 0.07058107428570728 8.255096407685063e-05
publisher 0.0011695906432748538 0.07058107428570728 8.255096407685063e-05
e 0.0023391812865497076 0.04575749056067514 0.00010703506563900619
television 0.0023391812865497076 0.04575749056067514 0.00010703506563900619
network 0.0023391812865497076 0.04575749056067514 0.00010703506563900619
last 0.0011695906432748538 0.0655015487564323 7.660999854553486e-05
updated 0.0011695906432748538 0.07058107428570728 8.255096407685063e-05
original 0.0011695906432748538 0.0655015487564323 7.660999854553486e-05
published 0.0011695906432748538 0.07058107428570728 8.255096407685063e-05
november 0.0011695906432748538 0.24412514432750856 0.00028552648459357726
receive 0.0011695906432748538 0.05551732784983141 6.493254719278527e-05
story 0.0035087719298245615 0.05551732784983141 0.00019479764157835584
shaped 0.0023391812865497076 0.05551732784983141 0.00012986509438557054
world 0.0011695906432748538 0.04575749056067514 5.3517532819503094e-05
raul 0.0011695906432748538 1.3979400086720377 0.0016350175540023834
ra 0.0011695906432748538 1.6989700043360187 0.0019870994202760453
l 0.0011695906432748538 1.0 0.0011695906432748538
succeeded 0.0011695906432748538 1.1549019599857433 0.001350762526299115
fidel 0.0035087719298245615 1.3979400086720377 0.00490505266200715
cuba 0.0023391812865497076 1.0 0.0023391812865497076
previously 0.0011695906432748538 0.7695510786217261 0.0009000597410780423
defense 0.0011695906432748538 0.7695510786217261 0.0009000597410780423
minister 0.0011695906432748538 0.5376020021010439 0.0006287742714632092
head 0.0023391812865497076 0.5228787452803376 0.001223108176094357
armed 0.0011695906432748538 1.045757490560675 0.0012231081760943569
force 0.0011695906432748538 0.8860566476931633 0.0010363235645534073
ariel 0.0023391812865497076 1.6989700043360187 0.003974198840552091
prison 0.0011695906432748538 0.6020599913279624 0.0007041637325473245
sentence 0.0011695906432748538 0.8239087409443188 0.0009636359543208407
plus 0.0011695906432748538 1.0969100130080565 0.001282935687728721
additional 0.0011695906432748538 0.853871964321762 0.0009986806600254527
kidnapping 0.0011695906432748538 1.5228787452803376 0.0017811447313220324
torturing 0.0011695906432748538 1.6989700043360187 0.0019870994202760453
imprisoning 0.0011695906432748538 1.6989700043360187 0.0019870994202760453
woman 0.0011695906432748538 0.3979400086720376 0.0004654269107275294
cleveland 0.0011695906432748538 1.1549019599857433 0.001350762526299115
ohio 0.0011695906432748538 1.0 0.0011695906432748538
percy 0.0023391812865497076 1.6989700043360187 0.003974198840552091
african 0.0011695906432748538 0.28399665636520083 0.00033215983200608285
chemist 0.0011695906432748538 1.6989700043360187 0.0019870994202760453
pioneer 0.0011695906432748538 0.958607314841775 0.0011211781460137718
chemical 0.0011695906432748538 1.0969100130080565 0.001282935687728721
synthesis 0.0011695906432748538 2.0 0.0023391812865497076
medicinal 0.0011695906432748538 2.0 0.0023391812865497076
drug 0.0011695906432748538 1.0 0.0011695906432748538
cortisone 0.0011695906432748538 1.6989700043360187 0.0019870994202760453
steroid 0.0011695906432748538 2.0 0.0023391812865497076
control 0.0011695906432748538 0.5528419686577808 0.0006465987937517904
pill 0.0011695906432748538 2.0 0.0023391812865497076
orchestrated 0.0011695906432748538 1.5228787452803376 0.0017811447313220324
cuban 0.0011695906432748538 1.3979400086720377 0.0016350175540023834
revolution 0.0011695906432748538 1.0 0.0011695906432748538
government 0.0011695906432748538 0.494850021680094 0.0005787719551813965
c 0.0011695906432748538 0.35654732351381263 0.00041701441346644755
assange 0.0023391812865497076 1.5228787452803376 0.0035622894626440647
came 0.0023391812865497076 0.3010299956639812 0.0007041637325473245
international 0.0011695906432748538 0.40893539297350084 0.000478287009325732
founder 0.0011695906432748538 0.7958800173440752 0.0009308538214550587
whistle 0.0011695906432748538 1.6989700043360187 0.0019870994202760453
blowing 0.0011695906432748538 1.6989700043360187 0.0019870994202760453
wikileaks 0.0011695906432748538 1.3010299956639813 0.0015216725095485162
pete 0.0023391812865497076 1.3010299956639813 0.0030433450190970324
buttigieg 0.0023391812865497076 1.5228787452803376 0.0035622894626440647
south 0.0011695906432748538 0.40893539297350084 0.000478287009325732
bend 0.0011695906432748538 1.3010299956639813 0.0015216725095485162
indiana 0.0011695906432748538 0.7958800173440752 0.0009308538214550587
current 0.0011695906432748538 1.045757490560675 0.0012231081760943569
transportation 0.0011695906432748538 1.2218487496163564 0.00142906286504837
openly 0.0011695906432748538 1.0969100130080565 0.001282935687728721
gay 0.0011695906432748538 1.045757490560675 0.0012231081760943569
man 0.0011695906432748538 0.37675070960209955 0.00044064410479777725
cabinet 0.0011695906432748538 0.958607314841775 0.0011211781460137718
ann 0.0023391812865497076 1.0969100130080565 0.002565871375457442
richards 0.0023391812865497076 1.5228787452803376 0.0035622894626440647
feisty 0.0011695906432748538 2.0 0.0023391812865497076
governor 0.0011695906432748538 0.6575773191777938 0.0007690962797401098
amy 0.0023391812865497076 0.9208187539523752 0.0021539619975494157
klobuchar 0.0023391812865497076 1.5228787452803376 0.0035622894626440647
lawyer 0.0011695906432748538 0.48148606012211254 0.0005631415907860966
senator 0.0011695906432748538 0.5228787452803376 0.0006115540880471785
minnesota 0.0011695906432748538 1.1549019599857433 0.001350762526299115
emma 0.0023391812865497076 1.5228787452803376 0.0035622894626440647
tenayuca 0.0023391812865497076 1.6989700043360187 0.003974198840552091
organizer 0.0011695906432748538 1.0969100130080565 0.001282935687728721
fought 0.0011695906432748538 0.7958800173440752 0.0009308538214550587
civil 0.0011695906432748538 0.3467874862246563 0.0004055993990931653
labor 0.0011695906432748538 0.8860566476931633 0.0010363235645534073
worker 0.0011695906432748538 0.958607314841775 0.0011211781460137718
loading 0.0011695906432748538 0.04575749056067514 5.3517532819503094e-05
logo 0.0011695906432748538 0.04575749056067514 5.3517532819503094e-05
registered 0.0011695906432748538 0.04575749056067514 5.3517532819503094e-05
trademark 0.0011695906432748538 0.04575749056067514 5.3517532819503094e-05
llc 0.0011695906432748538 0.04575749056067514 5.3517532819503094e-05
close 0.004678362573099415 0.04575749056067514 0.00021407013127801237
