stacey 0.008333333333333333 1.6989700043360187 0.014158083369466822
abrams 0.025925925925925925 1.6989700043360187 0.04404737048278567
voting 0.002777777777777778 0.7958800173440752 0.0022107778259557644
right 0.007407407407407408 0.39848321634998984 0.0029517275285184433
novel 0.002777777777777778 1.2218487496163564 0.003394024304489879
fair 0.005555555555555556 1.0969100130080565 0.006093944516711425
fight 0.003703703703703704 0.5376020021010439 0.001991118526300163
biography 0.009259259259259259 0.04575749056067514 0.0004236804681543994
skip 0.000925925925925926 0.04575749056067514 4.236804681543995e-05
main 0.000925925925925926 0.04575749056067514 4.236804681543995e-05
content 0.000925925925925926 0.04575749056067514 4.236804681543995e-05
people 0.003703703703703704 0.04575749056067514 0.0001694721872617598
nostalgia 0.002777777777777778 0.04575749056067514 0.00012710414044631984
celebrity 0.002777777777777778 0.04575749056067514 0.00012710414044631984
history 0.003703703703703704 0.04575749056067514 0.0001694721872617598
culture 0.002777777777777778 0.04575749056067514 0.00012710414044631984
crime 0.002777777777777778 0.04575749056067514 0.00012710414044631984
scandal 0.002777777777777778 0.04575749056067514 0.00012710414044631984
video 0.002777777777777778 0.04575749056067514 0.00012710414044631984
contact 0.002777777777777778 0.04575749056067514 0.00012710414044631984
u 0.007407407407407408 0.20065945054641832 0.0014863663003438395
advertise 0.001851851851851852 0.04575749056067514 8.47360936308799e-05
privacy 0.002777777777777778 0.04575749056067514 0.00012710414044631984
notice 0.001851851851851852 0.04575749056067514 8.47360936308799e-05
term 0.001851851851851852 0.04575749056067514 8.47360936308799e-05
use 0.001851851851851852 0.04575749056067514 8.47360936308799e-05
copyright 0.001851851851851852 0.04575749056067514 8.47360936308799e-05
policy 0.003703703703703704 0.04575749056067514 0.0001694721872617598
ad 0.001851851851851852 0.04575749056067514 8.47360936308799e-05
choice 0.001851851851851852 0.04575749056067514 8.47360936308799e-05
accessibility 0.001851851851851852 0.04575749056067514 8.47360936308799e-05
support 0.001851851851851852 0.04575749056067514 8.47360936308799e-05
setting 0.000925925925925926 0.04575749056067514 4.236804681543995e-05
february 0.001851851851851852 0.04575749056067514 8.47360936308799e-05
subscribe 0.001851851851851852 0.04575749056067514 8.47360936308799e-05
newsletter 0.002777777777777778 0.04575749056067514 0.00012710414044631984
photo 0.000925925925925926 0.12493873660829993 0.0001156840153780555
benjamin 0.000925925925925926 0.958607314841775 0.0008875993655942361
lowy 0.000925925925925926 2.0 0.001851851851851852
getty 0.000925925925925926 0.2291479883578558 0.00021217406329431093
image 0.000925925925925926 0.2218487496163564 0.0002054155089040337
quick 0.000925925925925926 0.07058107428570728 6.535284656084009e-05
fact 0.001851851851851852 0.14116214857141457 0.00026141138624336034
name 0.005555555555555555 1.1012748184105063 0.0061181934356139235
birth 0.001851851851851852 0.07058107428570728 0.00013070569312168017
date 0.003703703703703704 0.07058107428570728 0.00026141138624336034
december 0.002777777777777778 0.40893539297350084 0.0011359316471486135
age 0.000925925925925926 0.11350927482751813 0.00010510118039585012
place 0.001851851851851852 1.2306226739238617 0.002278930877636781
madison 0.002777777777777778 1.0969100130080565 0.0030469722583557125
wisconsin 0.002777777777777778 1.2218487496163564 0.003394024304489879
full 0.000925925925925926 0.3010299956639812 0.0002787314774666493
yvonne 0.001851851851851852 2.0 0.003703703703703704
cite 0.000925925925925926 0.07058107428570728 6.535284656084009e-05
page 0.000925925925925926 0.07058107428570728 6.535284656084009e-05
publish 0.000925925925925926 0.07058107428570728 6.535284656084009e-05
jan 0.000925925925925926 0.9208187539523752 0.0008526099573633104
comment 0.001851851851851852 0.07058107428570728 0.00013070569312168017
politician 0.006481481481481481 0.6575773191777938 0.004262075216893108
served 0.004629629629629629 0.2676062401770315 0.001238917778597368
georgia 0.018518518518518517 0.721246399047171 0.013356414797169832
house 0.011111111111111112 0.32790214206428253 0.0036433571340475836
representative 0.009259259259259259 1.4814860601221125 0.01371746351964919
ran 0.001851851851851852 0.48148606012211254 0.0008916408520779863
governor 0.005555555555555556 0.6575773191777938 0.003653207328765521
state 0.007407407407407408 0.4930892744484819 0.003652513144062829
also 0.005555555555555556 0.0861861476162833 0.00047881193120157396
founder 0.001851851851851852 0.7958800173440752 0.0014738518839705096
lawyer 0.001851851851851852 0.48148606012211254 0.0008916408520779863
author 0.001851851851851852 0.06048074738138145 0.00011200138403959528
activist 0.002777777777777778 0.494850021680094 0.0013745833935558168
became 0.007407407407407408 0.07572071393811834 0.0005608941773193951
first 0.009259259259259259 0.0655015487564323 0.0006064958218188175
woman 0.006481481481481482 0.7958800173440752 0.0051584815938967845
lead 0.003703703703703704 0.5228787452803376 0.001936587945482732
either 0.001851851851851852 1.1549019599857433 0.002138707333306932
party 0.002777777777777778 0.3979400086720376 0.0011053889129778822
general 0.003703703703703704 0.4559319556497244 0.001688636872776757
assembly 0.001851851851851852 0.8239087409443188 0.0015257569276746644
occupying 0.000925925925925926 1.6989700043360187 0.0015731203743852026
role 0.001851851851851852 0.3665315444204135 0.0006787621192970621
last 0.001851851851851852 0.0655015487564323 0.00012129916436376352
seven 0.001851851851851852 0.619788758288394 0.0011477569597933223
year 0.004629629629629629 0.11918640771920867 0.0005517889246259661
office 0.003703703703703704 0.31875876262441283 0.0011805880097200475
following 0.001851851851851852 0.2518119729937996 0.0004663184685070363
unsuccessful 0.000925925925925926 0.8860566476931633 0.0008204228219381142
run 0.003703703703703704 0.4559319556497244 0.001688636872776757
founded 0.003703703703703704 0.619788758288394 0.0022955139195866446
organization 0.001851851851851852 0.6777807052660807 0.0012551494541964458
helped 0.002777777777777778 0.3372421683184259 0.0009367838008845164
register 0.002777777777777778 1.3979400086720377 0.0038831666907556605
least 0.001851851851851852 1.045757490560675 0.0019365879454827316
new 0.003703703703703704 0.14266750356873154 0.0005283981613656724
voter 0.010185185185185186 2.045757490560675 0.020836418885340206
ahead 0.001851851851851852 0.958607314841775 0.0017751987311884721
election 0.010185185185185186 1.2975694635544748 0.013215985276943726
addition 0.000925925925925926 0.6777807052660807 0.0006275747270982229
political 0.003703703703703704 0.3098039199714864 0.00114742192582032
career 0.002777777777777778 0.17392519729917358 0.00048312554805325994
published 0.002777777777777778 0.07058107428570728 0.00019605853968252023
eight 0.001851851851851852 0.6989700043360189 0.0012943888969185536
romantic 0.001851851851851852 1.5228787452803376 0.002820145824593218
suspense 0.001851851851851852 2.0 0.003703703703703704
pen 0.001851851851851852 1.5228787452803376 0.002820145824593218
selena 0.001851851851851852 1.5228787452803376 0.002820145824593218
montgomery 0.001851851851851852 1.045757490560675 0.0019365879454827316
early 0.002777777777777778 0.07572071393811834 0.00021033531649477318
life 0.001851851851851852 0.13679614097137055 0.00025332618698401953
education 0.001851851851851852 0.19382002601611284 0.00035892597410391267
born 0.001851851851851852 0.09151498112135023 0.0001694721872617597
xa 0.002777777777777778 0.17392519729917358 0.00048312554805325994
second 0.000925925925925926 0.19382002601611284 0.00017946298705195633
oldest 0.000925925925925926 1.1549019599857433 0.001069353666653466
carolyn 0.002777777777777778 2.0 0.005555555555555556
robert 0.003703703703703704 0.5528419686577808 0.0020475628468806695
six 0.000925925925925926 0.5686362358410126 0.0005265150331861229
child 0.000925925925925926 0.2076083105017461 0.00019222991713124641
andrea 0.000925925925925926 2.0 0.001851851851851852
leslie 0.000925925925925926 2.0 0.001851851851851852
richard 0.000925925925925926 0.6777807052660807 0.0006275747270982229
walter 0.000925925925925926 1.2218487496163564 0.0011313414348299597
jeanine 0.000925925925925926 2.0 0.001851851851851852
parent 0.000925925925925926 0.4559319556497244 0.00042215921819418925
met 0.001851851851851852 0.44369749923271273 0.0008216620356161347
working 0.001851851851851852 0.35654732351381263 0.0006602728213218753
together 0.000925925925925926 0.431798275933005 0.00039981321845648614
teen 0.000925925925925926 0.8860566476931633 0.0008204228219381142
lifeguard 0.000925925925925926 2.0 0.001851851851851852
racially 0.000925925925925926 1.1549019599857433 0.001069353666653466
segregated 0.000925925925925926 1.1549019599857433 0.001069353666653466
hattiesburg 0.000925925925925926 2.0 0.001851851851851852
mississippi 0.001851851851851852 1.1549019599857433 0.002138707333306932
swimming 0.000925925925925926 1.5228787452803376 0.001410072912296609
pool 0.000925925925925926 1.045757490560675 0.0009682939727413658
height 0.000925925925925926 1.6989700043360187 0.0015731203743852026
civil 0.002777777777777778 0.3467874862246563 0.0009632985728462676
movement 0.001851851851851852 0.48148606012211254 0.0008916408520779863
lived 0.001851851851851852 0.6020599913279624 0.0011149259098665971
temporarily 0.000925925925925926 1.2218487496163564 0.0011313414348299597
could 0.000925925925925926 0.4202164033831899 0.0003890892623918425
earn 0.001851851851851852 0.9208187539523752 0.0017052199147266208
master 0.001851851851851852 0.853871964321762 0.0015812443783736335
degree 0.002777777777777778 0.5228787452803376 0.001452440959112049
library 0.000925925925925926 1.3979400086720377 0.0012943888969185536
science 0.001851851851851852 0.7958800173440752 0.0014738518839705096
university 0.002777777777777778 0.2596373105057561 0.0007212147514048781
however 0.000925925925925926 0.32790214206428253 0.0003036130945039653
couple 0.000925925925925926 0.40893539297350084 0.00037864388238287116
raised 0.001851851851851852 0.585026652029182 0.0010833826889429298
gulfport 0.000925925925925926 2.0 0.001851851851851852
middle 0.000925925925925926 0.585026652029182 0.0005416913444714649
school 0.003703703703703704 0.14874165128092467 0.0005508950047441655
family 0.000925925925925926 0.11918640771920867 0.00011035778492519322
moved 0.000925925925925926 0.3872161432802645 0.0003585334660002449
atlanta 0.004629629629629629 0.8239087409443188 0.003814392319186661
attended 0.000925925925925926 0.5376020021010439 0.0004977796315750407
emory 0.000925925925925926 1.6989700043360187 0.0015731203743852026
pursue 0.000925925925925926 0.8860566476931633 0.0008204228219381142
graduate 0.000925925925925926 1.045757490560675 0.0009682939727413658
study 0.002777777777777778 1.7746907182741372 0.004929696439650381
divinity 0.000925925925925926 1.5228787452803376 0.001410072912296609
become 0.000925925925925926 0.3372421683184259 0.00031226126696150546
united 0.003703703703703704 0.18708664335714445 0.0006929134939153499
methodist 0.000925925925925926 1.3979400086720377 0.0012943888969185536
minister 0.000925925925925926 1.3010299956639813 0.0012046574033925752
graduated 0.001851851851851852 0.6575773191777938 0.0012177357762551738
black 0.003703703703703704 0.3872161432802645 0.0014341338640009797
valedictorian 0.000925925925925926 1.3010299956639813 0.0012046574033925752
avondale 0.000925925925925926 2.0 0.001851851851851852
high 0.000925925925925926 0.27572413039921095 0.00025530012074001014
dekalb 0.000925925925925926 2.0 0.001851851851851852
county 0.000925925925925926 0.8239087409443188 0.0007628784638373322
earning 0.000925925925925926 0.6989700043360189 0.0006471944484592768
magna 0.000925925925925926 1.2218487496163564 0.0011313414348299597
cum 0.000925925925925926 1.0 0.000925925925925926
laude 0.000925925925925926 1.0 0.000925925925925926
undergraduate 0.000925925925925926 1.3010299956639813 0.0012046574033925752
interdisciplinary 0.000925925925925926 2.0 0.001851851851851852
economics 0.000925925925925926 1.3010299956639813 0.0012046574033925752
sociology 0.000925925925925926 1.3979400086720377 0.0012943888969185536
minor 0.000925925925925926 1.3010299956639813 0.0012046574033925752
theater 0.000925925925925926 1.045757490560675 0.0009682939727413658
historically 0.000925925925925926 2.0 0.001851851851851852
college 0.003703703703703704 0.40893539297350084 0.0015145755295314846
spelman 0.002777777777777778 2.0 0.005555555555555556
later 0.001851851851851852 0.09151498112135023 0.0001694721872617597
lbj 0.000925925925925926 2.0 0.001851851851851852
public 0.003703703703703704 0.2596373105057561 0.0009616196685398375
affair 0.001851851851851852 0.7695510786217261 0.0014250945900402337
texas 0.001851851851851852 0.619788758288394 0.0011477569597933223
austin 0.000925925925925926 1.3010299956639813 0.0012046574033925752
received 0.000925925925925926 0.28399665636520083 0.0002629598670048156
j 0.000925925925925926 0.7958800173440752 0.0007369259419852548
yale 0.001851851851851852 1.3979400086720377 0.002588777793837107
law 0.002777777777777778 0.3665315444204135 0.0010181431789455932
old 0.001851851851851852 0.28399665636520083 0.0005259197340096312
began 0.001851851851851852 0.20065945054641826 0.00037159157508595976
speechwriter 0.000925925925925926 2.0 0.001851851851851852
congressional 0.000925925925925926 0.721246399047171 0.0006678207398584917
campaign 0.001851851851851852 0.3872161432802645 0.0007170669320004898
committee 0.001851851851851852 1.7351821769904636 0.0032133003277601178
impressed 0.000925925925925926 1.2218487496163564 0.0011313414348299597
edits 0.000925925925925926 2.0 0.001851851851851852
made 0.000925925925925926 0.1804560644581313 0.00016708894857234383
typing 0.000925925925925926 2.0 0.001851851851851852
maynard 0.000925925925925926 2.0 0.001851851851851852
jackson 0.000925925925925926 0.5228787452803376 0.000484146986370683
mayor 0.001851851851851852 0.6777807052660807 0.0012551494541964458
challenged 0.000925925925925926 1.045757490560675 0.0009682939727413658
issue 0.001851851851851852 1.3979400086720377 0.002588777793837107
relating 0.000925925925925926 1.3979400086720377 0.0012943888969185536
social 0.000925925925925926 0.5228787452803376 0.000484146986370683
justice 0.000925925925925926 0.5376020021010439 0.0004977796315750407
televised 0.000925925925925926 1.3010299956639813 0.0012046574033925752
town 0.001851851851851852 0.9208187539523752 0.0017052199147266208
hall 0.001851851851851852 0.9208187539523752 0.0017052199147266208
created 0.000925925925925926 0.721246399047171 0.0006678207398584917
youth 0.000925925925925926 0.958607314841775 0.0008875993655942361
service 0.001851851851851852 1.0 0.001851851851851852
hired 0.000925925925925926 1.3010299956639813 0.0012046574033925752
undergrad 0.000925925925925926 1.3979400086720377 0.0012943888969185536
student 0.001851851851851852 1.4559319556497243 0.00269617028824023
staff 0.000925925925925926 0.9208187539523752 0.0008526099573633104
upon 0.000925925925925926 0.721246399047171 0.0006678207398584917
graduating 0.000925925925925926 0.5528419686577808 0.0005118907117201674
tax 0.001851851851851852 0.7958800173440752 0.0014738518839705096
attorney 0.001851851851851852 0.494850021680094 0.0009163889290372112
sutherland 0.000925925925925926 1.6989700043360187 0.0015731203743852026
asbill 0.000925925925925926 2.0 0.001851851851851852
brennan 0.000925925925925926 2.0 0.001851851851851852
firm 0.001851851851851852 0.6020599913279624 0.0011149259098665971
focused 0.000925925925925926 0.6989700043360189 0.0006471944484592768
exemption 0.000925925925925926 1.5228787452803376 0.001410072912296609
healthcare 0.000925925925925926 0.958607314841775 0.0008875993655942361
finance 0.000925925925925926 1.2218487496163564 0.0011313414348299597
time 0.002777777777777778 0.1023729087095586 0.000284369190859885
turned 0.001851851851851852 0.638272163982407 0.0011819854888563094
shirley 0.000925925925925926 1.0969100130080565 0.001015657419451904
franklin 0.000925925925925926 0.8239087409443188 0.0007628784638373322
appointed 0.000925925925925926 0.6777807052660807 0.0006275747270982229
deputy 0.000925925925925926 0.9208187539523752 0.0008526099573633104
city 0.000925925925925926 0.3665315444204135 0.00033938105964853105
elected 0.001851851851851852 0.3665315444204135 0.0006787621192970621
within 0.000925925925925926 0.8239087409443188 0.0007628784638373322
four 0.001851851851851852 0.28399665636520083 0.0005259197340096312
minority 0.001851851851851852 0.8860566476931633 0.0016408456438762283
leader 0.003703703703703704 0.8582367697242121 0.0031786547026822673
ascending 0.000925925925925926 1.6989700043360187 0.0015731203743852026
highest 0.000925925925925926 1.0 0.000925925925925926
legislative 0.000925925925925926 0.8239087409443188 0.0007628784638373322
earned 0.000925925925925926 0.40893539297350084 0.00037864388238287116
distinction 0.000925925925925926 1.2218487496163564 0.0011313414348299597
becoming 0.002777777777777778 0.3372421683184259 0.0009367838008845164
well 0.001851851851851852 0.20065945054641826 0.00037159157508595976
african 0.001851851851851852 0.28399665636520083 0.0005259197340096312
american 0.002777777777777778 0.1023729087095586 0.000284369190859885
democratic 0.003703703703703704 0.3872161432802645 0.0014341338640009797
appropriation 0.000925925925925926 1.6989700043360187 0.0015731203743852026
ethic 0.000925925925925926 1.3010299956639813 0.0012046574033925752
judiciary 0.000925925925925926 1.045757490560675 0.0009682939727413658
non 0.001851851851851852 1.0969100130080565 0.002031314838903808
rule 0.001851851851851852 1.0 0.001851851851851852
way 0.001851851851851852 1.3526170298853804 0.0025048463516395936
mean 0.001851851851851852 1.0969100130080565 0.002031314838903808
top 0.000925925925925926 0.48148606012211254 0.00044582042603899313
ranking 0.000925925925925926 1.5228787452803376 0.001410072912296609
democrat 0.002777777777777778 1.5654310959658013 0.004348419711016115
traveled 0.000925925925925926 0.8860566476931633 0.0008204228219381142
south 0.003703703703703704 0.40893539297350084 0.0015145755295314846
korea 0.001851851851851852 1.1549019599857433 0.002138707333306932
israel 0.001851851851851852 1.2218487496163564 0.0022626828696599194
taiwan 0.001851851851851852 1.6989700043360187 0.0031462407487704053
international 0.000925925925925926 0.40893539297350084 0.00037864388238287116
travel 0.000925925925925926 0.8860566476931633 0.0008204228219381142
included 0.000925925925925926 0.48148606012211254 0.00044582042603899313
australia 0.000925925925925926 1.3979400086720377 0.0012943888969185536
austria 0.000925925925925926 1.6989700043360187 0.0015731203743852026
belgium 0.000925925925925926 1.6989700043360187 0.0015731203743852026
bulgaria 0.000925925925925926 2.0 0.001851851851851852
canada 0.000925925925925926 1.0 0.000925925925925926
france 0.000925925925925926 1.2218487496163564 0.0011313414348299597
italy 0.000925925925925926 1.3010299956639813 0.0012046574033925752
netherlands 0.000925925925925926 1.6989700043360187 0.0015731203743852026
switzerland 0.000925925925925926 1.5228787452803376 0.001410072912296609
kingdom 0.000925925925925926 1.3010299956639813 0.0012046574033925752
read 0.000925925925925926 0.0655015487564323 6.064958218188176e-05
next 0.000925925925925926 0.07058107428570728 6.535284656084009e-05
bella 0.000925925925925926 0.0655015487564323 6.064958218188176e-05
hadid 0.000925925925925926 0.0655015487564323 6.064958218188176e-05
sadie 0.000925925925925926 0.06048074738138145 5.600069201979764e-05
alexander 0.000925925925925926 0.05551732784983141 5.140493319428835e-05
adrienne 0.000925925925925926 0.0655015487564323 6.064958218188176e-05
kennedy 0.000925925925925926 0.06048074738138145 5.600069201979764e-05
gubernatorial 0.001851851851851852 1.3010299956639813 0.0024093148067851505
leaving 0.000925925925925926 0.5686362358410126 0.0005265150331861229
position 0.000925925925925926 0.619788758288394 0.0005738784798966611
launched 0.000925925925925926 0.6777807052660807 0.0006275747270982229
major 0.000925925925925926 0.4202164033831899 0.0003890892623918425
nomination 0.000925925925925926 0.5086383061657272 0.00047096139459789564
despite 0.000925925925925926 0.4202164033831899 0.0003890892623918425
winning 0.001851851851851852 0.4202164033831899 0.000778178524783685
vote 0.003703703703703704 1.5590909179347823 0.005774410807165861
candidate 0.000925925925925926 0.585026652029182 0.0005416913444714649
including 0.000925925925925926 0.2365720064370627 0.0002190481541083914
former 0.000925925925925926 0.27572413039921095 0.00025530012074001014
president 0.003703703703703704 0.16749108729376372 0.0006203373603472731
barack 0.000925925925925926 0.3872161432802645 0.0003585334660002449
obama 0.000925925925925926 0.37675070960209955 0.00034884324963157365
lost 0.000925925925925926 0.6989700043360189 0.0006471944484592768
secretary 0.001851851851851852 0.638272163982407 0.0011819854888563094
brian 0.000925925925925926 1.2218487496163564 0.0011313414348299597
kemp 0.002777777777777778 1.6989700043360187 0.004719361123155608
fewer 0.000925925925925926 1.5228787452803376 0.001410072912296609
two 0.005555555555555556 0.11918640771920867 0.0006621467095511593
percentage 0.000925925925925926 1.6989700043360187 0.0015731203743852026
point 0.000925925925925926 1.0969100130080565 0.001015657419451904
million 0.000925925925925926 0.5228787452803376 0.000484146986370683
cast 0.000925925925925926 1.045757490560675 0.0009682939727413658
eventually 0.000925925925925926 0.3979400086720376 0.0003684629709926274
alleged 0.000925925925925926 0.958607314841775 0.0008875993655942361
suppression 0.000925925925925926 2.0 0.001851851851851852
effort 0.002777777777777778 0.5376020021010439 0.001493338894725122
aside 0.000925925925925926 1.0969100130080565 0.001015657419451904
running 0.001851851851851852 0.721246399047171 0.0013356414797169834
race 0.001851851851851852 0.619788758288394 0.0011477569597933223
oversaw 0.000925925925925926 1.1549019599857433 0.001069353666653466
cutting 0.000925925925925926 1.3010299956639813 0.0012046574033925752
nearly 0.000925925925925926 0.721246399047171 0.0006678207398584917
roll 0.000925925925925926 2.0 0.001851851851851852
leading 0.000925925925925926 0.5228787452803376 0.000484146986370683
polling 0.000925925925925926 1.3010299956639813 0.0012046574033925752
closed 0.000925925925925926 1.045757490560675 0.0009682939727413658
primarily 0.000925925925925926 1.045757490560675 0.0009682939727413658
poor 0.000925925925925926 0.7958800173440752 0.0007369259419852548
neighborhood 0.000925925925925926 1.5228787452803376 0.001410072912296609
according 0.001851851851851852 0.638272163982407 0.0011819854888563094
washington 0.001851851851851852 0.3979400086720376 0.0007369259419852548
post 0.001851851851851852 0.6989700043360189 0.0012943888969185536
claimed 0.000925925925925926 0.7447274948966939 0.0006895624952747165
thousand 0.000925925925925926 0.9208187539523752 0.0008526099573633104
ballot 0.000925925925925926 1.2218487496163564 0.0011313414348299597
left 0.000925925925925926 0.2924298239020636 0.00027076835546487374
uncounted 0.000925925925925926 2.0 0.001851851851851852
ten 0.000925925925925926 1.3010299956639813 0.0012046574033925752
day 0.000925925925925926 0.40893539297350084 0.00037864388238287116
ended 0.000925925925925926 0.5686362358410126 0.0005265150331861229
bid 0.001851851851851852 2.3010299956639813 0.004261166658637003
chose 0.000925925925925926 1.2218487496163564 0.0011313414348299597
concede 0.001851851851851852 1.6989700043360187 0.0031462407487704053
citing 0.000925925925925926 1.1549019599857433 0.001069353666653466
belief 0.000925925925925926 1.045757490560675 0.0009682939727413658
disenfranchised 0.000925925925925926 2.0 0.001851851851851852
x 0.007407407407407408 0.4559319556497244 0.003377273745553514
c 0.003703703703703704 0.35654732351381263 0.0013205456426437505
let 0.000925925925925926 0.6777807052660807 0.0006275747270982229
clear 0.000925925925925926 0.9208187539523752 0.0008526099573633104
speech 0.001851851851851852 0.7447274948966939 0.001379124990549433
concession 0.001851851851851852 2.0 0.003703703703703704
said 0.000925925925925926 0.2518119729937996 0.00023315923425351815
headquarters 0.000925925925925926 1.2218487496163564 0.0011313414348299597
associated 0.000925925925925926 1.1549019599857433 0.001069353666653466
press 0.000925925925925926 0.7958800173440752 0.0007369259419852548
acknowledge 0.000925925925925926 1.1549019599857433 0.001069353666653466
action 0.000925925925925926 0.585026652029182 0.0005416913444714649
true 0.000925925925925926 0.8239087409443188 0.0007628784638373322
proper 0.000925925925925926 2.0 0.001851851851851852
conscience 0.000925925925925926 1.5228787452803376 0.001410072912296609
faith 0.000925925925925926 0.7958800173440752 0.0007369259419852548
cannot 0.000925925925925926 1.045757490560675 0.0009682939727413658
address 0.000925925925925926 0.7695510786217261 0.0007125472950201168
announced 0.000925925925925926 0.40893539297350084 0.00037864388238287116
intended 0.000925925925925926 1.0 0.000925925925925926
file 0.000925925925925926 1.3979400086720377 0.0012943888969185536
federal 0.000925925925925926 0.6020599913279624 0.0005574629549332986
lawsuit 0.000925925925925926 0.853871964321762 0.0007906221891868168
challenge 0.000925925925925926 0.853871964321762 0.0007906221891868168
registration 0.003703703703703704 3.3010299956639813 0.01222603702097771
loss 0.000925925925925926 0.7447274948966939 0.0006895624952747165
protection 0.000925925925925926 1.1549019599857433 0.001069353666653466
aim 0.001851851851851852 1.3979400086720377 0.002588777793837107
promote 0.000925925925925926 0.958607314841775 0.0008875993655942361
around 0.000925925925925926 0.4559319556497244 0.00042215921819418925
country 0.000925925925925926 0.27572413039921095 0.00025530012074001014
encourage 0.000925925925925926 1.1549019599857433 0.001069353666653466
participation 0.000925925925925926 1.1549019599857433 0.001069353666653466
educate 0.000925925925925926 2.0 0.001851851851851852
per 0.002777777777777778 1.3010299956639813 0.003613972210177726
npr 0.000925925925925926 2.0 0.001851851851851852
result 0.000925925925925926 0.7695510786217261 0.0007125472950201168
joe 0.000925925925925926 0.5228787452803376 0.000484146986370683
biden 0.000925925925925926 0.6575773191777938 0.0006088678881275869
electoral 0.000925925925925926 1.0 0.000925925925925926
reverend 0.000925925925925926 1.6989700043360187 0.0015731203743852026
raphael 0.000925925925925926 1.6989700043360187 0.0015731203743852026
warnock 0.000925925925925926 2.0 0.001851851851851852
jon 0.000925925925925926 1.3979400086720377 0.0012943888969185536
osoff 0.000925925925925926 2.0 0.001851851851851852
flipped 0.000925925925925926 2.0 0.001851851851851852
republican 0.002777777777777778 0.6777807052660807 0.0018827241812946686
held 0.000925925925925926 0.48148606012211254 0.00044582042603899313
senate 0.001851851851851852 0.5686362358410126 0.0010530300663722457
seat 0.000925925925925926 1.1549019599857433 0.001069353666653466
january 0.003703703703703704 0.2676062401770315 0.0009911342228778944
special 0.000925925925925926 0.638272163982407 0.0005909927444281547
runoff 0.000925925925925926 1.6989700043360187 0.0015731203743852026
previously 0.000925925925925926 0.7695510786217261 0.0007125472950201168
project 0.002777777777777778 2.09151498112135 0.0058097638364481945
submitted 0.000925925925925926 1.5228787452803376 0.001410072912296609
color 0.001851851851851852 1.0969100130080565 0.002031314838903808
started 0.002777777777777778 0.6020599913279624 0.0016723888647998957
activism 0.000925925925925926 0.958607314841775 0.0008875993655942361
drive 0.000925925925925926 1.1549019599857433 0.001069353666653466
even 0.000925925925925926 0.3665315444204135 0.00033938105964853105
enough 0.000925925925925926 0.6575773191777938 0.0006088678881275869
told 0.000925925925925926 0.44369749923271273 0.00041083101780806737
meeting 0.000925925925925926 0.8860566476931633 0.0008204228219381142
miami 0.000925925925925926 1.3010299956639813 0.0012046574033925752
probably 0.000925925925925926 1.3979400086720377 0.0012943888969185536
person 0.009259259259259259 0.05060999335508724 0.0004686110495841411
got 0.000925925925925926 0.5376020021010439 0.0004977796315750407
excited 0.000925925925925926 1.5228787452803376 0.001410072912296609
go 0.000925925925925926 0.494850021680094 0.0004581944645186056
nothing 0.000925925925925926 0.958607314841775 0.0008875993655942361
else 0.000925925925925926 1.0969100130080565 0.001015657419451904
beginning 0.000925925925925926 0.9208187539523752 0.0008526099573633104
conversation 0.001851851851851852 1.2218487496163564 0.0022626828696599194
power 0.001851851851851852 0.5376020021010439 0.0009955592631500814
create 0.000925925925925926 0.8239087409443188 0.0007628784638373322
southern 0.000925925925925926 0.6575773191777938 0.0006088678881275869
economic 0.000925925925925926 0.585026652029182 0.0005416913444714649
advancement 0.000925925925925926 1.0969100130080565 0.001015657419451904
seap 0.000925925925925926 2.0 0.001851851851851852
equality 0.000925925925925926 0.8239087409443188 0.0007628784638373322
opportunity 0.000925925925925926 0.8239087409443188 0.0007628784638373322
count 0.000925925925925926 1.3979400086720377 0.0012943888969185536
seek 0.000925925925925926 1.6989700043360187 0.0015731203743852026
get 0.000925925925925926 0.44369749923271273 0.00041083101780806737
community 0.000925925925925926 1.045757490560675 0.0009682939727413658
rural 0.000925925925925926 1.045757490560675 0.0009682939727413658
population 0.000925925925925926 2.0 0.001851851851851852
marginalized 0.000925925925925926 2.0 0.001851851851851852
group 0.000925925925925926 0.853871964321762 0.0007906221891868168
counted 0.000925925925925926 1.5228787452803376 0.001410072912296609
census 0.000925925925925926 2.0 0.001851851851851852
book 0.001851851851851852 0.721246399047171 0.0013356414797169834
co 0.000925925925925926 0.4202164033831899 0.0003890892623918425
business 0.001851851851851852 1.1549019599857433 0.002138707333306932
nourish 0.000925925925925926 2.0 0.001851851851851852
inc 0.000925925925925926 1.3010299956639813 0.0012046574033925752
bottled 0.000925925925925926 2.0 0.001851851851851852
water 0.000925925925925926 1.045757490560675 0.0009682939727413658
company 0.001851851851851852 0.494850021680094 0.0009163889290372112
focus 0.000925925925925926 0.7695510786217261 0.0007125472950201168
infant 0.000925925925925926 2.0 0.001851851851851852
toddler 0.000925925925925926 1.6989700043360187 0.0015731203743852026
account 0.000925925925925926 1.3010299956639813 0.0012046574033925752
financial 0.000925925925925926 0.8860566476931633 0.0008204228219381142
help 0.000925925925925926 1.3979400086720377 0.0012943888969185536
small 0.002777777777777778 2.2441251443275085 0.006233680956465302
grow 0.000925925925925926 1.0969100130080565 0.001015657419451904
idea 0.000925925925925926 0.8239087409443188 0.0007628784638373322
latter 0.000925925925925926 1.045757490560675 0.0009682939727413658
sprung 0.000925925925925926 1.6989700043360187 0.0015731203743852026
experience 0.000925925925925926 0.619788758288394 0.0005738784798966611
beverage 0.000925925925925926 2.0 0.001851851851851852
afford 0.000925925925925926 1.3010299956639813 0.0012046574033925752
wait 0.000925925925925926 1.3010299956639813 0.0012046574033925752
payment 0.000925925925925926 1.3979400086720377 0.0012943888969185536
filling 0.000925925925925926 2.0 0.001851851851851852
order 0.000925925925925926 1.0 0.000925925925925926
written 0.000925925925925926 1.0 0.000925925925925926
engagement 0.000925925925925926 1.0969100130080565 0.001015657419451904
art 0.000925925925925926 1.0969100130080565 0.001015657419451904
desire 0.000925925925925926 1.0 0.000925925925925926
persuasion 0.000925925925925926 2.0 0.001851851851851852
never 0.000925925925925926 0.431798275933005 0.00039981321845648614
tell 0.000925925925925926 0.9208187539523752 0.0008526099573633104
hidden 0.000925925925925926 1.6989700043360187 0.0015731203743852026
sin 0.000925925925925926 2.0 0.001851851851851852
secret 0.000925925925925926 1.6989700043360187 0.0015731203743852026
lie 0.000925925925925926 1.2218487496163564 0.0011313414348299597
reckless 0.000925925925925926 1.6989700043360187 0.0015731203743852026
deception 0.000925925925925926 2.0 0.001851851851851852
fiction 0.000925925925925926 1.3979400086720377 0.0012943888969185536
outside 0.000925925925925926 0.6989700043360189 0.0006471944484592768
build 0.000925925925925926 1.0 0.000925925925925926
future 0.000925925925925926 0.721246399047171 0.0006678207398584917
make 0.000925925925925926 0.3872161432802645 0.0003585334660002449
real 0.000925925925925926 0.6989700043360189 0.0006471944484592768
change 0.000925925925925926 0.5686362358410126 0.0005265150331861229
check 0.000925925925925926 0.07058107428570728 6.535284656084009e-05
strive 0.000925925925925926 0.07058107428570728 6.535284656084009e-05
accuracy 0.000925925925925926 0.07058107428570728 6.535284656084009e-05
fairness 0.000925925925925926 0.07058107428570728 6.535284656084009e-05
see 0.001851851851851852 0.04575749056067514 8.47360936308799e-05
something 0.000925925925925926 0.07058107428570728 6.535284656084009e-05
look 0.000925925925925926 0.07058107428570728 6.535284656084009e-05
citation 0.000925925925925926 0.07058107428570728 6.535284656084009e-05
information 0.000925925925925926 0.07058107428570728 6.535284656084009e-05
article 0.000925925925925926 0.07058107428570728 6.535284656084009e-05
title 0.000925925925925926 0.07058107428570728 6.535284656084009e-05
com 0.001851851851851852 0.06048074738138145 0.00011200138403959528
editor 0.000925925925925926 0.1023729087095586 9.478973028662835e-05
website 0.001851851851851852 0.0655015487564323 0.00012129916436376352
url 0.000925925925925926 0.07058107428570728 6.535284656084009e-05
access 0.000925925925925926 0.07058107428570728 6.535284656084009e-05
publisher 0.000925925925925926 0.07058107428570728 6.535284656084009e-05
e 0.001851851851851852 0.04575749056067514 8.47360936308799e-05
television 0.001851851851851852 0.04575749056067514 8.47360936308799e-05
network 0.001851851851851852 0.04575749056067514 8.47360936308799e-05
updated 0.000925925925925926 0.07058107428570728 6.535284656084009e-05
original 0.001851851851851852 0.0655015487564323 0.00012129916436376352
receive 0.000925925925925926 0.05551732784983141 5.140493319428835e-05
story 0.002777777777777778 0.05551732784983141 0.00015421479958286504
shaped 0.001851851851851852 0.05551732784983141 0.0001028098663885767
world 0.000925925925925926 0.04575749056067514 4.236804681543995e-05
sign 0.000925925925925926 0.05551732784983141 5.140493319428835e-05
kirsten 0.001851851851851852 1.5228787452803376 0.002820145824593218
gillibrand 0.001851851851851852 1.5228787452803376 0.002820145824593218
york 0.000925925925925926 0.3467874862246563 0.0003210995242820892
nancy 0.001851851851851852 1.0 0.001851851851851852
pelosi 0.001851851851851852 1.0969100130080565 0.002031314838903808
female 0.002777777777777778 0.6020599913279624 0.0016723888647998957
speaker 0.001851851851851852 0.7447274948966939 0.001379124990549433
paul 0.001851851851851852 0.721246399047171 0.0013356414797169834
ryan 0.001851851851851852 1.045757490560675 0.0019365879454827316
mate 0.000925925925925926 1.0 0.000925925925925926
presidential 0.000925925925925926 0.3665315444204135 0.00033938105964853105
nominee 0.000925925925925926 0.7695510786217261 0.0007125472950201168
mitt 0.000925925925925926 1.1549019599857433 0.001069353666653466
romney 0.000925925925925926 1.1549019599857433 0.001069353666653466
took 0.000925925925925926 0.28399665636520083 0.0002629598670048156
rashida 0.001851851851851852 1.5228787452803376 0.002820145824593218
tlaib 0.001851851851851852 1.6989700043360187 0.0031462407487704053
daughter 0.000925925925925926 0.31875876262441283 0.00029514700243001186
palestinian 0.000925925925925926 1.3010299956639813 0.0012046574033925752
immigrant 0.000925925925925926 1.0 0.000925925925925926
one 0.000925925925925926 0.08092190762392613 7.492769224437605e-05
muslim 0.000925925925925926 0.9208187539523752 0.0008526099573633104
congress 0.000925925925925926 0.4202164033831899 0.0003890892623918425
rick 0.001851851851851852 1.2218487496163564 0.0022626828696599194
perry 0.001851851851851852 1.3010299956639813 0.0024093148067851505
failed 0.000925925925925926 0.5376020021010439 0.0004977796315750407
white 0.000925925925925926 0.3872161432802645 0.0003585334660002449
energy 0.000925925925925926 0.8239087409443188 0.0007628784638373322
donald 0.001851851851851852 0.494850021680094 0.0009163889290372112
trump 0.001851851851851852 0.5086383061657272 0.0009419227891957913
carrie 0.001851851851851852 1.6989700043360187 0.0031462407487704053
chapman 0.001851851851851852 2.0 0.003703703703703704
catt 0.001851851851851852 2.0 0.003703703703703704
suffragette 0.000925925925925926 2.0 0.001851851851851852
came 0.000925925925925926 0.3010299956639812 0.0002787314774666493
plan 0.000925925925925926 0.6989700043360189 0.0006471944484592768
pas 0.000925925925925926 1.1549019599857433 0.001069353666653466
th 0.000925925925925926 0.2076083105017461 0.00019222991713124641
amendment 0.000925925925925926 1.1549019599857433 0.001069353666653466
enslaved 0.000925925925925926 1.5228787452803376 0.001410072912296609
serving 0.000925925925925926 0.48148606012211254 0.00044582042603899313
carolina 0.001851851851851852 0.7958800173440752 0.0014738518839705096
legislature 0.000925925925925926 1.045757490560675 0.0009682939727413658
nikki 0.001851851851851852 2.0 0.003703703703703704
haley 0.001851851851851852 1.6989700043360187 0.0031462407487704053
ambassador 0.000925925925925926 0.8239087409443188 0.0007628784638373322
nation 0.000925925925925926 0.6575773191777938 0.0006088678881275869
indian 0.000925925925925926 1.3979400086720377 0.0012943888969185536
serve 0.000925925925925926 0.5086383061657272 0.00047096139459789564
tarana 0.001851851851851852 1.6989700043360187 0.0031462407487704053
burke 0.001851851851851852 1.6989700043360187 0.0031462407487704053
global 0.000925925925925926 0.8239087409443188 0.0007628784638373322
phenomenon 0.000925925925925926 1.3979400086720377 0.0012943888969185536
awareness 0.000925925925925926 1.3010299956639813 0.0012046574033925752
sexual 0.000925925925925926 0.7958800173440752 0.0007369259419852548
harassment 0.000925925925925926 1.0969100130080565 0.001015657419451904
abuse 0.000925925925925926 0.958607314841775 0.0008875993655942361
assault 0.000925925925925926 0.958607314841775 0.0008875993655942361
society 0.000925925925925926 0.7695510786217261 0.0007125472950201168
loading 0.000925925925925926 0.04575749056067514 4.236804681543995e-05
logo 0.000925925925925926 0.04575749056067514 4.236804681543995e-05
registered 0.000925925925925926 0.04575749056067514 4.236804681543995e-05
trademark 0.000925925925925926 0.04575749056067514 4.236804681543995e-05
llc 0.000925925925925926 0.04575749056067514 4.236804681543995e-05
close 0.003703703703703704 0.04575749056067514 0.0001694721872617598
