james 0.017346938775510204 0.6020599913279624 0.010443897808750368
farmer 0.03571428571428571 1.045757490560675 0.03734848180573839
quote 0.0020408163265306124 0.3872161432802645 0.0007902370271025807
civil 0.007142857142857143 0.3467874862246563 0.0024770534730332596
right 0.00816326530612245 0.39848321634998984 0.0032529242151019583
freedom 0.014285714285714285 0.619788758288394 0.008854125118405628
ride 0.009183673469387754 2.619788758288394 0.024059284514893413
biography 0.01020408163265306 0.04575749056067514 0.000466913168986481
skip 0.0010204081632653062 0.04575749056067514 4.669131689864811e-05
main 0.0010204081632653062 0.04575749056067514 4.669131689864811e-05
content 0.0010204081632653062 0.04575749056067514 4.669131689864811e-05
people 0.004081632653061225 0.04575749056067514 0.00018676526759459243
nostalgia 0.003061224489795918 0.04575749056067514 0.0001400739506959443
celebrity 0.003061224489795918 0.04575749056067514 0.0001400739506959443
history 0.003061224489795918 0.04575749056067514 0.0001400739506959443
culture 0.004081632653061225 0.04575749056067514 0.00018676526759459243
crime 0.003061224489795918 0.04575749056067514 0.0001400739506959443
scandal 0.004081632653061225 0.04575749056067514 0.00018676526759459243
video 0.003061224489795918 0.04575749056067514 0.0001400739506959443
contact 0.003061224489795918 0.04575749056067514 0.0001400739506959443
u 0.004081632653061225 0.20065945054641832 0.000819018165495585
advertise 0.0020408163265306124 0.04575749056067514 9.338263379729622e-05
privacy 0.003061224489795918 0.04575749056067514 0.0001400739506959443
notice 0.0020408163265306124 0.04575749056067514 9.338263379729622e-05
term 0.0020408163265306124 0.04575749056067514 9.338263379729622e-05
use 0.0020408163265306124 0.04575749056067514 9.338263379729622e-05
copyright 0.0020408163265306124 0.04575749056067514 9.338263379729622e-05
policy 0.0020408163265306124 0.04575749056067514 9.338263379729622e-05
ad 0.0020408163265306124 0.04575749056067514 9.338263379729622e-05
choice 0.0020408163265306124 0.04575749056067514 9.338263379729622e-05
accessibility 0.0020408163265306124 0.04575749056067514 9.338263379729622e-05
support 0.0020408163265306124 0.04575749056067514 9.338263379729622e-05
setting 0.0010204081632653062 0.04575749056067514 4.669131689864811e-05
february 0.0020408163265306124 0.04575749056067514 9.338263379729622e-05
subscribe 0.0020408163265306124 0.04575749056067514 9.338263379729622e-05
newsletter 0.003061224489795918 0.04575749056067514 0.0001400739506959443
photo 0.0010204081632653062 0.12493873660829993 0.0001274885067431632
hulton 0.0010204081632653062 1.3979400086720377 0.0014264693966041203
archive 0.0010204081632653062 1.0969100130080565 0.001119295931640874
quick 0.0010204081632653062 0.07058107428570728 7.20215043731707e-05
fact 0.0020408163265306124 0.14116214857141457 0.0002880860174926828
name 0.004081632653061225 0.05551732784983141 0.0002266013381625772
birth 0.0020408163265306124 0.07058107428570728 0.0001440430087463414
date 0.00510204081632653 0.07058107428570728 0.00036010752186585346
january 0.0020408163265306124 0.2676062401770315 0.0005461351840347582
death 0.004081632653061225 0.2365720064370627 0.0009656000262737253
july 0.0020408163265306124 0.37675070960209955 0.0007688789991879584
know 0.0030612244897959186 1.853871964321762 0.005675118258127844
life 0.00816326530612245 0.13679614097137055 0.001116703191603025
star 0.003061224489795918 0.32790214206428253 0.001003782067543722
college 0.00510204081632653 0.40893539297350084 0.0020864050661913306
debater 0.004081632653061225 4.0 0.0163265306122449
adolescence 0.0010204081632653062 1.3979400086720377 0.0014264693966041203
depicted 0.0010204081632653062 1.3979400086720377 0.0014264693966041203
denzel 0.003061224489795918 2.0 0.006122448979591836
washington 0.0020408163265306124 0.3979400086720376 0.0008121224666776278
film 0.0020408163265306124 0.6020599913279624 0.0012286938598529845
great 0.003061224489795918 0.5228787452803376 0.0016006492202459315
father 0.004081632653061225 0.14874165128092467 0.0006071087807384681
first 0.004081632653061225 0.0655015487564323 0.00026735326023033594
african 0.00510204081632653 0.28399665636520083 0.0014489625324755142
american 0.006122448979591836 0.1023729087095586 0.0006267729104666853
citizen 0.0020408163265306124 0.9208187539523752 0.0018792219468415823
earn 0.0020408163265306124 0.9208187539523752 0.0018792219468415823
doctorate 0.0020408163265306124 1.3979400086720377 0.0028529387932082406
texas 0.003061224489795918 0.619788758288394 0.0018973125253726345
education 0.003061224489795918 0.19382002601611284 0.0005933266102534066
wiley 0.0020408163265306124 1.5228787452803376 0.0031079158066945668
howard 0.0020408163265306124 0.958607314841775 0.0019563414588607653
university 0.003061224489795918 0.2596373105057561 0.0007948080933849677
place 0.0020408163265306124 0.07572071393811834 0.000154532069261466
marshall 0.0020408163265306124 1.1549019599857433 0.002356942775481109
fredericksburg 0.0020408163265306124 1.6989700043360187 0.0034672857231347323
virginia 0.0020408163265306124 0.8239087409443188 0.0016814464100904467
aka 0.0010204081632653062 0.853871964321762 0.0008712979227773083
leonard 0.003061224489795918 1.6989700043360187 0.005200928584702098
l 0.006122448979591836 1.0 0.006122448979591836
jr 0.011224489795918367 0.32790214206428253 0.0036805342476603138
jim 0.0010204081632653062 1.0 0.0010204081632653062
full 0.0010204081632653062 0.3010299956639812 0.0003071734649632461
background 0.0020408163265306124 0.7958800173440752 0.0016242449333552557
study 0.0020408163265306124 0.9208187539523752 0.0018792219468415823
gandhi 0.00510204081632653 1.3979400086720377 0.0071323469830206
path 0.0020408163265306124 1.0 0.0020408163265306124
found 0.0020408163265306124 2.0 0.004081632653061225
core 0.01020408163265306 1.045757490560675 0.01067099480163954
medal 0.003061224489795918 0.6575773191777938 0.0020129917934014097
cite 0.0010204081632653062 0.07058107428570728 7.20215043731707e-05
page 0.0010204081632653062 0.07058107428570728 7.20215043731707e-05
would 0.007142857142857143 0.2291479883578558 0.0016367713454132557
like 0.0030612244897959186 1.537602002101044 0.004706944904390951
known 0.0020408163265306124 0.06048074738138145 0.00012343009669669685
founded 0.0010204081632653062 0.619788758288394 0.000632437508457545
congress 0.00510204081632653 0.4202164033831899 0.0021439612417509684
racial 0.01020408163265306 0.6989700043360189 0.0071323469830206
equality 0.006122448979591836 0.8239087409443188 0.0050443392302713394
organized 0.003061224489795918 0.7958800173440752 0.002436367400032883
attempted 0.0010204081632653062 1.045757490560675 0.0010670994801639541
bring 0.0010204081632653062 0.7447274948966939 0.0007599260152007081
gandhian 0.0010204081632653062 2.0 0.0020408163265306124
technique 0.0010204081632653062 1.2218487496163564 0.0012467844383840373
nonviolence 0.0010204081632653062 1.5228787452803376 0.0015539579033472834
struggle 0.0010204081632653062 0.9208187539523752 0.0009396109734207911
country 0.0010204081632653062 0.27572413039921095 0.0002813511534685826
tenuous 0.0010204081632653062 2.0 0.0020408163265306124
movement 0.0020408163265306124 0.48148606012211254 0.0009826246124941074
day 0.0010204081632653062 0.40893539297350084 0.0004172810132382662
grasping 0.0010204081632653062 1.6989700043360187 0.0017336428615673661
liberty 0.0010204081632653062 0.958607314841775 0.0009781707294303826
reaching 0.0020408163265306124 0.958607314841775 0.0019563414588607653
toward 0.0010204081632653062 0.8860566476931633 0.0009041394364215952
happiness 0.0010204081632653062 1.3010299956639813 0.0013275816282285525
ennobled 0.0010204081632653062 2.0 0.0020408163265306124
nation 0.0010204081632653062 0.35654732351381263 0.0003638237995038905
negro 0.0020408163265306124 1.5228787452803376 0.0031079158066945668
child 0.005102040816326531 0.5000381344038097 0.0025512149714480093
go 0.0020408163265306124 1.6497519816658373 0.003366840778909872
door 0.0010204081632653062 0.9208187539523752 0.0009396109734207911
segregated 0.0010204081632653062 1.1549019599857433 0.0011784713877405545
school 0.0010204081632653062 0.14874165128092467 0.00015177719518461702
implicitly 0.0010204081632653062 1.6989700043360187 0.0017336428615673661
telling 0.0010204081632653062 1.045757490560675 0.0010670994801639541
fit 0.0010204081632653062 1.3010299956639813 0.0013275816282285525
others 0.0010204081632653062 0.494850021680094 0.0005049490017143817
every 0.0010204081632653062 0.6575773191777938 0.0006709972644671367
time 0.0020408163265306124 0.1023729087095586 0.00020892430348889513
hears 0.0010204081632653062 2.0 0.0020408163265306124
white 0.003061224489795918 0.3872161432802645 0.0011853555406538708
parent 0.0010204081632653062 2.0 0.0020408163265306124
becomes 0.0010204081632653062 1.5228787452803376 0.0015539579033472834
hysterical 0.0010204081632653062 2.0 0.0020408163265306124
thought 0.0020408163265306124 0.7958800173440752 0.0016242449333552557
endure 0.0010204081632653062 1.1549019599857433 0.0011784713877405545
feel 0.0010204081632653062 1.5228787452803376 0.0015539579033472834
pressure 0.0010204081632653062 0.9208187539523752 0.0009396109734207911
inferiority 0.0010204081632653062 1.6989700043360187 0.0017336428615673661
little 0.0010204081632653062 0.6989700043360189 0.0007132346983020601
firmly 0.0010204081632653062 2.0 0.0020408163265306124
plan 0.0020408163265306124 1.5228787452803376 0.0031079158066945668
beyond 0.0010204081632653062 1.045757490560675 0.0010670994801639541
act 0.0020408163265306124 0.4685210829577449 0.0009561654754239693
voting 0.0010204081632653062 0.7958800173440752 0.0008121224666776278
think 0.0010204081632653062 0.585026652029182 0.0005969659714583491
weakness 0.0010204081632653062 1.6989700043360187 0.0017336428615673661
leadership 0.0020408163265306124 0.638272163982407 0.0013025962530253206
long 0.0010204081632653062 0.4559319556497244 0.0004652366894384943
range 0.0010204081632653062 1.2218487496163564 0.0012467844383840373
planning 0.0010204081632653062 1.6989700043360187 0.0017336428615673661
publish 0.0010204081632653062 0.07058107428570728 7.20215043731707e-05
apr 0.0010204081632653062 0.5528419686577808 0.0005641244578140621
comment 0.0020408163265306124 0.07058107428570728 0.0001440430087463414
leader 0.005102040816326531 0.8582367697242121 0.004378759029205165
headed 0.0010204081632653062 0.958607314841775 0.0009781707294303826
historic 0.0020408163265306124 0.6989700043360189 0.0014264693966041203
going 0.0010204081632653062 0.6020599913279624 0.0006143469299264922
lead 0.0020408163265306124 0.5228787452803376 0.0010670994801639543
become 0.0020408163265306124 0.3372421683184259 0.0006882493230988284
one 0.003061224489795918 0.08092190762392613 0.0002477201253793657
prominent 0.003061224489795918 0.7447274948966939 0.002279778045602124
organization 0.0020408163265306124 1.473660722610156 0.0030074708624697063
era 0.0020408163265306124 0.8239087409443188 0.0016814464100904467
devotee 0.0010204081632653062 1.5228787452803376 0.0015539579033472834
nonviolent 0.0020408163265306124 1.0969100130080565 0.002238591863281748
strategy 0.0010204081632653062 1.5228787452803376 0.0015539579033472834
also 0.00510204081632653 0.0861861476162833 0.0004397252429402209
interstate 0.0020408163265306124 1.6989700043360187 0.0034672857231347323
travel 0.004081632653061225 0.8860566476931633 0.003616557745686381
desegregation 0.0020408163265306124 1.3010299956639813 0.002655163256457105
born 0.0010204081632653062 0.09151498112135023 9.338263379729616e-05
mother 0.0010204081632653062 0.21467016498923297 0.00021905118876452346
teacher 0.0010204081632653062 0.6989700043360189 0.0007132346983020601
minister 0.0010204081632653062 0.5376020021010439 0.0005485734715316775
state 0.004081632653061225 0.4930892744484819 0.0020126092834631916
surrounded 0.0010204081632653062 1.045757490560675 0.0010670994801639541
literature 0.0010204081632653062 1.5228787452803376 0.0015539579033472834
learning 0.0010204081632653062 0.958607314841775 0.0009781707294303826
young 0.003061224489795918 0.3010299956639812 0.0009215203948897383
excellent 0.0010204081632653062 1.5228787452803376 0.0015539579033472834
student 0.0010204081632653062 0.6020599913279624 0.0006143469299264922
skipping 0.0010204081632653062 2.0 0.0020408163265306124
grade 0.0010204081632653062 1.3010299956639813 0.0013275816282285525
becoming 0.003061224489795918 0.3372421683184259 0.0010323739846482426
freshman 0.0010204081632653062 2.0 0.0020408163265306124
age 0.0020408163265306124 0.11350927482751813 0.00023165158128064927
continued 0.003061224489795918 0.3372421683184259 0.0010323739846482426
excel 0.0010204081632653062 1.5228787452803376 0.0015539579033472834
part 0.0010204081632653062 0.3372421683184259 0.0003441246615494142
debate 0.0010204081632653062 0.853871964321762 0.0008712979227773083
team 0.0010204081632653062 0.619788758288394 0.000632437508457545
eloquence 0.0010204081632653062 2.0 0.0020408163265306124
storytelling 0.0010204081632653062 1.3979400086720377 0.0014264693966041203
ability 0.0010204081632653062 1.3010299956639813 0.0013275816282285525
later 0.006122448979591836 0.09151498112135023 0.0005602958027837769
heard 0.0010204081632653062 0.958607314841775 0.0009781707294303826
nationally 0.0010204081632653062 1.3979400086720377 0.0014264693966041203
adult 0.0010204081632653062 0.8860566476931633 0.0009041394364215952
orator 0.0010204081632653062 1.6989700043360187 0.0017336428615673661
portrayed 0.0010204081632653062 1.3979400086720377 0.0014264693966041203
directed 0.0010204081632653062 1.0969100130080565 0.001119295931640874
played 0.0010204081632653062 0.6575773191777938 0.0006709972644671367
whitaker 0.0020408163265306124 2.0 0.004081632653061225
forest 0.0010204081632653062 1.5228787452803376 0.0015539579033472834
real 0.0010204081632653062 0.6989700043360189 0.0007132346983020601
relation 0.0010204081632653062 2.0 0.0020408163265306124
two 0.0020408163265306124 0.11918640771920867 0.00024323756677389527
actor 0.0010204081632653062 1.5228787452803376 0.0015539579033472834
previously 0.0020408163265306124 0.7695510786217261 0.0015705124053504616
contemplating 0.0010204081632653062 1.5228787452803376 0.0015539579033472834
career 0.0020408163265306124 0.17392519729917358 0.00035494938224321144
medicine 0.0010204081632653062 1.5228787452803376 0.0015539579033472834
follow 0.0010204081632653062 0.7958800173440752 0.0008121224666776278
dad 0.0010204081632653062 0.958607314841775 0.0009781707294303826
footstep 0.0010204081632653062 1.1549019599857433 0.0011784713877405545
take 0.0010204081632653062 0.48148606012211254 0.0004913123062470537
ministerial 0.0010204081632653062 1.6989700043360187 0.0017336428615673661
work 0.00510204081632653 0.2218487496163564 0.001131881375593655
earning 0.0010204081632653062 0.6989700043360189 0.0007132346983020601
divinity 0.0010204081632653062 1.5228787452803376 0.0015539579033472834
degree 0.0010204081632653062 0.5228787452803376 0.0005335497400819772
learned 0.0010204081632653062 0.6989700043360189 0.0007132346983020601
teaching 0.0020408163265306124 2.677780705266081 0.005464858582175676
mahatma 0.0010204081632653062 1.5228787452803376 0.0015539579033472834
studied 0.0010204081632653062 0.7958800173440752 0.0008121224666776278
much 0.0010204081632653062 0.37675070960209955 0.0003844394995939792
philosophy 0.0010204081632653062 2.0 0.0020408163265306124
apply 0.0010204081632653062 2.0 0.0020408163265306124
idea 0.0010204081632653062 1.2218487496163564 0.0012467844383840373
resistance 0.0010204081632653062 1.2218487496163564 0.0012467844383840373
opting 0.0010204081632653062 2.0 0.0020408163265306124
forge 0.0010204081632653062 1.3979400086720377 0.0014264693966041203
religion 0.0010204081632653062 1.045757490560675 0.0010670994801639541
either 0.0010204081632653062 1.1549019599857433 0.0011784713877405545
conscientious 0.0010204081632653062 1.6989700043360187 0.0017336428615673661
objector 0.0010204081632653062 1.6989700043360187 0.0017336428615673661
world 0.003061224489795918 0.04575749056067514 0.0001400739506959443
war 0.0010204081632653062 0.35654732351381263 0.0003638237995038905
ii 0.0010204081632653062 0.48148606012211254 0.0004913123062470537
worked 0.003061224489795918 0.3098039199714864 0.0009483793468514889
fellowship 0.0010204081632653062 1.3979400086720377 0.0014264693966041203
reconciliation 0.0010204081632653062 1.5228787452803376 0.0015539579033472834
early 0.0010204081632653062 0.07572071393811834 7.7266034630733e-05
living 0.0010204081632653062 0.619788758288394 0.000632437508457545
chicago 0.0020408163265306124 0.638272163982407 0.0013025962530253206
illinois 0.0010204081632653062 1.045757490560675 0.0010670994801639541
tv 0.0010204081632653062 0.5228787452803376 0.0005335497400819772
screenwriter 0.0010204081632653062 1.5228787452803376 0.0015539579033472834
magazine 0.0010204081632653062 0.8239087409443188 0.0008407232050452233
scribe 0.0010204081632653062 2.0 0.0020408163265306124
marriage 0.0010204081632653062 0.5376020021010439 0.0005485734715316775
winnie 0.0010204081632653062 1.5228787452803376 0.0015539579033472834
christie 0.0010204081632653062 1.6989700043360187 0.0017336428615673661
married 0.0010204081632653062 0.24412514432750856 0.0002491072901301108
lula 0.0010204081632653062 2.0 0.0020408163265306124
petersen 0.0010204081632653062 2.0 0.0020408163265306124
committed 0.0010204081632653062 0.9208187539523752 0.0009396109734207911
harmony 0.0010204081632653062 1.5228787452803376 0.0015539579033472834
friend 0.0010204081632653062 0.638272163982407 0.0006512981265126603
george 0.0010204081632653062 0.4685210829577449 0.00047808273771198466
houser 0.0010204081632653062 2.0 0.0020408163265306124
multi 0.0010204081632653062 0.6020599913279624 0.0006143469299264922
group 0.0010204081632653062 0.37675070960209955 0.0003844394995939792
colleague 0.0010204081632653062 1.5228787452803376 0.0015539579033472834
decided 0.0010204081632653062 0.494850021680094 0.0005049490017143817
desegregate 0.0010204081632653062 2.0 0.0020408163265306124
eatery 0.0010204081632653062 2.0 0.0020408163265306124
via 0.0020408163265306124 0.5086383061657272 0.0010380373595218924
sit 0.0010204081632653062 0.958607314841775 0.0009781707294303826
thus 0.0020408163265306124 1.3010299956639813 0.002655163256457105
formed 0.0010204081632653062 0.721246399047171 0.0007359657133134399
committee 0.0010204081632653062 0.638272163982407 0.0006512981265126603
elected 0.0020408163265306124 0.3665315444204135 0.0007480235600416603
national 0.003061224489795918 0.3010299956639812 0.0009215203948897383
chairman 0.0010204081632653062 0.8860566476931633 0.0009041394364215952
developed 0.0010204081632653062 0.7958800173440752 0.0008121224666776278
mostly 0.0010204081632653062 0.8239087409443188 0.0008407232050452233
north 0.0020408163265306124 0.6777807052660807 0.0013832259291144506
based 0.0020408163265306124 0.619788758288394 0.00126487501691509
membership 0.0010204081632653062 1.5228787452803376 0.0015539579033472834
various 0.0010204081632653062 0.958607314841775 0.0009781707294303826
chapter 0.0010204081632653062 2.0 0.0020408163265306124
yet 0.0020408163265306124 0.6777807052660807 0.0013832259291144506
eventually 0.0020408163265306124 0.3979400086720376 0.0008121224666776278
find 0.0010204081632653062 0.7958800173440752 0.0008121224666776278
deeply 0.0010204081632653062 1.0969100130080565 0.001119295931640874
involved 0.0010204081632653062 0.4559319556497244 0.0004652366894384943
south 0.0020408163265306124 0.40893539297350084 0.0008345620264765324
read 0.0010204081632653062 0.0655015487564323 6.683831505758398e-05
next 0.0010204081632653062 0.07058107428570728 7.20215043731707e-05
bella 0.0010204081632653062 0.0655015487564323 6.683831505758398e-05
hadid 0.0010204081632653062 0.0655015487564323 6.683831505758398e-05
sadie 0.0010204081632653062 0.06048074738138145 6.171504834834842e-05
alexander 0.0010204081632653062 0.05551732784983141 5.66503345406443e-05
adrienne 0.0010204081632653062 0.0655015487564323 6.683831505758398e-05
kennedy 0.004081632653061225 0.06048074738138145 0.0002468601933933937
period 0.0010204081632653062 1.3979400086720377 0.0014264693966041203
away 0.0010204081632653062 0.5376020021010439 0.0005485734715316775
making 0.0010204081632653062 0.3979400086720376 0.0004060612333388139
headline 0.0010204081632653062 0.8239087409443188 0.0008407232050452233
historical 0.0010204081632653062 1.5228787452803376 0.0015539579033472834
ruling 0.0010204081632653062 1.5228787452803376 0.0015539579033472834
action 0.0020408163265306124 1.2628073572952627 0.0025771578720311487
director 0.0010204081632653062 0.5686362358410126 0.0005802410569806252
became 0.003061224489795918 0.07572071393811834 0.00023179810389219898
joining 0.0010204081632653062 0.7695510786217261 0.0007852562026752308
rank 0.0010204081632653062 1.2218487496163564 0.0012467844383840373
figure 0.0010204081632653062 0.8239087409443188 0.0008407232050452233
dr 0.0010204081632653062 0.7958800173440752 0.0008121224666776278
martin 0.0010204081632653062 0.5686362358410126 0.0005802410569806252
luther 0.0010204081632653062 0.638272163982407 0.0006512981265126603
king 0.0010204081632653062 0.4685210829577449 0.00047808273771198466
roy 0.0010204081632653062 2.0 0.0020408163265306124
wilkins 0.0010204081632653062 2.0 0.0020408163265306124
launching 0.0010204081632653062 1.1549019599857433 0.0011784713877405545
intention 0.0010204081632653062 1.1549019599857433 0.0011784713877405545
challenging 0.0010204081632653062 1.2218487496163564 0.0012467844383840373
segregation 0.0020408163265306124 0.9208187539523752 0.0018792219468415823
intestate 0.0010204081632653062 2.0 0.0020408163265306124
bus 0.003061224489795918 1.1549019599857433 0.003535414163221663
technically 0.0010204081632653062 1.6989700043360187 0.0017336428615673661
declared 0.0020408163265306124 0.5528419686577808 0.0011282489156281242
illegal 0.0010204081632653062 1.0969100130080565 0.001119295931640874
taken 0.0010204081632653062 0.6989700043360189 0.0007132346983020601
upon 0.0020408163265306124 0.721246399047171 0.0014719314266268798
rider 0.004081632653061225 3.0969100130080562 0.012640449032685946
consisted 0.0010204081632653062 1.6989700043360187 0.0017336428615673661
woman 0.0010204081632653062 0.3979400086720376 0.0004060612333388139
men 0.0010204081632653062 0.6777807052660807 0.0006916129645572253
black 0.0020408163265306124 0.3872161432802645 0.0007902370271025807
traveled 0.0010204081632653062 0.8860566476931633 0.0009041394364215952
route 0.0010204081632653062 2.0 0.0020408163265306124
southern 0.0020408163265306124 0.6575773191777938 0.0013419945289342733
launched 0.0010204081632653062 0.6777807052660807 0.0006916129645572253
may 0.0010204081632653062 0.3098039199714864 0.0003161264489504963
firebombed 0.0010204081632653062 1.6989700043360187 0.0017336428615673661
alabama 0.0010204081632653062 0.7447274948966939 0.0007599260152007081
several 0.0020408163265306124 0.32790214206428253 0.0006691880450291481
mobilized 0.0010204081632653062 2.0 0.0020408163265306124
brutality 0.0010204081632653062 1.3010299956639813 0.0013275816282285525
horrifying 0.0010204081632653062 1.3979400086720377 0.0014264693966041203
beaten 0.0010204081632653062 1.5228787452803376 0.0015539579033472834
badly 0.0010204081632653062 1.3010299956639813 0.0013275816282285525
left 0.0020408163265306124 0.2924298239020636 0.0005967955589838034
paralyzed 0.0010204081632653062 1.6989700043360187 0.0017336428615673661
protester 0.0010204081632653062 1.3979400086720377 0.0014264693966041203
jailed 0.0020408163265306124 1.6989700043360187 0.0034672857231347323
en 0.0010204081632653062 1.3010299956639813 0.0013275816282285525
masse 0.0010204081632653062 2.0 0.0020408163265306124
jackson 0.0010204081632653062 0.5228787452803376 0.0005335497400819772
mississippi 0.0020408163265306124 1.1549019599857433 0.002356942775481109
audience 0.0010204081632653062 1.1549019599857433 0.0011784713877405545
around 0.0010204081632653062 0.4559319556497244 0.0004652366894384943
able 0.0020408163265306124 0.7447274948966939 0.0015198520304014161
see 0.003061224489795918 0.04575749056067514 0.0001400739506959443
television 0.003061224489795918 0.04575749056067514 0.0001400739506959443
violent 0.0010204081632653062 0.958607314841775 0.0009781707294303826
racism 0.0010204081632653062 0.853871964321762 0.0008712979227773083
september 0.0010204081632653062 0.5086383061657272 0.0005190186797609462
commerce 0.0010204081632653062 1.3010299956639813 0.0013275816282285525
commission 0.0010204081632653062 1.2218487496163564 0.0012467844383840373
behest 0.0010204081632653062 1.3979400086720377 0.0014264693966041203
attorney 0.0020408163265306124 0.494850021680094 0.0010098980034287633
general 0.0010204081632653062 0.4559319556497244 0.0004652366894384943
robert 0.003061224489795918 0.5528419686577808 0.001692373373442186
impermissible 0.0010204081632653062 2.0 0.0020408163265306124
public 0.0010204081632653062 0.2596373105057561 0.0002649360311283226
facility 0.0010204081632653062 1.3010299956639813 0.0013275816282285525
mode 0.0010204081632653062 2.0 0.0020408163265306124
transport 0.0010204081632653062 2.0 0.0020408163265306124
helm 0.0010204081632653062 1.3979400086720377 0.0014264693966041203
hiring 0.0010204081632653062 1.5228787452803376 0.0015539579033472834
protest 0.0010204081632653062 0.8239087409443188 0.0008407232050452233
targeted 0.0010204081632653062 1.0969100130080565 0.001119295931640874
three 0.0010204081632653062 0.2076083105017461 0.00021184521479770014
affiliated 0.0010204081632653062 2.0 0.0020408163265306124
worker 0.0010204081632653062 0.958607314841775 0.0009781707294303826
murdered 0.0010204081632653062 1.0969100130080565 0.001119295931640874
resigned 0.0010204081632653062 0.9208187539523752 0.0009396109734207911
leading 0.0010204081632653062 0.5228787452803376 0.0005335497400819772
mid 0.0010204081632653062 0.585026652029182 0.0005969659714583491
book 0.0020408163265306124 0.585026652029182 0.0011939319429166981
published 0.0020408163265306124 0.07058107428570728 0.0001440430087463414
stint 0.0010204081632653062 1.3010299956639813 0.0013275816282285525
lincoln 0.0010204081632653062 0.9208187539523752 0.0009396109734207911
ran 0.0010204081632653062 0.48148606012211254 0.0004913123062470537
unsuccessfully 0.0010204081632653062 1.6989700043360187 0.0017336428615673661
republican 0.0010204081632653062 0.6777807052660807 0.0006916129645572253
ticket 0.0010204081632653062 1.1549019599857433 0.0011784713877405545
democrat 0.0010204081632653062 0.7958800173440752 0.0008121224666776278
shirley 0.0010204081632653062 1.0969100130080565 0.001119295931640874
chisholm 0.0010204081632653062 1.1549019599857433 0.0011784713877405545
administration 0.0010204081632653062 0.6575773191777938 0.0006709972644671367
president 0.003061224489795918 0.16749108729376372 0.0005127278182462154
richard 0.0020408163265306124 0.6777807052660807 0.0013832259291144506
nixon 0.0020408163265306124 0.8860566476931633 0.0018082788728431905
though 0.0010204081632653062 0.3665315444204135 0.00037401178002083015
frustration 0.0010204081632653062 1.3010299956639813 0.0013275816282285525
receiving 0.0010204081632653062 0.619788758288394 0.000632437508457545
honor 0.0010204081632653062 0.958607314841775 0.0009781707294303826
tell 0.0010204081632653062 0.9208187539523752 0.0009396109734207911
story 0.004081632653061225 0.7332980331159121 0.0029930531963914785
new 0.0020408163265306124 0.14266750356873154 0.00029115817054843173
generation 0.0010204081632653062 0.8860566476931633 0.0009041394364215952
releasing 0.0010204081632653062 1.1549019599857433 0.0011784713877405545
acclaimed 0.0010204081632653062 0.7958800173440752 0.0008121224666776278
autobiography 0.0010204081632653062 1.0 0.0010204081632653062
lay 0.0010204081632653062 1.5228787452803376 0.0015539579033472834
bare 0.0010204081632653062 1.6989700043360187 0.0017336428615673661
heart 0.0010204081632653062 0.5228787452803376 0.0005335497400819772
decade 0.0010204081632653062 0.8239087409443188 0.0008407232050452233
received 0.0010204081632653062 0.28399665636520083 0.0002897925064951029
presidential 0.0010204081632653062 0.3665315444204135 0.00037401178002083015
bill 0.0010204081632653062 0.4202164033831899 0.0004287922483501938
clinton 0.0010204081632653062 0.5228787452803376 0.0005335497400819772
pb 0.0010204081632653062 1.3979400086720377 0.0014264693966041203
experience 0.0010204081632653062 0.619788758288394 0.000632437508457545
released 0.0010204081632653062 0.3010299956639812 0.0003071734649632461
documentary 0.0010204081632653062 0.8239087409443188 0.0008407232050452233
focused 0.0010204081632653062 0.6989700043360189 0.0007132346983020601
entitled 0.0010204081632653062 1.045757490560675 0.0010670994801639541
suffering 0.0010204081632653062 0.7958800173440752 0.0008121224666776278
greatly 0.0010204081632653062 1.5228787452803376 0.0015539579033472834
diabetes 0.0010204081632653062 1.3979400086720377 0.0014264693966041203
year 0.0010204081632653062 0.11918640771920867 0.00012161878338694764
died 0.0020408163265306124 0.31875876262441283 0.0006505280869885977
check 0.0010204081632653062 0.07058107428570728 7.20215043731707e-05
strive 0.0010204081632653062 0.07058107428570728 7.20215043731707e-05
accuracy 0.0010204081632653062 0.07058107428570728 7.20215043731707e-05
fairness 0.0010204081632653062 0.07058107428570728 7.20215043731707e-05
something 0.0010204081632653062 0.07058107428570728 7.20215043731707e-05
look 0.0010204081632653062 0.07058107428570728 7.20215043731707e-05
citation 0.0010204081632653062 0.07058107428570728 7.20215043731707e-05
information 0.0010204081632653062 0.07058107428570728 7.20215043731707e-05
article 0.0010204081632653062 0.07058107428570728 7.20215043731707e-05
title 0.0010204081632653062 0.07058107428570728 7.20215043731707e-05
author 0.0020408163265306124 0.06048074738138145 0.00012343009669669685
com 0.0020408163265306124 0.06048074738138145 0.00012343009669669685
editor 0.0010204081632653062 0.1023729087095586 0.00010446215174444756
website 0.0020408163265306124 0.0655015487564323 0.00013367663011516797
url 0.0010204081632653062 0.07058107428570728 7.20215043731707e-05
access 0.0010204081632653062 0.07058107428570728 7.20215043731707e-05
publisher 0.0010204081632653062 0.07058107428570728 7.20215043731707e-05
e 0.0020408163265306124 0.04575749056067514 9.338263379729622e-05
network 0.0020408163265306124 0.04575749056067514 9.338263379729622e-05
last 0.0010204081632653062 0.0655015487564323 6.683831505758398e-05
updated 0.0010204081632653062 0.07058107428570728 7.20215043731707e-05
october 0.0010204081632653062 0.37675070960209955 0.0003844394995939792
original 0.0010204081632653062 0.0655015487564323 6.683831505758398e-05
april 0.0010204081632653062 0.1549019599857432 0.00015806322447524816
receive 0.0010204081632653062 0.05551732784983141 5.66503345406443e-05
shaped 0.0020408163265306124 0.05551732784983141 0.0001133006690812886
sign 0.0010204081632653062 0.05551732784983141 5.66503345406443e-05
person 0.009183673469387756 0.05060999335508724 0.00046478565326100535
gerald 0.0020408163265306124 1.045757490560675 0.0021341989603279083
ford 0.0020408163265306124 0.958607314841775 0.0019563414588607653
th 0.0010204081632653062 0.2076083105017461 0.00021184521479770014
united 0.0010204081632653062 0.18708664335714445 0.00019090473811953518
following 0.0010204081632653062 0.2518119729937996 0.0002569509928508159
resignation 0.0010204081632653062 1.0969100130080565 0.001119295931640874
aftermath 0.0010204081632653062 1.0 0.0010204081632653062
watergate 0.0010204081632653062 1.045757490560675 0.0010670994801639541
amiri 0.0020408163265306124 1.6989700043360187 0.0034672857231347323
baraka 0.0020408163265306124 1.6989700043360187 0.0034672857231347323
poet 0.0010204081632653062 1.2218487496163564 0.0012467844383840373
activist 0.0020408163265306124 0.494850021680094 0.0010098980034287633
scholar 0.0010204081632653062 1.0 0.0010204081632653062
influential 0.0010204081632653062 0.6777807052660807 0.0006916129645572253
nationalist 0.0010204081632653062 1.3010299956639813 0.0013275816282285525
marxist 0.0010204081632653062 1.6989700043360187 0.0017336428615673661
whitney 0.0020408163265306124 1.1549019599857433 0.002356942775481109
head 0.0010204081632653062 0.5228787452803376 0.0005335497400819772
urban 0.0010204081632653062 0.9208187539523752 0.0009396109734207911
league 0.0010204081632653062 0.8239087409443188 0.0008407232050452233
forefront 0.0010204081632653062 1.0969100130080565 0.001119295931640874
integration 0.0010204081632653062 1.1549019599857433 0.0011784713877405545
economic 0.0010204081632653062 0.585026652029182 0.0005969659714583491
empowerment 0.0010204081632653062 1.045757490560675 0.0010670994801639541
r 0.003061224489795918 0.5086383061657272 0.0015570560392828385
stine 0.0020408163265306124 1.6989700043360187 0.0034672857231347323
famous 0.0010204081632653062 0.494850021680094 0.0005049490017143817
writing 0.0010204081632653062 0.853871964321762 0.0008712979227773083
goosebump 0.0010204081632653062 1.6989700043360187 0.0017336428615673661
bestselling 0.0010204081632653062 1.5228787452803376 0.0015539579033472834
horror 0.0010204081632653062 1.3010299956639813 0.0013275816282285525
series 0.004081632653061225 0.37675070960209955 0.0015377579983759167
kid 0.0010204081632653062 0.9208187539523752 0.0009396109734207911
created 0.0020408163265306124 0.721246399047171 0.0014719314266268798
successful 0.0010204081632653062 0.4559319556497244 0.0004652366894384943
fear 0.0010204081632653062 1.045757490560675 0.0010670994801639541
street 0.0010204081632653062 0.8239087409443188 0.0008407232050452233
john 0.00510204081632653 0.37675070960209955 0.0019221974979698956
rockefeller 0.004081632653061225 1.3010299956639813 0.00531032651291421
philanthropist 0.0010204081632653062 0.958607314841775 0.0009781707294303826
son 0.0010204081632653062 0.28399665636520083 0.0002897925064951029
heir 0.0010204081632653062 1.0969100130080565 0.001119295931640874
fortune 0.0010204081632653062 1.0969100130080565 0.001119295931640874
building 0.0010204081632653062 0.853871964321762 0.0008712979227773083
center 0.0010204081632653062 0.585026652029182 0.0005969659714583491
york 0.0010204081632653062 0.3467874862246563 0.00035386478186189425
city 0.0010204081632653062 0.3665315444204135 0.00037401178002083015
ike 0.0020408163265306124 1.5228787452803376 0.0031079158066945668
turner 0.003061224489795918 1.3979400086720377 0.0042794081898123604
made 0.0010204081632653062 0.1804560644581313 0.0001841388412838075
string 0.0010204081632653062 1.1549019599857433 0.0011784713877405545
b 0.0010204081632653062 0.37675070960209955 0.0003844394995939792
hit 0.0010204081632653062 0.5086383061657272 0.0005190186797609462
singer 0.0010204081632653062 0.4202164033831899 0.0004287922483501938
wife 0.0010204081632653062 0.3098039199714864 0.0003161264489504963
tina 0.0010204081632653062 1.3010299956639813 0.0013275816282285525
struggled 0.0010204081632653062 0.853871964321762 0.0008712979227773083
drug 0.0010204081632653062 0.6575773191777938 0.0006709972644671367
addiction 0.0010204081632653062 1.2218487496163564 0.0012467844383840373
accidental 0.0010204081632653062 1.2218487496163564 0.0012467844383840373
cocaine 0.0010204081632653062 1.5228787452803376 0.0015539579033472834
overdose 0.0010204081632653062 1.0969100130080565 0.001119295931640874
junior 0.0020408163265306124 0.853871964321762 0.0017425958455546166
gotti 0.003061224489795918 1.3979400086720377 0.0042794081898123604
mobster 0.0010204081632653062 1.5228787452803376 0.0015539579033472834
allegedly 0.0010204081632653062 0.853871964321762 0.0008712979227773083
served 0.0010204081632653062 0.2676062401770315 0.0002730675920173791
capo 0.0010204081632653062 1.5228787452803376 0.0015539579033472834
gambino 0.0010204081632653062 1.3979400086720377 0.0014264693966041203
family 0.0010204081632653062 0.11918640771920867 0.00012161878338694764
acting 0.0010204081632653062 0.6777807052660807 0.0006916129645572253
bos 0.0010204081632653062 1.045757490560675 0.0010670994801639541
prison 0.0010204081632653062 0.6020599913279624 0.0006143469299264922
f 0.0020408163265306124 0.721246399047171 0.0014719314266268798
vocal 0.0010204081632653062 0.853871964321762 0.0008712979227773083
environmental 0.0010204081632653062 1.0 0.0010204081632653062
radio 0.0010204081632653062 0.8860566476931633 0.0009041394364215952
host 0.0010204081632653062 0.853871964321762 0.0008712979227773083
co 0.0010204081632653062 0.4202164033831899 0.0004287922483501938
founder 0.0010204081632653062 0.7958800173440752 0.0008121224666776278
river 0.0010204081632653062 1.1549019599857433 0.0011784713877405545
alliance 0.0010204081632653062 1.2218487496163564 0.0012467844383840373
frank 0.0020408163265306124 0.853871964321762 0.0017425958455546166
baum 0.0020408163265306124 1.6989700043360187 0.0034672857231347323
writer 0.0010204081632653062 0.6989700043360189 0.0007132346983020601
popular 0.0010204081632653062 0.4685210829577449 0.00047808273771198466
wizard 0.0010204081632653062 1.3979400086720377 0.0014264693966041203
oz 0.0010204081632653062 1.3010299956639813 0.0013275816282285525
ruth 0.0010204081632653062 1.1549019599857433 0.0011784713877405545
plumly 0.0010204081632653062 1.6989700043360187 0.0017336428615673661
thompson 0.0010204081632653062 1.5228787452803376 0.0015539579033472834
write 0.0010204081632653062 1.045757490560675 0.0010670994801639541
loading 0.0010204081632653062 0.04575749056067514 4.669131689864811e-05
logo 0.0010204081632653062 0.04575749056067514 4.669131689864811e-05
registered 0.0010204081632653062 0.04575749056067514 4.669131689864811e-05
trademark 0.0010204081632653062 0.04575749056067514 4.669131689864811e-05
llc 0.0010204081632653062 0.04575749056067514 4.669131689864811e-05
close 0.004081632653061225 0.04575749056067514 0.00018676526759459243
