jimmie 0.017679558011049725 1.3979400086720377 0.024714961479284647
lee 0.017679558011049725 0.7695510786217261 0.013605322936958694
jackson 0.045303867403314914 0.5228787452803376 0.02368842934419209
movie 0.0011049723756906078 0.7447274948966939 0.0008229033092781149
death 0.011049723756906077 0.2365720064370627 0.002614055319746549
killer 0.0011049723756906078 1.3979400086720377 0.0015446850924552905
biography 0.011049723756906077 0.04575749056067514 0.0005056076305046976
skip 0.0011049723756906078 0.04575749056067514 5.056076305046978e-05
main 0.0011049723756906078 0.04575749056067514 5.056076305046978e-05
content 0.0011049723756906078 0.04575749056067514 5.056076305046978e-05
people 0.0055248618784530384 0.04575749056067514 0.0002528038152523488
nostalgia 0.0033149171270718232 0.04575749056067514 0.00015168228915140932
celebrity 0.0033149171270718232 0.04575749056067514 0.00015168228915140932
history 0.0055248618784530384 0.04575749056067514 0.0002528038152523488
culture 0.0033149171270718232 0.04575749056067514 0.00015168228915140932
crime 0.0033149171270718232 0.04575749056067514 0.00015168228915140932
scandal 0.0033149171270718232 0.04575749056067514 0.00015168228915140932
video 0.0033149171270718232 0.04575749056067514 0.00015168228915140932
contact 0.0033149171270718232 0.04575749056067514 0.00015168228915140932
u 0.0066298342541436465 0.20065945054641832 0.0013303388986502871
advertise 0.0022099447513812156 0.04575749056067514 0.00010112152610093956
privacy 0.0033149171270718232 0.04575749056067514 0.00015168228915140932
notice 0.0022099447513812156 0.04575749056067514 0.00010112152610093956
term 0.0022099447513812156 0.04575749056067514 0.00010112152610093956
use 0.0022099447513812156 0.04575749056067514 0.00010112152610093956
copyright 0.0022099447513812156 0.04575749056067514 0.00010112152610093956
policy 0.0022099447513812156 0.04575749056067514 0.00010112152610093956
ad 0.0022099447513812156 0.04575749056067514 0.00010112152610093956
choice 0.0022099447513812156 0.04575749056067514 0.00010112152610093956
accessibility 0.0022099447513812156 0.04575749056067514 0.00010112152610093956
support 0.0033149171270718232 0.04575749056067514 0.00015168228915140932
setting 0.0011049723756906078 0.04575749056067514 5.056076305046978e-05
february 0.0055248618784530384 0.04575749056067514 0.0002528038152523488
subscribe 0.0022099447513812156 0.04575749056067514 0.00010112152610093956
newsletter 0.0033149171270718232 0.04575749056067514 0.00015168228915140932
quick 0.0011049723756906078 0.07058107428570728 7.799013733227324e-05
fact 0.0022099447513812156 0.14116214857141457 0.00031196054932909297
name 0.0077348066298342545 0.05551732784983141 0.0004294157955235579
birth 0.0022099447513812156 0.07058107428570728 0.00015598027466454649
date 0.0055248618784530384 0.07058107428570728 0.0003899506866613662
december 0.0022099447513812156 0.40893539297350084 0.000903724625355803
place 0.0022099447513812156 0.07572071393811834 0.0001673385943383831
marion 0.0033149171270718232 2.0 0.0066298342541436465
alabama 0.0066298342541436465 0.7447274948966939 0.004937419855668689
selma 0.0066298342541436465 1.2218487496163564 0.008100654693589103
aka 0.0011049723756906078 0.853871964321762 0.0009435049329522234
full 0.0011049723756906078 0.3010299956639812 0.0003326298294629627
early 0.0022099447513812156 0.07572071393811834 0.0001673385943383831
life 0.0055248618784530384 0.13679614097137055 0.000755779784372213
shooting 0.004419889502762431 0.958607314841775 0.0042369384081404424
civil 0.016574585635359115 0.3467874862246563 0.005747858887701486
right 0.02430939226519337 0.39848321634998984 0.00968688481734782
martyr 0.0033149171270718232 4.0 0.013259668508287293
james 0.0066298342541436465 0.6020599913279624 0.003991557953555552
fowler 0.013259668508287293 2.0 0.026519337016574586
conviction 0.0022099447513812156 1.045757490560675 0.002311066277482155
cite 0.0011049723756906078 0.07058107428570728 7.799013733227324e-05
page 0.0011049723756906078 0.07058107428570728 7.799013733227324e-05
quote 0.0011049723756906078 0.3872161432802645 0.0004278631417461486
joined 0.0011049723756906078 0.4685210829577449 0.0005177028540969558
rank 0.0011049723756906078 1.2218487496163564 0.001350109115598184
many 0.0033149171270718232 0.28399665636520083 0.0009414253802161353
fallen 0.0011049723756906078 1.3979400086720377 0.0015446850924552905
along 0.0011049723756906078 0.4202164033831899 0.0004643275175504861
way 0.0011049723756906078 0.431798275933005 0.00047712516677680115
building 0.0011049723756906078 0.853871964321762 0.0009435049329522234
great 0.0011049723756906078 0.5228787452803376 0.0005777665693705388
nation 0.0022099447513812156 0.35654732351381263 0.0007879498862183705
bringing 0.0011049723756906078 1.045757490560675 0.0011555331387410775
hour 0.0011049723756906078 1.2218487496163564 0.001350109115598184
murdered 0.004419889502762431 1.0969100130080565 0.004848221051969311
timidity 0.0011049723756906078 2.0 0.0022099447513812156
federal 0.0011049723756906078 0.6020599913279624 0.0006652596589259254
government 0.0011049723756906078 0.494850021680094 0.0005467956040664022
spend 0.0011049723756906078 1.1549019599857433 0.001276134762415186
million 0.0011049723756906078 0.958607314841775 0.0010592346020351106
dollar 0.0011049723756906078 1.2218487496163564 0.001350109115598184
day 0.0033149171270718232 0.7013652168755644 0.0023249675697532522
keep 0.0033149171270718232 0.6575773191777938 0.002179814317716444
troop 0.0011049723756906078 1.0 0.0011049723756906078
south 0.0011049723756906078 0.40893539297350084 0.0004518623126779015
vietnam 0.0022099447513812156 0.9208187539523752 0.0020349585722704427
cannot 0.0011049723756906078 1.045757490560675 0.0011555331387410775
protect 0.0011049723756906078 0.721246399047171 0.0007969573470134487
citizen 0.0011049723756906078 0.721246399047171 0.0007969573470134487
seeking 0.0011049723756906078 0.958607314841775 0.0010592346020351106
vote 0.0022099447513812156 0.638272163982407 0.001410546218745651
brutality 0.0022099447513812156 1.3010299956639813 0.0028752044103071413
every 0.0022099447513812156 0.6575773191777938 0.0014532095451442958
sheriff 0.0022099447513812156 2.0 0.004419889502762431
practice 0.0022099447513812156 1.5228787452803376 0.0033654778901222935
lawlessness 0.0022099447513812156 2.0 0.004419889502762431
law 0.0033149171270718232 0.3665315444204135 0.0012150216942113155
publish 0.0011049723756906078 0.07058107428570728 7.799013733227324e-05
oct 0.0011049723756906078 1.5228787452803376 0.0016827389450611468
comment 0.0022099447513812156 0.07058107428570728 0.00015598027466454649
shot 0.004419889502762431 0.958607314841775 0.0042369384081404424
killed 0.0011049723756906078 0.6989700043360189 0.0007723425462276452
state 0.0077348066298342545 0.4930892744484819 0.00381395018910428
trooper 0.0077348066298342545 2.9208187539523753 0.02259196826261506
inspired 0.004419889502762431 0.6989700043360189 0.003089370184910581
demonstration 0.0022099447513812156 2.045757490560675 0.00452101102886337
led 0.0011049723756906078 0.37675070960209955 0.0004162991266321542
voting 0.0066298342541436465 0.7958800173440752 0.005276552601176189
act 0.0033149171270718232 0.4685210829577449 0.0015531085622908672
became 0.004419889502762431 0.07572071393811834 0.0003346771886767662
part 0.0022099447513812156 0.3372421683184259 0.0007452865598197258
movement 0.0055248618784530384 0.48148606012211254 0.002660143978575207
young 0.0011049723756906078 0.3010299956639812 0.0003326298294629627
man 0.0022099447513812156 0.37675070960209955 0.0008325982532643084
participating 0.0011049723756906078 1.2218487496163564 0.001350109115598184
peaceful 0.0022099447513812156 1.0969100130080565 0.0024241105259846553
protest 0.004419889502762431 0.7447274948966939 0.0032916132371124595
died 0.0033149171270718232 0.31875876262441283 0.001056658881627888
later 0.0033149171270718232 0.09151498112135023 0.0003033645783028184
march 0.0077348066298342545 0.27572413039921095 0.0021326728318171013
violence 0.0022099447513812156 0.8239087409443188 0.0018207927976670029
known 0.0066298342541436465 0.06048074738138145 0.0004009773307052914
bloody 0.004419889502762431 1.1549019599857433 0.005104539049660744
sunday 0.004419889502762431 1.3010299956639813 0.0057504088206142825
made 0.004419889502762431 0.1804560644581313 0.0007975958650083152
american 0.0066298342541436465 0.6552148773673394 0.004343966037794515
favor 0.0011049723756906078 0.7695510786217261 0.0008503326835599184
possible 0.0011049723756906078 0.7695510786217261 0.0008503326835599184
pas 0.0011049723756906078 1.1549019599857433 0.001276134762415186
born 0.0011049723756906078 0.09151498112135023 0.00010112152610093949
small 0.0011049723756906078 0.721246399047171 0.0007969573470134487
town 0.0022099447513812156 0.9208187539523752 0.0020349585722704427
located 0.0011049723756906078 1.6989700043360187 0.0018773149219182528
near 0.0011049723756906078 0.8860566476931633 0.0009790681189979706
fighting 0.0011049723756906078 0.7958800173440752 0.0008794254335293649
war 0.0011049723756906078 0.35654732351381263 0.00039397494310918526
spending 0.0011049723756906078 0.721246399047171 0.0007969573470134487
time 0.0066298342541436465 0.4791236183116582 0.0031765101766518776
indiana 0.0011049723756906078 0.7958800173440752 0.0008794254335293649
returned 0.0011049723756906078 0.5086383061657272 0.0005620312775311904
hometown 0.0011049723756906078 1.1549019599857433 0.001276134762415186
laborer 0.0011049723756906078 2.0 0.0022099447513812156
woodcutter 0.0011049723756906078 2.0 0.0022099447513812156
church 0.0022099447513812156 0.619788758288394 0.0013696989133445171
deacon 0.0011049723756906078 1.6989700043360187 0.0018773149219182528
youngest 0.0011049723756906078 0.5228787452803376 0.0005777665693705388
one 0.0055248618784530384 0.08092190762392613 0.0004470823625631278
baptist 0.0033149171270718232 0.8860566476931633 0.0029372043569939115
fathered 0.0011049723756906078 1.5228787452803376 0.0016827389450611468
daughter 0.0011049723756906078 0.31875876262441283 0.00035221962720929597
also 0.0022099447513812156 0.0861861476162833 0.00019046662456637196
tried 0.0011049723756906078 0.8239087409443188 0.0009103963988335014
first 0.0033149171270718232 0.0655015487564323 0.00021713220582242752
several 0.0011049723756906078 0.32790214206428253 0.0003623228089108095
attempt 0.0011049723756906078 0.7958800173440752 0.0008794254335293649
register 0.0011049723756906078 1.3979400086720377 0.0015446850924552905
voter 0.0011049723756906078 1.045757490560675 0.0011555331387410775
never 0.0011049723756906078 0.431798275933005 0.00047712516677680115
got 0.0011049723756906078 0.5376020021010439 0.0005940353614376176
past 0.0011049723756906078 0.6989700043360189 0.0007723425462276452
hurdle 0.0011049723756906078 1.6989700043360187 0.0018773149219182528
set 0.0033149171270718232 0.494850021680094 0.0016403868121992067
african 0.004419889502762431 0.28399665636520083 0.0012552338402881805
casting 0.0011049723756906078 2.0 0.0022099447513812156
ballot 0.0011049723756906078 1.2218487496163564 0.001350109115598184
took 0.0011049723756906078 0.28399665636520083 0.00031380846007204513
night 0.0033149171270718232 0.638272163982407 0.0021158193281184765
held 0.0022099447513812156 0.48148606012211254 0.001064057591430083
arrest 0.0022099447513812156 0.8860566476931633 0.001958136237995941
orange 0.0011049723756906078 2.0 0.0022099447513812156
field 0.0011049723756906078 1.0 0.0011049723756906078
secretary 0.0011049723756906078 0.638272163982407 0.0007052731093728255
southern 0.0011049723756906078 0.6575773191777938 0.0007266047725721479
christian 0.0011049723756906078 0.9208187539523752 0.0010174792861352214
leadership 0.0011049723756906078 0.638272163982407 0.0007052731093728255
conference 0.0011049723756906078 0.7958800173440752 0.0008794254335293649
however 0.0011049723756906078 0.32790214206428253 0.0003623228089108095
even 0.0011049723756906078 0.3665315444204135 0.0004050072314037719
nonviolent 0.0011049723756906078 1.0969100130080565 0.0012120552629923276
opposed 0.0011049723756906078 0.9208187539523752 0.0010174792861352214
segregationist 0.0011049723756906078 1.6989700043360187 0.0018773149219182528
power 0.0011049723756906078 0.5376020021010439 0.0005940353614376176
streetlight 0.0011049723756906078 2.0 0.0022099447513812156
turned 0.0011049723756906078 0.638272163982407 0.0007052731093728255
cover 0.0011049723756906078 1.0969100130080565 0.0012120552629923276
darkness 0.0011049723756906078 1.5228787452803376 0.0016827389450611468
police 0.0022099447513812156 0.5376020021010439 0.0011880707228752352
attacked 0.0011049723756906078 1.0969100130080565 0.0012120552629923276
protester 0.0011049723756906078 1.3979400086720377 0.0015446850924552905
club 0.0011049723756906078 1.5228787452803376 0.0016827389450611468
sending 0.0011049723756906078 1.6989700043360187 0.0018773149219182528
fleeing 0.0011049723756906078 2.0 0.0022099447513812156
different 0.0011049723756906078 0.7695510786217261 0.0008503326835599184
direction 0.0011049723756906078 1.5228787452803376 0.0016827389450611468
still 0.0011049723756906078 0.431798275933005 0.00047712516677680115
pursued 0.0011049723756906078 1.2218487496163564 0.001350109115598184
officer 0.0011049723756906078 0.8860566476931633 0.0009790681189979706
demonstrator 0.0022099447513812156 1.5228787452803376 0.0033654778901222935
went 0.0011049723756906078 0.32790214206428253 0.0003623228089108095
restaurant 0.0011049723756906078 1.2218487496163564 0.001350109115598184
called 0.0011049723756906078 0.3010299956639812 0.0003326298294629627
mack 0.0011049723756906078 2.0 0.0022099447513812156
caf 0.0011049723756906078 1.6989700043360187 0.0018773149219182528
xe 0.0011049723756906078 0.853871964321762 0.0009435049329522234
stomach 0.0011049723756906078 1.6989700043360187 0.0018773149219182528
bonard 0.0011049723756906078 2.0 0.0022099447513812156
witness 0.0011049723756906078 1.5228787452803376 0.0016827389450611468
recounted 0.0011049723756906078 2.0 0.0022099447513812156
protecting 0.0011049723756906078 1.5228787452803376 0.0016827389450611468
mother 0.0011049723756906078 0.21467016498923297 0.0002372046021980475
year 0.004419889502762431 0.24995468798823245 0.0011047721016054473
old 0.0022099447513812156 0.28399665636520083 0.0006276169201440903
grandfather 0.0011049723756906078 1.0 0.0011049723756906078
admit 0.0011049723756906078 1.3979400086720377 0.0015446850924552905
killing 0.0022099447513812156 1.045757490560675 0.002311066277482155
interview 0.0011049723756906078 0.585026652029182 0.0006464382895350078
anniston 0.0022099447513812156 2.0 0.004419889502762431
star 0.0022099447513812156 0.32790214206428253 0.000724645617821619
claimed 0.0011049723756906078 0.7447274948966939 0.0008229033092781149
acting 0.0011049723756906078 0.6777807052660807 0.0007489289560951169
self 0.0011049723756906078 0.6989700043360189 0.0007723425462276452
defense 0.0011049723756906078 0.7695510786217261 0.0008503326835599184
trying 0.0011049723756906078 1.0 0.0011049723756906078
grabbing 0.0011049723756906078 1.6989700043360187 0.0018773149219182528
gun 0.0011049723756906078 0.8860566476931633 0.0009790681189979706
x 0.0066298342541436465 0.4559319556497244 0.0030227532971252445
c 0.0022099447513812156 0.35654732351381263 0.0007879498862183705
remember 0.0022099447513812156 1.1549019599857433 0.002552269524830372
pulled 0.0033149171270718232 0.958607314841775 0.0031777038061053314
trigger 0.0011049723756906078 2.0 0.0022099447513812156
think 0.0011049723756906078 0.585026652029182 0.0006464382895350078
might 0.0011049723756906078 0.853871964321762 0.0009435049329522234
three 0.0011049723756906078 0.2076083105017461 0.00022940144806822777
told 0.0011049723756906078 0.44369749923271273 0.0004902734798151522
know 0.0011049723756906078 0.4559319556497244 0.0005037922161875408
dead 0.0011049723756906078 0.9208187539523752 0.0010174792861352214
die 0.0011049723756906078 1.0 0.0011049723756906078
heard 0.0011049723756906078 0.958607314841775 0.0010592346020351106
month 0.0033149171270718232 1.016824927962187 0.003370690368935427
read 0.0011049723756906078 0.0655015487564323 7.237740194080917e-05
next 0.0011049723756906078 0.07058107428570728 7.799013733227324e-05
bella 0.0011049723756906078 0.0655015487564323 7.237740194080917e-05
hadid 0.0011049723756906078 0.0655015487564323 7.237740194080917e-05
sadie 0.0011049723756906078 0.06048074738138145 6.682955511754856e-05
alexander 0.0011049723756906078 0.05551732784983141 6.134511364622256e-05
adrienne 0.0011049723756906078 0.0655015487564323 7.237740194080917e-05
kennedy 0.0011049723756906078 0.06048074738138145 6.682955511754856e-05
injured 0.0011049723756906078 1.0969100130080565 0.0012120552629923276
taken 0.0011049723756906078 0.6989700043360189 0.0007723425462276452
local 0.0011049723756906078 0.6989700043360189 0.0007723425462276452
hospital 0.004419889502762431 0.8239087409443188 0.0036415855953340058
sent 0.0022099447513812156 0.853871964321762 0.0018870098659044467
lingered 0.0011049723756906078 1.6989700043360187 0.0018773149219182528
week 0.0022099447513812156 1.5654310959658013 0.003459516234178567
dying 0.0011049723756906078 2.0 0.0022099447513812156
infected 0.0011049723756906078 1.6989700043360187 0.0018773149219182528
wound 0.0011049723756906078 1.5228787452803376 0.0016827389450611468
though 0.0011049723756906078 0.3665315444204135 0.0004050072314037719
al 0.0011049723756906078 0.7447274948966939 0.0008229033092781149
lingo 0.0011049723756906078 2.0 0.0022099447513812156
head 0.0011049723756906078 0.5228787452803376 0.0005777665693705388
warrant 0.0011049723756906078 1.6989700043360187 0.0018773149219182528
faced 0.0011049723756906078 0.7695510786217261 0.0008503326835599184
punishment 0.0011049723756906078 1.2218487496163564 0.001350109115598184
disciplinary 0.0011049723756906078 1.6989700043360187 0.0018773149219182528
action 0.0011049723756906078 0.585026652029182 0.0006464382895350078
allowed 0.0011049723756906078 0.7958800173440752 0.0008794254335293649
continue 0.0011049723756906078 0.6777807052660807 0.0007489289560951169
job 0.0011049723756906078 0.5686362358410126 0.0006283273324210085
xa 0.0077348066298342545 0.17392519729917358 0.0013452777691648785
condemned 0.0011049723756906078 1.3010299956639813 0.0014376022051535706
leader 0.0055248618784530384 0.8582367697242121 0.0047416396117359785
martin 0.0022099447513812156 0.5686362358410126 0.001256654664842017
luther 0.0022099447513812156 0.638272163982407 0.001410546218745651
king 0.0033149171270718232 0.4685210829577449 0.0015531085622908672
jr 0.0022099447513812156 0.32790214206428253 0.000724645617821619
visited 0.0011049723756906078 1.0969100130080565 0.0012120552629923276
john 0.0011049723756906078 0.37675070960209955 0.0004162991266321542
lewis 0.0011049723756906078 0.8860566476931633 0.0009790681189979706
bevel 0.0011049723756906078 2.0 0.0022099447513812156
spoke 0.0011049723756906078 0.7695510786217261 0.0008503326835599184
funeral 0.0011049723756906078 1.0969100130080565 0.0012120552629923276
said 0.0011049723756906078 0.2518119729937996 0.0002782452740262979
hold 0.0011049723756906078 1.0 0.0011049723756906078
montgomery 0.0022099447513812156 1.045757490560675 0.002311066277482155
violent 0.0011049723756906078 0.958607314841775 0.0010592346020351106
response 0.0011049723756906078 0.853871964321762 0.0009435049329522234
awaiting 0.0011049723756906078 2.0 0.0022099447513812156
well 0.0011049723756906078 0.20065945054641826 0.0002217231497750478
arrived 0.0022099447513812156 1.0 0.0022099447513812156
edmund 0.0011049723756906078 1.3979400086720377 0.0015446850924552905
pettus 0.0011049723756906078 1.5228787452803376 0.0016827389450611468
bridge 0.0011049723756906078 1.1549019599857433 0.001276134762415186
used 0.0011049723756906078 0.5086383061657272 0.0005620312775311904
tear 0.0011049723756906078 1.6989700043360187 0.0018773149219182528
gas 0.0011049723756906078 1.0969100130080565 0.0012120552629923276
baton 0.0011049723756906078 2.0 0.0022099447513812156
image 0.0011049723756906078 0.2218487496163564 0.00024513673990757615
came 0.0011049723756906078 0.3010299956639812 0.0003326298294629627
shared 0.0011049723756906078 0.7695510786217261 0.0008503326835599184
across 0.0011049723756906078 0.8239087409443188 0.0009103963988335014
country 0.0011049723756906078 0.27572413039921095 0.0003046675474024431
making 0.0011049723756906078 0.3979400086720376 0.00043971271676468247
public 0.0011049723756906078 0.2596373105057561 0.00028689205580746533
supportive 0.0011049723756906078 1.3979400086720377 0.0015446850924552905
struggle 0.0011049723756906078 0.9208187539523752 0.0010174792861352214
two 0.0011049723756906078 0.11918640771920867 0.0001316976880875234
another 0.0022099447513812156 0.40893539297350084 0.000903724625355803
marcher 0.0011049723756906078 1.5228787452803376 0.0016827389450611468
crowd 0.0011049723756906078 1.2218487496163564 0.001350109115598184
august 0.0011049723756906078 0.494850021680094 0.0005467956040664022
legislation 0.0011049723756906078 0.8239087409443188 0.0009103963988335014
fought 0.0011049723756906078 0.7958800173440752 0.0008794254335293649
discriminatory 0.0011049723756906078 1.5228787452803376 0.0016827389450611468
measure 0.0011049723756906078 1.0 0.0011049723756906078
kept 0.0011049723756906078 0.8860566476931633 0.0009790681189979706
like 0.0011049723756906078 0.2365720064370627 0.00026140553197465496
confessed 0.0011049723756906078 1.6989700043360187 0.0018773149219182528
face 0.0011049723756906078 0.7958800173440752 0.0008794254335293649
immediate 0.0011049723756906078 1.0969100130080565 0.0012120552629923276
repercussion 0.0011049723756906078 2.0 0.0022099447513812156
following 0.0011049723756906078 0.2518119729937996 0.0002782452740262979
fatal 0.0011049723756906078 1.6989700043360187 0.0018773149219182528
arrested 0.0011049723756906078 0.8239087409443188 0.0009103963988335014
charged 0.0011049723756906078 0.7695510786217261 0.0008503326835599184
second 0.0011049723756906078 0.19382002601611284 0.00021416577460343963
degree 0.0011049723756906078 0.5228787452803376 0.0005777665693705388
murder 0.0011049723756906078 0.853871964321762 0.0009435049329522234
initially 0.0011049723756906078 0.7695510786217261 0.0008503326835599184
maintained 0.0011049723756906078 1.0969100130080565 0.0012120552629923276
acted 0.0011049723756906078 1.0969100130080565 0.0012120552629923276
defend 0.0011049723756906078 0.853871964321762 0.0009435049329522234
eventually 0.0011049723756906078 0.3979400086720376 0.00043971271676468247
accepted 0.0011049723756906078 0.619788758288394 0.0006848494566722586
plea 0.0011049723756906078 1.6989700043360187 0.0018773149219182528
bargain 0.0011049723756906078 1.6989700043360187 0.0018773149219182528
misdemeanor 0.0011049723756906078 1.6989700043360187 0.0018773149219182528
manslaughter 0.0011049723756906078 1.3010299956639813 0.0014376022051535706
received 0.0011049723756906078 0.28399665636520083 0.00031380846007204513
six 0.0011049723756906078 0.5686362358410126 0.0006283273324210085
jail 0.0011049723756906078 1.0969100130080565 0.0012120552629923276
sentence 0.0011049723756906078 0.8239087409443188 0.0009103963988335014
served 0.0011049723756906078 0.2676062401770315 0.00029569750295804586
five 0.0011049723756906078 0.48148606012211254 0.0005320287957150415
released 0.0022099447513812156 0.3010299956639812 0.0006652596589259254
july 0.0033149171270718232 0.37675070960209955 0.0012488973798964627
health 0.0011049723756906078 0.5528419686577808 0.0006108751034892605
problem 0.0011049723756906078 0.7958800173440752 0.0008794254335293649
fbi 0.0011049723756906078 1.0 0.0011049723756906078
began 0.0011049723756906078 0.20065945054641826 0.0002217231497750478
investigating 0.0011049723756906078 1.3010299956639813 0.0014376022051535706
role 0.0011049723756906078 0.3665315444204135 0.0004050072314037719
nathan 0.0011049723756906078 1.5228787452803376 0.0016827389450611468
johnson 0.0022099447513812156 0.853871964321762 0.0018870098659044467
black 0.0022099447513812156 0.3872161432802645 0.0008557262834922972
fatally 0.0011049723756906078 2.0 0.0022099447513812156
stopped 0.0011049723756906078 1.1549019599857433 0.001276134762415186
suspicion 0.0011049723756906078 1.5228787452803376 0.0016827389450611468
drunk 0.0011049723756906078 2.0 0.0022099447513812156
driving 0.0011049723756906078 1.3979400086720377 0.0015446850924552905
pancreatic 0.0011049723756906078 1.5228787452803376 0.0016827389450611468
cancer 0.0011049723756906078 0.8239087409443188 0.0009103963988335014
age 0.0011049723756906078 0.11350927482751813 0.0001254246130690808
check 0.0011049723756906078 0.07058107428570728 7.799013733227324e-05
strive 0.0011049723756906078 0.07058107428570728 7.799013733227324e-05
accuracy 0.0011049723756906078 0.07058107428570728 7.799013733227324e-05
fairness 0.0011049723756906078 0.07058107428570728 7.799013733227324e-05
see 0.0022099447513812156 0.04575749056067514 0.00010112152610093956
something 0.0011049723756906078 0.07058107428570728 7.799013733227324e-05
look 0.0011049723756906078 0.07058107428570728 7.799013733227324e-05
citation 0.0011049723756906078 0.07058107428570728 7.799013733227324e-05
information 0.0011049723756906078 0.07058107428570728 7.799013733227324e-05
article 0.0011049723756906078 0.07058107428570728 7.799013733227324e-05
title 0.0011049723756906078 0.07058107428570728 7.799013733227324e-05
author 0.0011049723756906078 0.06048074738138145 6.682955511754856e-05
com 0.0022099447513812156 0.06048074738138145 0.00013365911023509712
editor 0.0011049723756906078 0.1023729087095586 0.00011311923614315868
website 0.0022099447513812156 0.0655015487564323 0.00014475480388161834
url 0.0011049723756906078 0.07058107428570728 7.799013733227324e-05
access 0.0011049723756906078 0.07058107428570728 7.799013733227324e-05
publisher 0.0011049723756906078 0.07058107428570728 7.799013733227324e-05
e 0.0022099447513812156 0.04575749056067514 0.00010112152610093956
television 0.0022099447513812156 0.04575749056067514 0.00010112152610093956
network 0.0022099447513812156 0.04575749056067514 0.00010112152610093956
last 0.0011049723756906078 0.0655015487564323 7.237740194080917e-05
updated 0.0011049723756906078 0.07058107428570728 7.799013733227324e-05
original 0.0011049723756906078 0.0655015487564323 7.237740194080917e-05
published 0.0011049723756906078 0.07058107428570728 7.799013733227324e-05
april 0.0011049723756906078 0.1549019599857432 0.00017116238672457813
receive 0.0011049723756906078 0.05551732784983141 6.134511364622256e-05
story 0.0033149171270718232 0.05551732784983141 0.00018403534093866766
shaped 0.0022099447513812156 0.05551732784983141 0.00012269022729244513
world 0.0011049723756906078 0.04575749056067514 5.056076305046978e-05
sign 0.0011049723756906078 0.05551732784983141 6.134511364622256e-05
person 0.009944751381215469 0.05060999335508724 0.0005033038013213095
jesse 0.0022099447513812156 1.2218487496163564 0.002700218231196368
minister 0.0022099447513812156 0.5376020021010439 0.0011880707228752352
politician 0.0011049723756906078 0.6575773191777938 0.0007266047725721479
twice 0.0011049723756906078 0.958607314841775 0.0010592346020351106
ran 0.0011049723756906078 0.48148606012211254 0.0005320287957150415
president 0.0022099447513812156 0.16749108729376372 0.00037014604926798614
harper 0.0022099447513812156 1.2218487496163564 0.002700218231196368
best 0.0022099447513812156 0.13667713987954408 0.0003020489279105947
writing 0.0011049723756906078 0.853871964321762 0.0009435049329522234
pulitzer 0.0011049723756906078 1.5228787452803376 0.0016827389450611468
prize 0.0011049723756906078 0.853871964321762 0.0009435049329522234
winning 0.0011049723756906078 0.4202164033831899 0.0004643275175504861
bestseller 0.0011049723756906078 1.5228787452803376 0.0016827389450611468
kill 0.0011049723756906078 1.3979400086720377 0.0015446850924552905
mockingbird 0.0011049723756906078 1.5228787452803376 0.0016827389450611468
go 0.0011049723756906078 0.494850021680094 0.0005467956040664022
watchman 0.0011049723756906078 2.0 0.0022099447513812156
portrays 0.0011049723756906078 2.0 0.0022099447513812156
finch 0.0011049723756906078 1.5228787452803376 0.0016827389450611468
family 0.0011049723756906078 0.11918640771920867 0.0001316976880875234
andrew 0.0022099447513812156 0.7447274948966939 0.0016458066185562298
seventh 0.0011049723756906078 1.0 0.0011049723756906078
united 0.0011049723756906078 0.18708664335714445 0.0002067255727703254
founding 0.0011049723756906078 0.6777807052660807 0.0007489289560951169
democratic 0.0011049723756906078 0.3872161432802645 0.0004278631417461486
party 0.0011049723756906078 0.3979400086720376 0.00043971271676468247
individual 0.0011049723756906078 0.8239087409443188 0.0009103963988335014
liberty 0.0011049723756906078 0.958607314841775 0.0010592346020351106
mahalia 0.0022099447513812156 1.5228787452803376 0.0033654778901222935
th 0.0011049723756906078 0.2076083105017461 0.00022940144806822777
century 0.0011049723756906078 0.494850021680094 0.0005467956040664022
recording 0.0011049723756906078 0.8239087409443188 0.0009103963988335014
artist 0.0022099447513812156 0.619788758288394 0.0013696989133445171
queen 0.0011049723756906078 0.9208187539523752 0.0010174792861352214
gospel 0.0011049723756906078 0.958607314841775 0.0010592346020351106
revered 0.0011049723756906078 1.3010299956639813 0.0014376022051535706
greatest 0.0011049723756906078 0.6777807052660807 0.0007489289560951169
musical 0.0022099447513812156 0.48148606012211254 0.001064057591430083
figure 0.0011049723756906078 0.8239087409443188 0.0009103963988335014
michael 0.0022099447513812156 0.494850021680094 0.0010935912081328045
multi 0.0011049723756906078 0.6020599913279624 0.0006652596589259254
talented 0.0011049723756906078 0.7447274948966939 0.0008229033092781149
entertainer 0.0011049723756906078 0.8239087409443188 0.0009103963988335014
enjoyed 0.0011049723756906078 0.6575773191777938 0.0007266047725721479
chart 0.0011049723756906078 0.6777807052660807 0.0007489289560951169
topping 0.0011049723756906078 0.7958800173440752 0.0008794254335293649
career 0.0011049723756906078 0.17392519729917358 0.00019218253845212552
solo 0.0011049723756906078 0.6575773191777938 0.0007266047725721479
selling 0.0011049723756906078 0.6575773191777938 0.0007266047725721479
album 0.0011049723756906078 0.5686362358410126 0.0006283273324210085
thriller 0.0011049723756906078 0.7958800173440752 0.0008794254335293649
number 0.0011049723756906078 0.4685210829577449 0.0005177028540969558
hit 0.0011049723756906078 0.5086383061657272 0.0005620312775311904
bad 0.0011049723756906078 0.6020599913279624 0.0006652596589259254
wall 0.0011049723756906078 0.5528419686577808 0.0006108751034892605
malcolm 0.0022099447513812156 1.2218487496163564 0.002700218231196368
prominent 0.0011049723756906078 0.7447274948966939 0.0008229033092781149
islam 0.0011049723756906078 1.045757490560675 0.0011555331387410775
assassination 0.0011049723756906078 0.7447274948966939 0.0008229033092781149
vigorously 0.0011049723756906078 1.5228787452803376 0.0016827389450611468
supported 0.0011049723756906078 0.6989700043360189 0.0007723425462276452
nationalism 0.0011049723756906078 1.3979400086720377 0.0015446850924552905
fred 0.0022099447513812156 1.0 0.0022099447513812156
shuttlesworth 0.0022099447513812156 1.1549019599857433 0.002552269524830372
top 0.0011049723756906078 0.48148606012211254 0.0005320287957150415
working 0.0011049723756906078 0.35654732351381263 0.00039397494310918526
sclc 0.0011049723756906078 1.0969100130080565 0.0012120552629923276
viola 0.0022099447513812156 2.0 0.004419889502762431
gregg 0.0022099447513812156 1.6989700043360187 0.0037546298438365057
liuzzo 0.0022099447513812156 2.0 0.004419889502762431
activist 0.0011049723756906078 0.494850021680094 0.0005467956040664022
member 0.0011049723756906078 0.5376020021010439 0.0005940353614376176
ku 0.0011049723756906078 1.5228787452803376 0.0016827389450611468
klux 0.0011049723756906078 1.5228787452803376 0.0016827389450611468
klan 0.0011049723756906078 1.5228787452803376 0.0016827389450611468
effort 0.0011049723756906078 0.5376020021010439 0.0005940353614376176
amelia 0.0022099447513812156 2.0 0.004419889502762431
boynton 0.0022099447513812156 2.0 0.004419889502762431
robinson 0.0011049723756906078 0.958607314841775 0.0010592346020351106
pioneer 0.0011049723756906078 0.958607314841775 0.0010592346020351106
championed 0.0011049723756906078 1.1549019599857433 0.001276134762415186
brutally 0.0011049723756906078 1.5228787452803376 0.0016827389450611468
beaten 0.0011049723756906078 1.5228787452803376 0.0016827389450611468
helping 0.0011049723756906078 0.958607314841775 0.0010592346020351106
lead 0.0011049723756906078 0.5228787452803376 0.0005777665693705388
loading 0.0011049723756906078 0.04575749056067514 5.056076305046978e-05
logo 0.0011049723756906078 0.04575749056067514 5.056076305046978e-05
registered 0.0011049723756906078 0.04575749056067514 5.056076305046978e-05
trademark 0.0011049723756906078 0.04575749056067514 5.056076305046978e-05
llc 0.0011049723756906078 0.04575749056067514 5.056076305046978e-05
close 0.004419889502762431 0.04575749056067514 0.0002022430522018791
