lil 0.012466607301869992 1.3979400086720377 0.017427569119687025
na 0.039180765805877114 1.6989700043360187 0.06656694585109958
x 0.01068566340160285 0.4559319556497244 0.004871935412107473
montero 0.01157613535173642 1.6989700043360187 0.019667506728733967
old 0.01157613535173642 0.28399665636520083 0.0032875837335241413
town 0.009795191451469279 0.9208187539523752 0.009019595987066899
road 0.01068566340160285 0.853871964321762 0.009124188398807787
song 0.015138023152270703 1.337242168318426 0.020243202904197007
biography 0.008904719501335707 0.04575749056067514 0.0004074576185278285
skip 0.0008904719501335708 0.04575749056067514 4.074576185278285e-05
main 0.0017809439002671415 0.04575749056067514 8.14915237055657e-05
content 0.0008904719501335708 0.04575749056067514 4.074576185278285e-05
people 0.006233303650934996 0.04575749056067514 0.00028522033296948
nostalgia 0.0026714158504007124 0.04575749056067514 0.00012223728555834856
celebrity 0.0026714158504007124 0.04575749056067514 0.00012223728555834856
history 0.0026714158504007124 0.04575749056067514 0.00012223728555834856
culture 0.0026714158504007124 0.04575749056067514 0.00012223728555834856
crime 0.0026714158504007124 0.04575749056067514 0.00012223728555834856
scandal 0.0026714158504007124 0.04575749056067514 0.00012223728555834856
video 0.007123775601068567 0.8696662315049939 0.006195307081068523
contact 0.0026714158504007124 0.04575749056067514 0.00012223728555834856
u 0.0026714158504007124 0.04575749056067514 0.00012223728555834856
advertise 0.0017809439002671415 0.04575749056067514 8.14915237055657e-05
privacy 0.0026714158504007124 0.04575749056067514 0.00012223728555834856
notice 0.0017809439002671415 0.04575749056067514 8.14915237055657e-05
term 0.0017809439002671415 0.04575749056067514 8.14915237055657e-05
use 0.0017809439002671415 0.04575749056067514 8.14915237055657e-05
copyright 0.0017809439002671415 0.04575749056067514 8.14915237055657e-05
policy 0.0017809439002671415 0.04575749056067514 8.14915237055657e-05
ad 0.0017809439002671415 0.04575749056067514 8.14915237055657e-05
choice 0.0017809439002671415 0.04575749056067514 8.14915237055657e-05
accessibility 0.0017809439002671415 0.04575749056067514 8.14915237055657e-05
support 0.0026714158504007124 0.04575749056067514 0.00012223728555834856
setting 0.0008904719501335708 0.04575749056067514 4.074576185278285e-05
february 0.0008904719501335708 0.04575749056067514 4.074576185278285e-05
subscribe 0.0017809439002671415 0.04575749056067514 8.14915237055657e-05
newsletter 0.0026714158504007124 0.04575749056067514 0.00012223728555834856
photo 0.0017809439002671415 1.0457574905606752 0.0018624354239727074
rich 0.0008904719501335708 2.0 0.0017809439002671415
fury 0.0008904719501335708 1.5228787452803376 0.0013560808061267476
getty 0.0008904719501335708 0.2291479883578558 0.00020404985606220461
image 0.0008904719501335708 0.2218487496163564 0.00019755008870557113
quick 0.0008904719501335708 0.07058107428570728 6.28504668617162e-05
fact 0.0017809439002671415 0.14116214857141457 0.0002514018674468648
name 0.007123775601068566 0.05551732784983141 0.0003954929855731534
birth 0.0017809439002671415 0.07058107428570728 0.0001257009337234324
date 0.003561887800534283 0.07058107428570728 0.0002514018674468648
april 0.0026714158504007124 0.1549019599857432 0.0004138075511640513
age 0.0008904719501335708 0.11350927482751813 0.0001010768253139075
place 0.0008904719501335708 0.07572071393811834 6.742717180598249e-05
lithia 0.0017809439002671415 2.0 0.003561887800534283
spring 0.0017809439002671415 1.5228787452803376 0.002712161612253495
georgia 0.0026714158504007124 0.721246399047171 0.00192674906245905
zodiac 0.0008904719501335708 0.3010299956639812 0.0002680587672876057
sign 0.0017809439002671415 0.05551732784983141 9.887324639328835e-05
taurus 0.0008904719501335708 1.3979400086720377 0.0012448263656919302
cite 0.0008904719501335708 0.07058107428570728 6.28504668617162e-05
page 0.0008904719501335708 0.07058107428570728 6.28504668617162e-05
publish 0.0008904719501335708 0.07058107428570728 6.28504668617162e-05
jan 0.0008904719501335708 0.9208187539523752 0.0008199632715515362
comment 0.0026714158504007124 1.2254830342714507 0.0032737748021499126
american 0.0017809439002671415 0.1023729087095586 0.00018232040731889332
rapper 0.004452359750667854 2.920818753952375 0.013004535859093388
became 0.0026714158504007124 0.07572071393811834 0.00020228151541794748
viral 0.0017809439002671415 1.3010299956639813 0.002317061434842353
hit 0.006233303650934995 0.8751698505861407 0.005455199424846825
first 0.007123775601068566 0.0655015487564323 0.0004666183348632755
album 0.007123775601068567 1.1214782044987934 0.007989159070338689
also 0.0017809439002671415 0.0861861476162833 0.0001534926938847432
success 0.0026714158504007124 0.431798275933005 0.00115351275850313
born 0.0017809439002671415 0.09151498112135023 0.00016298304741113132
lamar 0.0017809439002671415 1.3979400086720377 0.0024896527313838603
hill 0.0017809439002671415 0.8860566476931633 0.0015780171820002908
stage 0.0017809439002671415 0.721246399047171 0.0012844993749727
combine 0.0008904719501335708 1.6989700043360187 0.0015128851329795359
xa 0.01157613535173642 0.17392519729917358 0.002013381625012695
common 0.0008904719501335708 1.0969100130080565 0.0009767675984043245
naming 0.0008904719501335708 1.5228787452803376 0.0013560808061267476
trope 0.0008904719501335708 2.0 0.0017809439002671415
twitter 0.0017809439002671415 1.0969100130080565 0.001953535196808649
account 0.0008904719501335708 1.3010299956639813 0.0011585307174211766
ran 0.0008904719501335708 0.48148606012211254 0.00042874983091906725
devoted 0.0008904719501335708 1.0 0.0008904719501335708
fan 0.0026714158504007124 2.3467874862246565 0.006269245288222591
nicki 0.0017809439002671415 1.6989700043360187 0.0030257702659590717
minaj 0.0026714158504007124 1.6989700043360187 0.004538655398938608
roman 0.0008904719501335708 1.6989700043360187 0.0015128851329795359
numeral 0.0008904719501335708 2.0 0.0017809439002671415
number 0.0008904719501335708 0.4685210829577449 0.0004172048824200756
year 0.004452359750667854 0.24995468798823245 0.0011128881922895478
thought 0.0017809439002671415 0.7958800173440752 0.0014174176622334376
would 0.0026714158504007124 0.2291479883578558 0.0006121495681866138
take 0.0017809439002671415 1.8794260687941502 0.003347152393221995
find 0.0008904719501335708 0.7958800173440752 0.0007087088311167188
fame 0.0017809439002671415 0.48148606012211254 0.0008574996618381345
social 0.003561887800534283 0.5228787452803376 0.0018624354239727074
medium 0.003561887800534283 0.5086383061657272 0.0018117125776161255
savvy 0.0008904719501335708 1.6989700043360187 0.0015128851329795359
make 0.0026714158504007124 0.3872161432802645 0.0010344153426899319
work 0.0017809439002671415 0.2218487496163564 0.00039510017741114226
stand 0.0017809439002671415 2.619788758288394 0.004665696809062144
crowded 0.0008904719501335708 1.6989700043360187 0.0015128851329795359
landscape 0.0008904719501335708 1.6989700043360187 0.0015128851329795359
helped 0.0017809439002671415 0.3372421683184259 0.0006006093825795652
breakthrough 0.0008904719501335708 1.2218487496163564 0.0010880220388391419
created 0.0017809439002671415 0.721246399047171 0.0012844993749727
meaningful 0.0008904719501335708 2.0 0.0017809439002671415
yet 0.0008904719501335708 0.6777807052660807 0.0006035447063811938
still 0.0008904719501335708 0.431798275933005 0.0003845042528343767
attention 0.003561887800534283 0.6777807052660807 0.002414178825524775
grabbing 0.0008904719501335708 1.6989700043360187 0.0015128851329795359
record 0.003561887800534283 1.193820026016113 0.004252252986700313
contains 0.0008904719501335708 1.3979400086720377 0.0012448263656919302
like 0.008904719501335707 0.2365720064370627 0.0021066073591902287
industry 0.0008904719501335708 0.7958800173440752 0.0007087088311167188
baby 0.0008904719501335708 0.8860566476931633 0.0007890085910001454
call 0.004452359750667854 0.6989700043360189 0.0031120659142298258
personal 0.0008904719501335708 0.3372421683184259 0.0003003046912897826
tune 0.0026714158504007124 1.5228787452803376 0.004068242418380243
sun 0.0017809439002671415 1.3010299956639813 0.002317061434842353
go 0.003561887800534283 1.6497519816658373 0.005876231457402804
address 0.0008904719501335708 1.6989700043360187 0.0015128851329795359
young 0.0008904719501335708 0.3010299956639812 0.0002680587672876057
grappled 0.0008904719501335708 2.0 0.0017809439002671415
gay 0.005342831700801425 1.045757490560675 0.005587306271918121
taught 0.0008904719501335708 1.0 0.0008904719501335708
homosexuality 0.0008904719501335708 1.6989700043360187 0.0015128851329795359
wrong 0.0008904719501335708 1.045757490560675 0.0009312177119863535
growing 0.0008904719501335708 0.585026652029182 0.0005209498237125396
conveys 0.0008904719501335708 2.0 0.0017809439002671415
message 0.0017809439002671415 0.9208187539523752 0.0016399265431030724
relationship 0.0026714158504007124 1.677780705266081 0.004482049969544295
become 0.0008904719501335708 0.3372421683184259 0.0003003046912897826
accepted 0.0008904719501335708 0.619788758288394 0.0005519045042639305
society 0.0008904719501335708 0.7695510786217261 0.0006852636497076813
rendered 0.0008904719501335708 1.2218487496163564 0.0010880220388391419
unremarkable 0.0008904719501335708 2.0 0.0017809439002671415
early 0.0008904719501335708 0.07572071393811834 6.742717180598249e-05
life 0.004452359750667854 0.13679614097137055 0.0006090656321076159
mother 0.003561887800534283 0.21467016498923297 0.0007646310418138307
called 0.0008904719501335708 0.3010299956639812 0.0002680587672876057
honor 0.0008904719501335708 0.7695510786217261 0.0006852636497076813
mitsubishi 0.0008904719501335708 2.0 0.0017809439002671415
car 0.0008904719501335708 0.8860566476931633 0.0007890085910001454
liked 0.0008904719501335708 1.5228787452803376 0.0013560808061267476
parent 0.0008904719501335708 0.4559319556497244 0.0004059946176756228
separated 0.0008904719501335708 1.1549019599857433 0.0010284078005215879
sibling 0.0008904719501335708 0.8860566476931633 0.0007890085910001454
went 0.0008904719501335708 0.32790214206428253 0.00029198765989695686
live 0.0026714158504007124 0.431798275933005 0.00115351275850313
great 0.0008904719501335708 0.5228787452803376 0.00046560885599317684
grandmother 0.0008904719501335708 0.6777807052660807 0.0006035447063811938
atlanta 0.0017809439002671415 0.8239087409443188 0.001467335246561565
public 0.0008904719501335708 0.2596373105057561 0.0002311997422134961
housing 0.0008904719501335708 0.9208187539523752 0.0008199632715515362
project 0.0017809439002671415 1.045757490560675 0.001862435423972707
known 0.006233303650934996 0.06048074738138145 0.0003769948634636422
drug 0.0008904719501335708 1.0 0.0008904719501335708
violence 0.0008904719501335708 0.8239087409443188 0.0007336676232807825
four 0.0008904719501335708 0.28399665636520083 0.00025289105642493394
later 0.0017809439002671415 0.09151498112135023 0.00016298304741113132
custody 0.0008904719501335708 1.045757490560675 0.0009312177119863535
battle 0.0008904719501335708 0.721246399047171 0.00064224968748635
resulted 0.0008904719501335708 0.8860566476931633 0.0007890085910001454
older 0.0017809439002671415 0.721246399047171 0.0012844993749727
brother 0.0017809439002671415 0.494850021680094 0.0008813001276582262
moving 0.0008904719501335708 0.8860566476931633 0.0007890085910001454
suburb 0.0008904719501335708 2.0 0.0017809439002671415
father 0.004452359750667854 0.14874165128092467 0.0006622513414110626
stepmother 0.0008904719501335708 1.5228787452803376 0.0013560808061267476
said 0.004452359750667854 0.2518119729937996 0.001121157493293854
aware 0.0008904719501335708 1.3010299956639813 0.0011585307174211766
since 0.0008904719501335708 0.3372421683184259 0.0003003046912897826
got 0.0008904719501335708 0.5376020021010439 0.0004787195032066286
witnessed 0.0008904719501335708 1.5228787452803376 0.0013560808061267476
bullying 0.0008904719501335708 1.3010299956639813 0.0011585307174211766
homophobia 0.0008904719501335708 2.0 0.0017809439002671415
came 0.004452359750667854 0.3010299956639812 0.0013402938364380284
deal 0.0008904719501335708 0.5528419686577808 0.0004922902659463765
decided 0.0026714158504007124 0.494850021680094 0.0013219501914873393
always 0.0008904719501335708 0.638272163982407 0.0005683634585773883
stay 0.0008904719501335708 1.2218487496163564 0.0010880220388391419
closet 0.0008904719501335708 2.0 0.0017809439002671415
gospel 0.0008904719501335708 0.958607314841775 0.0008536129250594612
singer 0.003561887800534283 0.4202164033831899 0.0014967636807949774
attend 0.0008904719501335708 0.7958800173440752 0.0007087088311167188
church 0.0008904719501335708 0.619788758288394 0.0005519045042639305
one 0.0017809439002671415 0.08092190762392613 0.00014411737778081236
point 0.0017809439002671415 0.7447274948966939 0.0013263178893974958
even 0.0017809439002671415 0.3665315444204135 0.0006527721182910303
feeling 0.0008904719501335708 1.3010299956639813 0.0011585307174211766
test 0.0017809439002671415 1.0 0.0017809439002671415
temporary 0.0008904719501335708 0.853871964321762 0.0007603490332339822
going 0.0017809439002671415 0.6020599913279624 0.0010722350691504227
away 0.0008904719501335708 0.5376020021010439 0.0004787195032066286
god 0.0008904719501335708 0.9208187539523752 0.0008199632715515362
tempting 0.0008904719501335708 1.6989700043360187 0.0015128851329795359
kept 0.0008904719501335708 0.8860566476931633 0.0007890085910001454
head 0.0008904719501335708 0.5228787452803376 0.00046560885599317684
high 0.0008904719501335708 0.27572413039921095 0.00024552460409546837
school 0.0017809439002671415 0.14874165128092467 0.00026490053656442504
focus 0.0017809439002671415 0.7695510786217261 0.0013705272994153626
online 0.003561887800534283 1.0969100130080565 0.003907070393617298
superfan 0.0008904719501335708 2.0 0.0017809439002671415
interacted 0.0008904719501335708 2.0 0.0017809439002671415
admirer 0.0008904719501335708 1.6989700043360187 0.0015128851329795359
barbz 0.0008904719501335708 2.0 0.0017809439002671415
learned 0.0008904719501335708 0.6989700043360189 0.0006224131828459651
get 0.0008904719501335708 0.44369749923271273 0.0003951001774111422
enrolled 0.0008904719501335708 1.0 0.0008904719501335708
university 0.0008904719501335708 0.2596373105057561 0.0002311997422134961
west 0.0008904719501335708 0.7695510786217261 0.0006852636497076813
study 0.0008904719501335708 0.853871964321762 0.0007603490332339822
computer 0.0008904719501335708 1.2218487496163564 0.0010880220388391419
science 0.0008904719501335708 0.7958800173440752 0.0007087088311167188
college 0.0017809439002671415 0.40893539297350084 0.0007282909937195028
wrote 0.0008904719501335708 0.5528419686577808 0.0004922902659463765
found 0.0017809439002671415 0.3372421683184259 0.0006006093825795652
loved 0.0008904719501335708 1.045757490560675 0.0009312177119863535
creating 0.0008904719501335708 1.0 0.0008904719501335708
music 0.008904719501335707 0.4559319556497244 0.004059946176756228
drop 0.0008904719501335708 1.3010299956639813 0.0011585307174211766
dismay 0.0008904719501335708 1.5228787452803376 0.0013560808061267476
leaving 0.0008904719501335708 0.5686362358410126 0.0005063546178459596
lived 0.0008904719501335708 0.6020599913279624 0.0005361175345752114
sister 0.0017809439002671415 0.721246399047171 0.0012844993749727
sharing 0.0017809439002671415 1.2218487496163564 0.0021760440776782838
saw 0.0008904719501335708 0.6989700043360189 0.0006224131828459651
popularity 0.0008904719501335708 1.3010299956639813 0.0011585307174211766
country 0.01068566340160285 0.27572413039921095 0.00294629524914562
trap 0.0017809439002671415 2.0 0.003561887800534283
mixed 0.0008904719501335708 1.0969100130080565 0.0009767675984043245
southern 0.0008904719501335708 0.6575773191777938 0.0005855541577718555
style 0.0008904719501335708 0.8239087409443188 0.0007336676232807825
hip 0.003561887800534283 1.1549019599857433 0.0041136312020863515
hop 0.003561887800534283 1.3010299956639813 0.004634122869684706
beat 0.0008904719501335708 1.3979400086720377 0.0012448263656919302
purchased 0.0008904719501335708 1.3010299956639813 0.0011585307174211766
titled 0.0008904719501335708 1.2218487496163564 0.0010880220388391419
genuinely 0.0008904719501335708 1.5228787452803376 0.0013560808061267476
formulated 0.0008904719501335708 2.0 0.0017809439002671415
told 0.0017809439002671415 0.44369749923271273 0.0007902003548222844
rolling 0.0008904719501335708 1.0969100130080565 0.0009767675984043245
stone 0.0008904719501335708 1.0969100130080565 0.0009767675984043245
gotta 0.0017809439002671415 1.6989700043360187 0.0030257702659590717
short 0.0008904719501335708 0.8239087409443188 0.0007336676232807825
catchy 0.0008904719501335708 2.0 0.0017809439002671415
posted 0.0008904719501335708 1.1549019599857433 0.0010284078005215879
soundcloud 0.0008904719501335708 1.6989700043360187 0.0015128851329795359
december 0.0008904719501335708 0.40893539297350084 0.0003641454968597514
ability 0.0008904719501335708 1.3010299956639813 0.0011585307174211766
tiktok 0.0008904719501335708 1.5228787452803376 0.0013560808061267476
spread 0.0008904719501335708 1.2218487496163564 0.0010880220388391419
site 0.0008904719501335708 1.3979400086720377 0.0012448263656919302
march 0.0026714158504007124 0.27572413039921095 0.000736573812286405
made 0.0017809439002671415 0.1804560644581313 0.00032138212726292307
onto 0.0008904719501335708 1.1549019599857433 0.0010284078005215879
three 0.0017809439002671415 0.2076083105017461 0.00036973875423285146
billboard 0.004452359750667854 1.0 0.004452359750667854
chart 0.003561887800534283 1.7235381958267557 0.006139049673470189
hot 0.005342831700801425 0.958607314841775 0.005121677550356768
r 0.0008904719501335708 0.5086383061657272 0.0004529281444040314
b 0.0008904719501335708 0.37675070960209955 0.0003354859390935882
removed 0.0008904719501335708 1.0 0.0008904719501335708
official 0.0008904719501335708 0.721246399047171 0.00064224968748635
reasoning 0.0008904719501335708 1.6989700043360187 0.0015128851329795359
embrace 0.0008904719501335708 1.6989700043360187 0.0015128851329795359
enough 0.0008904719501335708 0.6575773191777938 0.0005855541577718555
element 0.0008904719501335708 1.3010299956639813 0.0011585307174211766
today 0.0008904719501335708 0.7447274948966939 0.0006631589446987479
many 0.0017809439002671415 0.28399665636520083 0.0005057821128498679
wondered 0.0008904719501335708 1.5228787452803376 0.0013560808061267476
black 0.0017809439002671415 0.3872161432802645 0.0006896102284599545
man 0.0017809439002671415 0.37675070960209955 0.0006709718781871764
influenced 0.0008904719501335708 1.0 0.0008904719501335708
decision 0.0017809439002671415 0.585026652029182 0.0010418996474250793
race 0.0008904719501335708 0.619788758288394 0.0005519045042639305
factor 0.0008904719501335708 1.5228787452803376 0.0013560808061267476
amid 0.0008904719501335708 1.3010299956639813 0.0011585307174211766
controversy 0.0008904719501335708 0.8239087409443188 0.0007336676232807825
reached 0.0017809439002671415 0.721246399047171 0.0012844993749727
released 0.0017809439002671415 0.3010299956639812 0.0005361175345752114
remix 0.0008904719501335708 2.0 0.0017809439002671415
billy 0.0008904719501335708 1.1549019599857433 0.0010284078005215879
ray 0.0008904719501335708 1.0969100130080565 0.0009767675984043245
cyrus 0.0026714158504007124 1.5228787452803376 0.004068242418380243
star 0.0026714158504007124 0.32790214206428253 0.0008759629796908705
knew 0.0017809439002671415 0.9208187539523752 0.0016399265431030724
role 0.0008904719501335708 0.3665315444204135 0.00032638605914551516
hannah 0.0008904719501335708 1.5228787452803376 0.0013560808061267476
montana 0.0008904719501335708 1.5228787452803376 0.0013560808061267476
help 0.0017809439002671415 0.4559319556497244 0.0008119892353512456
remixes 0.0008904719501335708 2.0 0.0017809439002671415
others 0.0008904719501335708 0.494850021680094 0.0004406500638291131
set 0.0008904719501335708 0.494850021680094 0.0004406500638291131
staying 0.0008904719501335708 1.6989700043360187 0.0015128851329795359
atop 0.0008904719501335708 2.0 0.0017809439002671415
week 0.0008904719501335708 0.7695510786217261 0.0006852636497076813
coming 0.0008904719501335708 0.8239087409443188 0.0007336676232807825
grew 0.0008904719501335708 0.494850021680094 0.0004406500638291131
stop 0.0008904719501335708 1.0 0.0008904719501335708
hiding 0.0008904719501335708 1.3979400086720377 0.0012448263656919302
sexuality 0.0008904719501335708 1.5228787452803376 0.0013560808061267476
shared 0.0026714158504007124 0.7695510786217261 0.002055790949123044
truth 0.0008904719501335708 0.9208187539523752 0.0008199632715515362
asked 0.0008904719501335708 1.0 0.0008904719501335708
tempted 0.0008904719501335708 2.0 0.0017809439002671415
devil 0.0008904719501335708 2.0 0.0017809439002671415
accept 0.0008904719501335708 1.2218487496163564 0.0010880220388391419
fully 0.0008904719501335708 1.1549019599857433 0.0010284078005215879
son 0.0008904719501335708 0.28399665636520083 0.00025289105642493394
june 0.0008904719501335708 0.28399665636520083 0.00025289105642493394
end 0.0008904719501335708 0.44369749923271273 0.0003951001774111422
pride 0.0017809439002671415 1.6989700043360187 0.0030257702659590717
month 0.0008904719501335708 0.585026652029182 0.0005209498237125396
publicly 0.0017809439002671415 0.619788758288394 0.001103809008527861
appearing 0.0008904719501335708 1.2218487496163564 0.0010880220388391419
concert 0.0008904719501335708 0.853871964321762 0.0007603490332339822
glastonbury 0.0008904719501335708 2.0 0.0017809439002671415
festival 0.0008904719501335708 1.045757490560675 0.0009312177119863535
instructed 0.0008904719501335708 1.6989700043360187 0.0015128851329795359
listen 0.0008904719501335708 1.0969100130080565 0.0009767675984043245
closely 0.0008904719501335708 1.0969100130080565 0.0009767675984043245
c 0.0017809439002671415 0.35654732351381263 0.0006349907809684998
osure 0.0008904719501335708 2.0 0.0017809439002671415
reveal 0.0008904719501335708 2.0 0.0017809439002671415
information 0.0017809439002671415 0.07058107428570728 0.0001257009337234324
could 0.0008904719501335708 0.4202164033831899 0.00037419092019874434
alienate 0.0008904719501335708 1.6989700043360187 0.0015128851329795359
peer 0.0008904719501335708 1.6989700043360187 0.0015128851329795359
mentioned 0.0008904719501335708 1.5228787452803376 0.0013560808061267476
homophobic 0.0008904719501335708 2.0 0.0017809439002671415
including 0.0017809439002671415 0.2365720064370627 0.00042132147183804574
criticism 0.0008904719501335708 0.9208187539523752 0.0008199632715515362
fashion 0.0008904719501335708 0.9208187539523752 0.0008199632715515362
worn 0.0008904719501335708 2.0 0.0017809439002671415
red 0.0008904719501335708 0.8239087409443188 0.0007336676232807825
carpet 0.0008904719501335708 2.0 0.0017809439002671415
behind 0.0008904719501335708 0.6777807052660807 0.0006035447063811938
explained 0.0008904719501335708 1.0 0.0008904719501335708
interview 0.0008904719501335708 0.585026652029182 0.0005209498237125396
honestly 0.0008904719501335708 2.0 0.0017809439002671415
felt 0.0008904719501335708 0.6020599913279624 0.0005361175345752114
kind 0.0017809439002671415 0.7958800173440752 0.0014174176622334376
duty 0.0008904719501335708 0.958607314841775 0.0008536129250594612
especially 0.0008904719501335708 1.0 0.0008904719501335708
wanted 0.0008904719501335708 0.5528419686577808 0.0004922902659463765
move 0.0008904719501335708 0.721246399047171 0.00064224968748635
forward 0.0008904719501335708 0.7695510786217261 0.0006852636497076813
read 0.0008904719501335708 0.0655015487564323 5.8327291857909435e-05
next 0.0017809439002671415 0.07058107428570728 0.0001257009337234324
bella 0.0008904719501335708 0.0655015487564323 5.8327291857909435e-05
hadid 0.0008904719501335708 0.0655015487564323 5.8327291857909435e-05
sadie 0.0008904719501335708 0.06048074738138145 5.3856409066234595e-05
alexander 0.0008904719501335708 0.05551732784983141 4.943662319664418e-05
adrienne 0.0008904719501335708 0.0655015487564323 5.8327291857909435e-05
kennedy 0.0008904719501335708 0.06048074738138145 5.3856409066234595e-05
follow 0.0008904719501335708 0.7958800173440752 0.0007087088311167188
signed 0.0008904719501335708 0.494850021680094 0.0004406500638291131
columbia 0.0008904719501335708 0.8239087409443188 0.0007336676232807825
panini 0.0017809439002671415 2.0 0.003561887800534283
rodeo 0.0008904719501335708 2.0 0.0017809439002671415
received 0.0017809439002671415 0.28399665636520083 0.0005057821128498679
nothing 0.0008904719501335708 0.958607314841775 0.0008536129250594612
height 0.0008904719501335708 1.5228787452803376 0.0013560808061267476
ep 0.0008904719501335708 1.5228787452803376 0.0013560808061267476
perform 0.0008904719501335708 1.1549019599857433 0.0010284078005215879
well 0.0008904719501335708 0.20065945054641826 0.00017868161224079987
hoped 0.0008904719501335708 1.1549019599857433 0.0010284078005215879
admitted 0.0017809439002671415 0.7958800173440752 0.0014174176622334376
feel 0.0026714158504007124 1.5228787452803376 0.004068242418380243
played 0.0008904719501335708 0.6575773191777938 0.0005855541577718555
safe 0.0008904719501335708 1.5228787452803376 0.0013560808061267476
recording 0.0008904719501335708 0.8239087409443188 0.0007336676232807825
matured 0.0008904719501335708 2.0 0.0017809439002671415
working 0.0008904719501335708 0.35654732351381263 0.0003174953904842499
initial 0.0008904719501335708 0.8239087409443188 0.0007336676232807825
covid 0.0008904719501335708 1.045757490560675 0.0009312177119863535
lockdown 0.0008904719501335708 1.6989700043360187 0.0015128851329795359
single 0.0017809439002671415 1.585026652029182 0.002822843547692221
time 0.003561887800534283 0.1023729087095586 0.00036464081463778665
younger 0.0008904719501335708 0.585026652029182 0.0005209498237125396
self 0.0008904719501335708 0.6989700043360189 0.0006224131828459651
know 0.0026714158504007124 0.4559319556497244 0.0012179838530268683
promised 0.0026714158504007124 0.8860566476931633 0.0023670257730004363
never 0.0017809439002671415 0.431798275933005 0.0007690085056687534
come 0.0008904719501335708 0.5528419686577808 0.0004922902659463765
type 0.0008904719501335708 1.3979400086720377 0.0012448263656919302
person 0.008904719501335707 0.05060999335508724 0.00045066779479151594
die 0.0017809439002671415 1.0 0.0017809439002671415
secret 0.0008904719501335708 0.8860566476931633 0.0007890085910001454
open 0.0008904719501335708 0.7447274948966939 0.0006631589446987479
door 0.0008904719501335708 0.9208187539523752 0.0008199632715515362
queer 0.0008904719501335708 2.0 0.0017809439002671415
simply 0.0008904719501335708 1.045757490560675 0.0009312177119863535
exist 0.0008904719501335708 1.3979400086720377 0.0012448263656919302
drew 0.0017809439002671415 0.8239087409443188 0.001467335246561565
visuals 0.0008904719501335708 2.0 0.0017809439002671415
linked 0.0008904719501335708 1.045757490560675 0.0009312177119863535
christian 0.0008904719501335708 0.9208187539523752 0.0008199632715515362
faith 0.0008904719501335708 0.7958800173440752 0.0007087088311167188
idea 0.0008904719501335708 0.8239087409443188 0.0007336676232807825
meant 0.0008904719501335708 0.853871964321762 0.0007603490332339822
denied 0.0008904719501335708 1.045757490560675 0.0009312177119863535
salvation 0.0008904719501335708 2.0 0.0017809439002671415
along 0.0008904719501335708 0.4202164033831899 0.00037419092019874434
tie 0.0008904719501335708 1.5228787452803376 0.0013560808061267476
release 0.0026714158504007124 0.5686362358410126 0.0015190638535378788
satan 0.0008904719501335708 2.0 0.0017809439002671415
shoe 0.0008904719501335708 1.6989700043360187 0.0015128851329795359
ire 0.0008904719501335708 1.5228787452803376 0.0013560808061267476
though 0.0008904719501335708 0.3665315444204135 0.00032638605914551516
love 0.0026714158504007124 0.5086383061657272 0.0013587844332120943
outweighs 0.0008904719501335708 1.6989700043360187 0.0015128851329795359
hate 0.0008904719501335708 1.0 0.0008904719501335708
hundred 0.0008904719501335708 1.3979400086720377 0.0012448263656919302
mastery 0.0008904719501335708 2.0 0.0017809439002671415
allowed 0.0008904719501335708 0.7958800173440752 0.0007087088311167188
swat 0.0008904719501335708 2.0 0.0017809439002671415
back 0.0008904719501335708 0.4202164033831899 0.00037419092019874434
critic 0.0008904719501335708 0.853871964321762 0.0007603490332339822
bringing 0.0008904719501335708 1.045757490560675 0.0009312177119863535
debuted 0.0008904719501335708 1.2218487496163564 0.0010880220388391419
prior 0.0008904719501335708 0.853871964321762 0.0007603490332339822
releasing 0.0008904719501335708 1.1549019599857433 0.0010284078005215879
september 0.0017809439002671415 0.5086383061657272 0.0009058562888080628
sported 0.0008904719501335708 2.0 0.0017809439002671415
prominent 0.0017809439002671415 0.7447274948966939 0.0013263178893974958
pregnancy 0.0008904719501335708 1.6989700043360187 0.0015128851329795359
bump 0.0008904719501335708 1.6989700043360187 0.0015128851329795359
sending 0.0008904719501335708 1.6989700043360187 0.0015128851329795359
child 0.0017809439002671415 0.5000381344038097 0.000890539865367426
world 0.0017809439002671415 0.04575749056067514 8.14915237055657e-05
magazine 0.0008904719501335708 0.8239087409443188 0.0007336676232807825
performs 0.0008904719501335708 2.0 0.0017809439002671415
elton 0.0008904719501335708 2.0 0.0017809439002671415
john 0.0008904719501335708 0.37675070960209955 0.0003354859390935882
miley 0.0008904719501335708 1.6989700043360187 0.0015128851329795359
megan 0.0008904719501335708 1.6989700043360187 0.0015128851329795359
thee 0.0008904719501335708 1.6989700043360187 0.0015128851329795359
stallion 0.0008904719501335708 1.6989700043360187 0.0015128851329795359
jack 0.0008904719501335708 0.853871964321762 0.0007603490332339822
harlow 0.0008904719501335708 2.0 0.0017809439002671415
doja 0.0008904719501335708 1.6989700043360187 0.0015128851329795359
cat 0.0008904719501335708 1.1549019599857433 0.0010284078005215879
accomplishment 0.0008904719501335708 0.8860566476931633 0.0007890085910001454
goal 0.0008904719501335708 1.5228787452803376 0.0013560808061267476
nd 0.0008904719501335708 1.0969100130080565 0.0009767675984043245
grammy 0.0017809439002671415 0.6575773191777938 0.001171108315543711
award 0.0026714158504007124 1.216096420727265 0.0032486992539463894
january 0.0026714158504007124 0.2676062401770315 0.0007148875516750618
best 0.0017809439002671415 0.13667713987954408 0.0002434143185744329
pop 0.0008904719501335708 0.5686362358410126 0.0005063546178459596
duo 0.0008904719501335708 1.3979400086720377 0.0012448263656919302
group 0.0008904719501335708 0.37675070960209955 0.0003354859390935882
performance 0.0017809439002671415 0.8860566476931633 0.0015780171820002908
book 0.0008904719501335708 0.585026652029182 0.0005209498237125396
pony 0.0008904719501335708 2.0 0.0017809439002671415
bestseller 0.0008904719501335708 1.5228787452803376 0.0013560808061267476
performed 0.0008904719501335708 0.7695510786217261 0.0006852636497076813
saturday 0.0008904719501335708 1.1549019599857433 0.0010284078005215879
night 0.0017809439002671415 0.638272163982407 0.0011367269171547766
may 0.0008904719501335708 0.3098039199714864 0.00027587170077603417
pant 0.0008904719501335708 1.6989700043360187 0.0015128851329795359
split 0.0008904719501335708 0.9208187539523752 0.0008199632715515362
tweeted 0.0008904719501335708 1.2218487496163564 0.0010880220388391419
wardrobe 0.0008904719501335708 2.0 0.0017809439002671415
malfunction 0.0008904719501335708 2.0 0.0017809439002671415
planned 0.0008904719501335708 0.7958800173440752 0.0007087088311167188
suicide 0.0008904719501335708 0.958607314841775 0.0008536129250594612
prevention 0.0008904719501335708 1.5228787452803376 0.0013560808061267476
advocate 0.0008904719501335708 0.9208187539523752 0.0008199632715515362
trevor 0.0008904719501335708 1.6989700043360187 0.0015128851329795359
response 0.0008904719501335708 0.853871964321762 0.0007603490332339822
using 0.0008904719501335708 0.7958800173440752 0.0007087088311167188
voice 0.0017809439002671415 0.7447274948966939 0.0013263178893974958
expressing 0.0008904719501335708 2.0 0.0017809439002671415
kid 0.0008904719501335708 1.3010299956639813 0.0011585307174211766
alone 0.0008904719501335708 1.1549019599857433 0.0010284078005215879
worth 0.0008904719501335708 1.3010299956639813 0.0011585307174211766
met 0.0008904719501335708 0.44369749923271273 0.0003951001774111422
gala 0.0008904719501335708 1.6989700043360187 0.0015128851329795359
held 0.0008904719501335708 0.48148606012211254 0.00042874983091906725
court 0.0008904719501335708 0.4202164033831899 0.00037419092019874434
eye 0.0008904719501335708 1.2218487496163564 0.0010880220388391419
catching 0.0008904719501335708 2.0 0.0017809439002671415
outfit 0.0008904719501335708 1.6989700043360187 0.0015128851329795359
say 0.0008904719501335708 1.045757490560675 0.0009312177119863535
intends 0.0008904719501335708 2.0 0.0017809439002671415
start 0.0008904719501335708 0.7695510786217261 0.0006852636497076813
acting 0.0008904719501335708 0.6777807052660807 0.0006035447063811938
right 0.003561887800534283 0.39848321634998984 0.0014193525070346923
seeing 0.0008904719501335708 1.3010299956639813 0.0011585307174211766
dancer 0.0008904719501335708 1.0969100130080565 0.0009767675984043245
yai 0.0008904719501335708 2.0 0.0017809439002671415
ariza 0.0008904719501335708 2.0 0.0017809439002671415
appeared 0.0008904719501335708 0.721246399047171 0.00064224968748635
want 0.0017809439002671415 0.585026652029182 0.0010418996474250793
however 0.0008904719501335708 0.32790214206428253 0.00029198765989695686
finally 0.0008904719501335708 0.7447274948966939 0.0006631589446987479
realized 0.0008904719501335708 1.6989700043360187 0.0015128851329795359
fall 0.0008904719501335708 0.7695510786217261 0.0006852636497076813
focused 0.0008904719501335708 0.6989700043360189 0.0006224131828459651
career 0.0008904719501335708 0.17392519729917358 0.00015487550961636117
lot 0.0017809439002671415 1.0969100130080565 0.001953535196808649
responsibility 0.0017809439002671415 1.0969100130080565 0.001953535196808649
think 0.0008904719501335708 0.585026652029182 0.0005209498237125396
ready 0.0008904719501335708 1.045757490560675 0.0009312177119863535
extra 0.0008904719501335708 1.5228787452803376 0.0013560808061267476
shoulder 0.0008904719501335708 2.0 0.0017809439002671415
happens 0.0008904719501335708 1.3010299956639813 0.0011585307174211766
happen 0.0008904719501335708 1.2218487496163564 0.0010880220388391419
check 0.0008904719501335708 0.07058107428570728 6.28504668617162e-05
strive 0.0008904719501335708 0.07058107428570728 6.28504668617162e-05
accuracy 0.0008904719501335708 0.07058107428570728 6.28504668617162e-05
fairness 0.0008904719501335708 0.07058107428570728 6.28504668617162e-05
see 0.0017809439002671415 0.04575749056067514 8.14915237055657e-05
something 0.0008904719501335708 0.07058107428570728 6.28504668617162e-05
look 0.0008904719501335708 0.07058107428570728 6.28504668617162e-05
citation 0.0008904719501335708 0.07058107428570728 6.28504668617162e-05
article 0.0008904719501335708 0.07058107428570728 6.28504668617162e-05
title 0.0008904719501335708 0.07058107428570728 6.28504668617162e-05
author 0.0008904719501335708 0.06048074738138145 5.3856409066234595e-05
com 0.0017809439002671415 0.06048074738138145 0.00010771281813246919
editor 0.0008904719501335708 0.1023729087095586 9.116020365944666e-05
website 0.0017809439002671415 0.0655015487564323 0.00011665458371581887
url 0.0008904719501335708 0.07058107428570728 6.28504668617162e-05
access 0.0008904719501335708 0.07058107428570728 6.28504668617162e-05
publisher 0.0008904719501335708 0.07058107428570728 6.28504668617162e-05
e 0.0017809439002671415 0.04575749056067514 8.14915237055657e-05
television 0.0026714158504007124 0.04575749056067514 0.00012223728555834856
network 0.0017809439002671415 0.04575749056067514 8.14915237055657e-05
last 0.0008904719501335708 0.0655015487564323 5.8327291857909435e-05
updated 0.0008904719501335708 0.07058107428570728 6.28504668617162e-05
original 0.0008904719501335708 0.0655015487564323 5.8327291857909435e-05
published 0.0008904719501335708 0.07058107428570728 6.28504668617162e-05
receive 0.0008904719501335708 0.05551732784983141 4.943662319664418e-05
story 0.0026714158504007124 0.05551732784983141 0.00014830986958993254
shaped 0.0017809439002671415 0.05551732784983141 9.887324639328835e-05
wayne 0.0017809439002671415 2.0 0.003561887800534283
winning 0.0008904719501335708 0.4202164033831899 0.00037419092019874434
mixtapes 0.0008904719501335708 1.6989700043360187 0.0015128851329795359
milli 0.0008904719501335708 2.0 0.0017809439002671415
lollipop 0.0008904719501335708 2.0 0.0017809439002671415
kim 0.0017809439002671415 1.1549019599857433 0.0020568156010431758
female 0.0008904719501335708 0.6020599913279624 0.0005361175345752114
starting 0.0008904719501335708 0.958607314841775 0.0008536129250594612
mid 0.0008904719501335708 0.585026652029182 0.0005209498237125396
explicit 0.0008904719501335708 1.5228787452803376 0.0013560808061267476
lyric 0.0008904719501335708 1.2218487496163564 0.0010880220388391419
sexy 0.0008904719501335708 1.3010299956639813 0.0011585307174211766
persona 0.0008904719501335708 1.3979400086720377 0.0012448263656919302
guidance 0.0008904719501335708 1.3979400086720377 0.0012448263656919302
icon 0.0008904719501335708 1.0 0.0008904719501335708
biggie 0.0008904719501335708 1.6989700043360187 0.0015128851329795359
small 0.0008904719501335708 1.5228787452803376 0.0013560808061267476
malcolm 0.0017809439002671415 1.2218487496163564 0.0021760440776782838
african 0.0008904719501335708 0.28399665636520083 0.00025289105642493394
civil 0.0008904719501335708 0.3467874862246563 0.00030880452914038855
leader 0.0008904719501335708 0.37675070960209955 0.0003354859390935882
nation 0.0008904719501335708 0.35654732351381263 0.0003174953904842499
islam 0.0008904719501335708 1.045757490560675 0.0009312177119863535
assassination 0.0008904719501335708 0.7447274948966939 0.0006631589446987479
vigorously 0.0008904719501335708 1.5228787452803376 0.0013560808061267476
supported 0.0008904719501335708 0.6989700043360189 0.0006224131828459651
nationalism 0.0008904719501335708 1.3979400086720377 0.0012448263656919302
willie 0.0017809439002671415 1.3010299956639813 0.002317061434842353
nelson 0.0017809439002671415 0.9208187539523752 0.0016399265431030724
songwriter 0.0017809439002671415 0.8860566476931633 0.0015780171820002908
crazy 0.0008904719501335708 1.2218487496163564 0.0010880220388391419
luke 0.0017809439002671415 1.5228787452803376 0.002712161612253495
bryan 0.0017809439002671415 2.0 0.003561887800534283
drink 0.0008904719501335708 2.0 0.0017809439002671415
beer 0.0008904719501335708 1.6989700043360187 0.0015128851329795359
rainey 0.0017809439002671415 2.0 0.003561887800534283
popular 0.0017809439002671415 0.4685210829577449 0.0008344097648401512
entertainer 0.0008904719501335708 0.8239087409443188 0.0007336676232807825
incorporate 0.0008904719501335708 2.0 0.0017809439002671415
authentic 0.0008904719501335708 2.0 0.0017809439002671415
blue 0.0017809439002671415 1.0 0.0017809439002671415
repertoire 0.0008904719501335708 1.6989700043360187 0.0015128851329795359
otis 0.0017809439002671415 1.6989700043360187 0.0030257702659590717
redding 0.0017809439002671415 2.0 0.003561887800534283
soul 0.0008904719501335708 0.853871964321762 0.0007603490332339822
died 0.0008904719501335708 0.31875876262441283 0.0002838457369763249
plane 0.0008904719501335708 1.2218487496163564 0.0010880220388391419
crash 0.0008904719501335708 1.2218487496163564 0.0010880220388391419
sittin 0.0008904719501335708 2.0 0.0017809439002671415
dock 0.0008904719501335708 2.0 0.0017809439002671415
bay 0.0008904719501335708 1.0969100130080565 0.0009767675984043245
bing 0.0017809439002671415 2.0 0.003561887800534283
crosby 0.0017809439002671415 1.6989700043360187 0.0030257702659590717
sang 0.0008904719501335708 1.2218487496163564 0.0010880220388391419
ever 0.0008904719501335708 0.6989700043360189 0.0006224131828459651
holiday 0.0008904719501335708 1.045757490560675 0.0009312177119863535
classic 0.0008904719501335708 1.3010299956639813 0.0011585307174211766
white 0.0008904719501335708 0.3872161432802645 0.00034480511422997726
christmas 0.0008904719501335708 1.045757490560675 0.0009312177119863535
beloved 0.0008904719501335708 1.045757490560675 0.0009312177119863535
crooner 0.0008904719501335708 2.0 0.0017809439002671415
radio 0.0008904719501335708 0.8860566476931633 0.0007890085910001454
movie 0.0008904719501335708 1.1549019599857433 0.0010284078005215879
thomas 0.0017809439002671415 0.853871964321762 0.0015206980664679644
rhett 0.0017809439002671415 2.0 0.003561887800534283
marry 0.0008904719501335708 1.3010299956639813 0.0011585307174211766
happy 0.0008904719501335708 1.045757490560675 0.0009312177119863535
third 0.0008904719501335708 0.4202164033831899 0.00037419092019874434
change 0.0008904719501335708 0.8860566476931633 0.0007890085910001454
topped 0.0008904719501335708 1.3010299956639813 0.0011585307174211766
upon 0.0008904719501335708 0.721246399047171 0.00064224968748635
loading 0.0008904719501335708 0.04575749056067514 4.074576185278285e-05
logo 0.0008904719501335708 0.04575749056067514 4.074576185278285e-05
registered 0.0008904719501335708 0.04575749056067514 4.074576185278285e-05
trademark 0.0008904719501335708 0.04575749056067514 4.074576185278285e-05
llc 0.0008904719501335708 0.04575749056067514 4.074576185278285e-05
close 0.003561887800534283 0.04575749056067514 0.0001629830474111314
