antonin 0.00919732441471572 1.2218487496163564 0.011237739335936388
scalia 0.03177257525083612 1.2218487496163564 0.0388212813423257
dissent 0.0033444816053511705 3.3010299956639813 0.01104023409921064
child 0.004180602006688963 0.5000381344038097 0.0020904604281095722
supreme 0.01839464882943144 0.585026652029182 0.010761359819934787
court 0.026755852842809364 1.7212463990471711 0.046053415359121636
biography 0.008361204013377926 0.04575749056067514 0.00038258771371801957
skip 0.0008361204013377926 0.04575749056067514 3.8258771371801955e-05
main 0.0008361204013377926 0.04575749056067514 3.8258771371801955e-05
content 0.0008361204013377926 0.04575749056067514 3.8258771371801955e-05
people 0.005016722408026756 0.04575749056067514 0.00022955262823081177
nostalgia 0.002508361204013378 0.04575749056067514 0.00011477631411540589
celebrity 0.0033444816053511705 0.04575749056067514 0.00015303508548720782
history 0.004180602006688963 0.04575749056067514 0.00019129385685900978
culture 0.002508361204013378 0.04575749056067514 0.00011477631411540589
crime 0.002508361204013378 0.04575749056067514 0.00011477631411540589
scandal 0.0033444816053511705 0.04575749056067514 0.00015303508548720782
video 0.002508361204013378 0.04575749056067514 0.00011477631411540589
contact 0.002508361204013378 0.04575749056067514 0.00011477631411540589
u 0.015050167224080266 0.20065945054641832 0.00301995828581566
advertise 0.0016722408026755853 0.04575749056067514 7.651754274360391e-05
privacy 0.002508361204013378 0.04575749056067514 0.00011477631411540589
notice 0.0016722408026755853 0.04575749056067514 7.651754274360391e-05
term 0.002508361204013378 0.04575749056067514 0.00011477631411540589
use 0.0016722408026755853 0.04575749056067514 7.651754274360391e-05
copyright 0.0016722408026755853 0.04575749056067514 7.651754274360391e-05
policy 0.002508361204013378 0.04575749056067514 0.00011477631411540589
ad 0.0016722408026755853 0.04575749056067514 7.651754274360391e-05
choice 0.0016722408026755853 0.04575749056067514 7.651754274360391e-05
accessibility 0.0016722408026755853 0.04575749056067514 7.651754274360391e-05
support 0.0016722408026755853 0.04575749056067514 7.651754274360391e-05
setting 0.0008361204013377926 0.04575749056067514 3.8258771371801955e-05
february 0.0033444816053511705 0.04575749056067514 0.00015303508548720782
subscribe 0.0016722408026755853 0.04575749056067514 7.651754274360391e-05
newsletter 0.002508361204013378 0.04575749056067514 0.00011477631411540589
quick 0.0008361204013377926 0.07058107428570728 5.901427615861813e-05
fact 0.0016722408026755853 0.14116214857141457 0.00023605710463447252
name 0.002508361204013378 0.05551732784983141 0.00013925751132900857
birth 0.0016722408026755853 0.07058107428570728 0.00011802855231723626
date 0.004180602006688963 0.07058107428570728 0.00029507138079309063
march 0.0016722408026755853 0.27572413039921095 0.0004610771411358043
death 0.0033444816053511705 0.2365720064370627 0.0007912107238697749
education 0.002508361204013378 0.19382002601611284 0.00048617063381968105
harvard 0.0016722408026755853 0.7447274948966939 0.001245363703840625
law 0.007525083612040134 0.3665315444204135 0.002758180518213814
school 0.007525083612040134 0.14874165128092467 0.0011192933624818747
georgetown 0.0016722408026755853 1.3979400086720377 0.002337692322194043
university 0.0033444816053511705 0.2596373105057561 0.0008683522090493516
place 0.002508361204013378 0.07572071393811834 0.0001899349011825711
trenton 0.0016722408026755853 1.6989700043360187 0.0028410869637726065
new 0.0033444816053511705 0.14266750356873154 0.0004771488413669951
jersey 0.0016722408026755853 1.2218487496163564 0.002043225333806616
shafter 0.0008361204013377926 2.0 0.0016722408026755853
texas 0.002508361204013378 0.619788758288394 0.0015546540759742325
nickname 0.0016722408026755853 0.9208187539523752 0.0015398306922280523
nino 0.0016722408026755853 2.0 0.0033444816053511705
full 0.0008361204013377926 0.3010299956639812 0.0002516973207892819
gregory 0.0016722408026755853 2.0 0.0033444816053511705
cite 0.0008361204013377926 0.07058107428570728 5.901427615861813e-05
page 0.0008361204013377926 0.07058107428570728 5.901427615861813e-05
publish 0.0008361204013377926 0.07058107428570728 5.901427615861813e-05
sep 0.0008361204013377926 1.5228787452803376 0.0012733099876925899
comment 0.0016722408026755853 0.07058107428570728 0.00011802855231723626
best 0.0008361204013377926 0.13667713987954408 0.00011427854504978602
known 0.0016722408026755853 0.06048074738138145 0.00010113837354746062
associate 0.005016722408026756 0.9208187539523752 0.004619492076684157
justice 0.02508361204013378 1.6925039620867872 0.042454112761374264
appointed 0.0033444816053511705 0.6777807052660807 0.00226682510122435
president 0.00919732441471572 0.16749108729376372 0.001540469866414215
ronald 0.002508361204013378 1.0 0.002508361204013378
reagan 0.004180602006688963 1.045757490560675 0.0043718958635479725
lawyer 0.002508361204013378 0.48148606012211254 0.0012077409534835598
practicing 0.0008361204013377926 1.1549019599857433 0.000965637090289083
worked 0.0016722408026755853 0.3098039199714864 0.0005180667558051612
public 0.002508361204013378 0.2596373105057561 0.0006512641567870136
service 0.0016722408026755853 0.5086383061657272 0.0008505657293741258
role 0.0033444816053511705 0.9863203027088074 0.003298730109394005
xa 0.00919732441471572 0.17392519729917358 0.0015996464634539377
richard 0.0016722408026755853 0.6777807052660807 0.001133412550612175
nixon 0.0016722408026755853 0.8860566476931633 0.0014817000797544535
general 0.005016722408026756 0.4559319556497244 0.0022872840584434334
counsel 0.0016722408026755853 0.958607314841775 0.0016030222656216973
assistant 0.0016722408026755853 0.8860566476931633 0.0014817000797544535
attorney 0.0033444816053511705 0.494850021680094 0.0016550167949167024
became 0.004180602006688963 0.07572071393811834 0.00031655816863761845
part 0.0008361204013377926 0.3372421683184259 0.0002819750571224297
appeal 0.0016722408026755853 1.045757490560675 0.001748758345419189
nominated 0.0033444816053511705 0.853871964321762 0.002855759077999204
serving 0.0016722408026755853 0.48148606012211254 0.0008051606356557065
capacity 0.0008361204013377926 1.3979400086720377 0.0011688461610970214
background 0.0008361204013377926 0.7958800173440752 0.0006654515195184575
family 0.0033444816053511705 0.11918640771920867 0.00039861674822477816
life 0.0033444816053511705 0.13679614097137055 0.00045751217716177443
born 0.0016722408026755853 0.09151498112135023 0.00015303508548720774
salvadore 0.0016722408026755853 2.0 0.0033444816053511705
eugene 0.0008361204013377926 1.6989700043360187 0.0014205434818863032
catherine 0.0008361204013377926 1.2218487496163564 0.001021612666903308
panaro 0.0008361204013377926 2.0 0.0016722408026755853
father 0.002508361204013378 0.14874165128092467 0.00037309778749395825
emigrated 0.0008361204013377926 1.6989700043360187 0.0014205434818863032
sicily 0.0008361204013377926 1.5228787452803376 0.0012733099876925899
teenager 0.0008361204013377926 0.958607314841775 0.0008015111328108487
came 0.0008361204013377926 0.3010299956639812 0.0002516973207892819
elli 0.0008361204013377926 2.0 0.0016722408026755853
island 0.0008361204013377926 0.958607314841775 0.0008015111328108487
got 0.0008361204013377926 0.5376020021010439 0.00044950000175672565
college 0.002508361204013378 0.40893539297350084 0.0010257576746826944
professor 0.0008361204013377926 0.8860566476931633 0.0007408500398772268
romance 0.0008361204013377926 1.5228787452803376 0.0012733099876925899
language 0.0008361204013377926 1.5228787452803376 0.0012733099876925899
brooklyn 0.0008361204013377926 1.2218487496163564 0.001021612666903308
mother 0.0008361204013377926 0.21467016498923297 0.00017949010450604762
first 0.005016722408026756 0.0655015487564323 0.00032860308740685103
generation 0.0016722408026755853 1.0 0.0016722408026755853
italian 0.0016722408026755853 1.3010299956639813 0.002175635444254149
american 0.004180602006688963 0.6552148773673394 0.002739192631134362
elementary 0.0016722408026755853 0.8860566476931633 0.0014817000797544535
teacher 0.0008361204013377926 0.6989700043360189 0.0005844230805485107
early 0.0008361204013377926 0.07572071393811834 6.33116337275237e-05
acquired 0.0008361204013377926 1.5228787452803376 0.0012733099876925899
partly 0.0008361204013377926 1.6989700043360187 0.0014205434818863032
remembrance 0.0008361204013377926 2.0 0.0016722408026755853
grandfather 0.0008361204013377926 1.0 0.0008361204013377926
named 0.0008361204013377926 0.494850021680094 0.0004137541987291756
young 0.0008361204013377926 0.3010299956639812 0.0002516973207892819
boy 0.0008361204013377926 0.7958800173440752 0.0006654515195184575
enjoyed 0.0008361204013377926 0.6575773191777938 0.0005498138120215668
immediate 0.0016722408026755853 1.0969100130080565 0.001834297680615479
well 0.0008361204013377926 0.20065945054641826 0.0001677754603230922
extended 0.0008361204013377926 1.3979400086720377 0.0011688461610970214
rare 0.0008361204013377926 1.3010299956639813 0.0010878177221270745
occurrence 0.0008361204013377926 2.0 0.0016722408026755853
catholic 0.0016722408026755853 1.2218487496163564 0.002043225333806616
clan 0.0008361204013377926 2.0 0.0016722408026755853
time 0.0016722408026755853 0.1023729087095586 0.0001711921550327067
admitted 0.0008361204013377926 0.7958800173440752 0.0006654515195184575
center 0.0008361204013377926 0.585026652029182 0.0004891527190879449
much 0.002508361204013378 0.37675070960209955 0.000945026863550417
attention 0.0016722408026755853 0.6777807052660807 0.001133412550612175
gave 0.0008361204013377926 0.6020599913279624 0.0005033946415785638
secure 0.0008361204013377926 0.958607314841775 0.0008015111328108487
feeling 0.0008361204013377926 0.8239087409443188 0.0006888869071440792
growing 0.0008361204013377926 0.585026652029182 0.0004891527190879449
also 0.0033444816053511705 0.0861861476162833 0.00028824798533874017
meant 0.0016722408026755853 0.853871964321762 0.001427879538999602
everyone 0.0008361204013377926 1.0 0.0008361204013377926
expectation 0.0008361204013377926 1.5228787452803376 0.0012733099876925899
put 0.0016722408026755853 0.6777807052660807 0.001133412550612175
squarely 0.0008361204013377926 2.0 0.0016722408026755853
major 0.0008361204013377926 0.4202164033831899 0.00035135150784547646
influence 0.0016722408026755853 0.6989700043360189 0.0011688461610970214
providing 0.0008361204013377926 1.0969100130080565 0.0009171488403077395
core 0.0008361204013377926 1.045757490560675 0.0008743791727095945
value 0.0008361204013377926 1.2218487496163564 0.001021612666903308
conservatism 0.0016722408026755853 1.6989700043360187 0.0028410869637726065
hard 0.0008361204013377926 0.638272163982407 0.0005336723779117116
work 0.0016722408026755853 0.2218487496163564 0.00037098453113103074
discipline 0.0008361204013377926 1.2218487496163564 0.001021612666903308
exhibited 0.0008361204013377926 2.0 0.0016722408026755853
adult 0.0008361204013377926 0.8860566476931633 0.0007408500398772268
grew 0.0008361204013377926 0.494850021680094 0.0004137541987291756
multi 0.0008361204013377926 0.6020599913279624 0.0005033946415785638
ethnic 0.0008361204013377926 1.6989700043360187 0.0014205434818863032
neighborhood 0.0008361204013377926 0.7958800173440752 0.0006654515195184575
queen 0.0008361204013377926 1.5228787452803376 0.0012733099876925899
york 0.0008361204013377926 0.3467874862246563 0.0002899560921610839
city 0.0008361204013377926 0.3665315444204135 0.00030646450202375714
attended 0.0008361204013377926 0.5376020021010439 0.00044950000175672565
straight 0.0008361204013377926 1.2218487496163564 0.001021612666903308
student 0.0008361204013377926 0.6020599913279624 0.0005033946415785638
went 0.0016722408026755853 0.32790214206428253 0.0005483313412446196
xavier 0.0008361204013377926 2.0 0.0016722408026755853
high 0.0033444816053511705 0.27572413039921095 0.0009221542822716085
manhattan 0.0008361204013377926 1.1549019599857433 0.000965637090289083
military 0.0008361204013377926 0.5528419686577808 0.00046224244871051907
run 0.0008361204013377926 0.4559319556497244 0.0003812140097405722
jesuit 0.0008361204013377926 2.0 0.0016722408026755853
order 0.0016722408026755853 0.494850021680094 0.0008275083974583512
church 0.0008361204013377926 0.619788758288394 0.0005182180253247441
deep 0.0008361204013377926 0.8860566476931633 0.0007408500398772268
religious 0.0008361204013377926 0.958607314841775 0.0008015111328108487
conviction 0.0008361204013377926 1.045757490560675 0.0008743791727095945
developed 0.0008361204013377926 0.7958800173440752 0.0006654515195184575
self 0.0008361204013377926 0.6989700043360189 0.0005844230805485107
described 0.0008361204013377926 0.6989700043360189 0.0005844230805485107
cool 0.0008361204013377926 1.2218487496163564 0.001021612666903308
kid 0.0008361204013377926 1.3010299956639813 0.0010878177221270745
spent 0.0008361204013377926 0.48148606012211254 0.00040258031782785327
absorbed 0.0008361204013377926 2.0 0.0016722408026755853
continued 0.0008361204013377926 0.3372421683184259 0.0002819750571224297
receive 0.0016722408026755853 0.05551732784983141 9.283834088600571e-05
academic 0.0008361204013377926 1.3010299956639813 0.0010878177221270745
mark 0.0008361204013377926 1.2218487496163564 0.001021612666903308
finished 0.0008361204013377926 1.045757490560675 0.0008743791727095945
class 0.0008361204013377926 0.44369749923271273 0.0003709845311310307
enrolled 0.0008361204013377926 1.0 0.0008361204013377926
washington 0.0008361204013377926 0.3979400086720376 0.00033272575975922875
c 0.0033444816053511705 0.35654732351381263 0.0011924659649291392
graduated 0.0008361204013377926 0.6575773191777938 0.0005498138120215668
valedictorian 0.0008361204013377926 1.3010299956639813 0.0010878177221270745
summa 0.0008361204013377926 1.5228787452803376 0.0012733099876925899
cum 0.0008361204013377926 1.0 0.0008361204013377926
laude 0.0008361204013377926 1.0 0.0008361204013377926
bachelor 0.0008361204013377926 2.0 0.0016722408026755853
degree 0.0008361204013377926 0.5228787452803376 0.00043718958635479734
graduation 0.0008361204013377926 1.045757490560675 0.0008743791727095945
study 0.0008361204013377926 0.853871964321762 0.000713939769499801
final 0.0008361204013377926 0.6989700043360189 0.0005844230805485107
year 0.0016722408026755853 0.1307682802690238 0.00021867605396157824
met 0.0008361204013377926 0.44369749923271273 0.0003709845311310307
maureen 0.0008361204013377926 1.5228787452803376 0.0012733099876925899
mccarthy 0.0008361204013377926 1.6989700043360187 0.0014205434818863032
undergraduate 0.0008361204013377926 1.3010299956639813 0.0010878177221270745
radcliffe 0.0008361204013377926 1.6989700043360187 0.0014205434818863032
couple 0.0008361204013377926 0.40893539297350084 0.0003419192248942315
married 0.0008361204013377926 0.24412514432750856 0.000204118013651763
september 0.0016722408026755853 0.5086383061657272 0.0008505657293741258
nine 0.0008361204013377926 0.8239087409443188 0.0006888869071440792
together 0.0008361204013377926 0.431798275933005 0.0003610353477700711
legal 0.005852842809364548 0.5086383061657272 0.00297698005280944
career 0.0033444816053511705 0.17392519729917358 0.0005816896230741591
began 0.0008361204013377926 0.20065945054641826 0.0001677754603230922
office 0.002508361204013378 1.7166987712964505 0.004306100596897451
jones 0.0008361204013377926 1.0 0.0008361204013377926
day 0.0016722408026755853 0.2924298239020636 0.0004890130834482669
cockley 0.0008361204013377926 2.0 0.0016722408026755853
reavis 0.0008361204013377926 2.0 0.0016722408026755853
cleveland 0.0008361204013377926 1.1549019599857433 0.000965637090289083
ohio 0.0008361204013377926 1.0 0.0008361204013377926
highly 0.0008361204013377926 0.9208187539523752 0.0007699153461140261
regarded 0.0008361204013377926 1.3010299956639813 0.0010878177221270745
would 0.0033444816053511705 0.2291479883578558 0.0007663812319660729
likely 0.0008361204013377926 1.0969100130080565 0.0009171488403077395
made 0.002508361204013378 0.1804560644581313 0.000452648991115714
partner 0.0008361204013377926 0.8860566476931633 0.0007408500398772268
like 0.0008361204013377926 0.2365720064370627 0.00019780268096744372
longed 0.0008361204013377926 2.0 0.0016722408026755853
teach 0.0008361204013377926 1.1549019599857433 0.000965637090289083
took 0.0008361204013377926 0.28399665636520083 0.0002374553982986629
professorial 0.0008361204013377926 2.0 0.0016722408026755853
position 0.002508361204013378 0.619788758288394 0.0015546540759742325
virginia 0.0008361204013377926 0.8239087409443188 0.0006888869071440792
moved 0.0008361204013377926 0.3872161432802645 0.00032375931712396697
charlottesville 0.0008361204013377926 1.3010299956639813 0.0010878177221270745
entered 0.0008361204013377926 0.721246399047171 0.0006030488286347584
telecommunication 0.0008361204013377926 1.6989700043360187 0.0014205434818863032
helped 0.0008361204013377926 0.3372421683184259 0.0002819750571224297
formulate 0.0008361204013377926 1.6989700043360187 0.0014205434818863032
regulation 0.0008361204013377926 1.2218487496163564 0.001021612666903308
cable 0.0008361204013377926 1.6989700043360187 0.0014205434818863032
television 0.002508361204013378 0.04575749056067514 0.00011477631411540589
industry 0.0008361204013377926 0.7958800173440752 0.0006654515195184575
aftermath 0.0008361204013377926 1.0 0.0008361204013377926
watergate 0.0008361204013377926 1.045757490560675 0.0008743791727095945
council 0.0008361204013377926 0.7695510786217261 0.0006434373567071289
testified 0.0008361204013377926 1.6989700043360187 0.0014205434818863032
congressional 0.0008361204013377926 0.721246399047171 0.0006030488286347584
committee 0.0008361204013377926 1.0969100130080565 0.0009171488403077395
behalf 0.0016722408026755853 1.5228787452803376 0.0025466199753851797
gerald 0.0008361204013377926 1.045757490560675 0.0008743791727095945
ford 0.0008361204013377926 0.958607314841775 0.0008015111328108487
administration 0.0016722408026755853 0.6575773191777938 0.0010996276240431335
executive 0.0008361204013377926 0.5528419686577808 0.00046224244871051907
privilege 0.0008361204013377926 1.2218487496163564 0.001021612666903308
later 0.002508361204013378 0.09151498112135023 0.0002295526282308116
argued 0.0008361204013377926 1.1549019599857433 0.000965637090289083
case 0.006688963210702341 1.4814860601221125 0.009909605753325166
alfred 0.0008361204013377926 1.5228787452803376 0.0012733099876925899
dunhill 0.0008361204013377926 2.0 0.0016722408026755853
london 0.0008361204013377926 1.0 0.0008361204013377926
inc 0.0008361204013377926 1.3010299956639813 0.0010878177221270745
v 0.004180602006688963 0.8860566476931633 0.003704250199386134
republic 0.0008361204013377926 1.3010299956639813 0.0010878177221270745
cuba 0.0008361204013377926 1.0 0.0008361204013377926
government 0.0016722408026755853 0.494850021680094 0.0008275083974583512
brief 0.0008361204013377926 1.0969100130080565 0.0009171488403077395
stint 0.0008361204013377926 1.3010299956639813 0.0010878177221270745
conservative 0.005852842809364548 2.2218487496163566 0.013004131477687704
enterprise 0.0008361204013377926 1.5228787452803376 0.0012733099876925899
institute 0.0008361204013377926 0.853871964321762 0.000713939769499801
teaching 0.0008361204013377926 1.1549019599857433 0.000965637090289083
post 0.0008361204013377926 0.6989700043360189 0.0005844230805485107
chicago 0.0008361204013377926 0.638272163982407 0.0005336723779117116
accepted 0.0008361204013377926 0.619788758288394 0.0005182180253247441
appointment 0.0008361204013377926 0.958607314841775 0.0008015111328108487
district 0.0016722408026755853 0.721246399047171 0.0012060976572695167
columbia 0.0008361204013377926 0.8239087409443188 0.0006888869071440792
built 0.0016722408026755853 1.0969100130080565 0.001834297680615479
record 0.0016722408026755853 0.494850021680094 0.0008275083974583512
praise 0.0008361204013377926 1.0969100130080565 0.0009171488403077395
circle 0.0008361204013377926 2.0 0.0016722408026755853
powerful 0.0008361204013377926 0.721246399047171 0.0006030488286347584
witty 0.0008361204013377926 2.0 0.0016722408026755853
writing 0.0008361204013377926 0.853871964321762 0.000713939769499801
often 0.0008361204013377926 0.5376020021010439 0.00044950000175672565
critical 0.0008361204013377926 1.0969100130080565 0.0009171488403077395
bound 0.0008361204013377926 1.3979400086720377 0.0011688461610970214
follow 0.0008361204013377926 0.7958800173440752 0.0006654515195184575
lower 0.0008361204013377926 0.958607314841775 0.0008015111328108487
judge 0.0016722408026755853 1.8068754016455384 0.003021530771982506
drew 0.0008361204013377926 0.8239087409443188 0.0006888869071440792
official 0.0008361204013377926 1.045757490560675 0.0008743791727095945
short 0.0008361204013377926 0.8239087409443188 0.0006888869071440792
list 0.0008361204013377926 0.958607314841775 0.0008015111328108487
nomination 0.0008361204013377926 0.5086383061657272 0.0004252828646870629
confirmed 0.0016722408026755853 0.8860566476931633 0.0014817000797544535
upon 0.0016722408026755853 0.721246399047171 0.0012060976572695167
retirement 0.0016722408026755853 1.1549019599857433 0.001931274180578166
chief 0.002508361204013378 0.5686362358410126 0.0014263450731797976
warren 0.0008361204013377926 1.045757490560675 0.0008743791727095945
burger 0.0008361204013377926 2.0 0.0016722408026755853
read 0.0008361204013377926 0.0655015487564323 5.476718123447517e-05
next 0.0008361204013377926 0.07058107428570728 5.901427615861813e-05
bella 0.0008361204013377926 0.0655015487564323 5.476718123447517e-05
hadid 0.0008361204013377926 0.0655015487564323 5.476718123447517e-05
sadie 0.0008361204013377926 0.06048074738138145 5.056918677373031e-05
alexander 0.0008361204013377926 0.05551732784983141 4.6419170443002855e-05
adrienne 0.0008361204013377926 0.0655015487564323 5.476718123447517e-05
kennedy 0.002508361204013378 0.06048074738138145 0.00015170756032119092
considered 0.0016722408026755853 0.721246399047171 0.0012060976572695167
one 0.002508361204013378 0.08092190762392613 0.00020298137363861072
prominent 0.0008361204013377926 0.7447274948966939 0.0006226818519203125
thinker 0.0008361204013377926 1.6989700043360187 0.0014205434818863032
blunt 0.0008361204013377926 2.0 0.0016722408026755853
say 0.0016722408026755853 0.721246399047171 0.0012060976572695167
scathing 0.0008361204013377926 1.6989700043360187 0.0014205434818863032
earned 0.0008361204013377926 0.40893539297350084 0.0003419192248942315
reputation 0.0008361204013377926 0.7958800173440752 0.0006654515195184575
combative 0.0008361204013377926 1.6989700043360187 0.0014205434818863032
insulting 0.0008361204013377926 2.0 0.0016722408026755853
yet 0.0008361204013377926 0.6777807052660807 0.0005667062753060875
many 0.002508361204013378 0.28399665636520083 0.0007123661948959888
knew 0.0008361204013377926 0.9208187539523752 0.0007699153461140261
personally 0.0008361204013377926 1.5228787452803376 0.0012733099876925899
unpretentious 0.0008361204013377926 2.0 0.0016722408026755853
charming 0.0008361204013377926 2.0 0.0016722408026755853
funny 0.0008361204013377926 1.5228787452803376 0.0012733099876925899
closest 0.0008361204013377926 1.3010299956639813 0.0010878177221270745
friend 0.0008361204013377926 0.5686362358410126 0.00047544835772659916
ruth 0.002508361204013378 1.1549019599857433 0.002896911270867249
bader 0.002508361204013378 1.3979400086720377 0.0035065384832910647
ginsburg 0.002508361204013378 1.3979400086720377 0.0035065384832910647
whose 0.0016722408026755853 0.7695510786217261 0.0012868747134142577
political 0.0016722408026755853 0.3098039199714864 0.0005180667558051612
view 0.005016722408026756 1.812479279163537 0.009092705413863898
vastly 0.0008361204013377926 2.0 0.0016722408026755853
different 0.0016722408026755853 0.7695510786217261 0.0012868747134142577
photo 0.0008361204013377926 0.12493873660829993 0.0001044638265955685
wikimedia 0.0008361204013377926 1.3010299956639813 0.0010878177221270745
common 0.0016722408026755853 2.3979400086720375 0.004009933124869628
adhered 0.0008361204013377926 2.0 0.0016722408026755853
judicial 0.002508361204013378 1.1549019599857433 0.002896911270867249
philosophy 0.002508361204013378 1.2218487496163564 0.003064838000709924
originalism 0.0008361204013377926 2.0 0.0016722408026755853
hold 0.0008361204013377926 1.0 0.0008361204013377926
constitution 0.005852842809364548 0.853871964321762 0.004997578386498607
interpreted 0.0008361204013377926 1.6989700043360187 0.0014205434818863032
theoretically 0.0008361204013377926 1.6989700043360187 0.0014205434818863032
ratified 0.0008361204013377926 1.3979400086720377 0.0011688461610970214
two 0.0008361204013377926 0.11918640771920867 9.965418705619454e-05
century 0.0016722408026755853 2.494850021680094 0.004171990002809522
ago 0.0008361204013377926 1.045757490560675 0.0008743791727095945
direct 0.0008361204013377926 1.0969100130080565 0.0009171488403077395
conflict 0.0008361204013377926 1.0969100130080565 0.0009171488403077395
commonly 0.0008361204013377926 1.6989700043360187 0.0014205434818863032
held 0.0016722408026755853 0.48148606012211254 0.0008051606356557065
living 0.0008361204013377926 0.619788758288394 0.0005182180253247441
document 0.0008361204013377926 1.3010299956639813 0.0010878177221270745
allowing 0.0016722408026755853 1.1549019599857433 0.001931274180578166
take 0.0016722408026755853 1.8794260687941502 0.0031428529578497494
account 0.0008361204013377926 1.3010299956639813 0.0010878177221270745
contemporary 0.0008361204013377926 0.7958800173440752 0.0006654515195184575
society 0.0008361204013377926 0.7695510786217261 0.0006434373567071289
supposed 0.0016722408026755853 1.2218487496163564 0.002043225333806616
facilitate 0.0008361204013377926 2.0 0.0016722408026755853
change 0.002508361204013378 0.5686362358410126 0.0014263450731797976
impede 0.0008361204013377926 1.6989700043360187 0.0014205434818863032
citizen 0.0008361204013377926 0.721246399047171 0.0006030488286347584
basic 0.0008361204013377926 1.2218487496163564 0.001021612666903308
fundamental 0.0008361204013377926 1.6989700043360187 0.0014205434818863032
right 0.004180602006688963 0.39848321634998984 0.0016658997339046397
responsibility 0.0008361204013377926 1.1549019599857433 0.000965637090289083
abhorred 0.0008361204013377926 2.0 0.0016722408026755853
activism 0.0008361204013377926 0.958607314841775 0.0008015111328108487
believed 0.0008361204013377926 0.6020599913279624 0.0005033946415785638
implementing 0.0008361204013377926 1.3010299956639813 0.0010878177221270745
legislature 0.0016722408026755853 1.045757490560675 0.001748758345419189
represented 0.0008361204013377926 1.0969100130080565 0.0009171488403077395
critic 0.0016722408026755853 0.853871964321762 0.001427879538999602
interpretation 0.0008361204013377926 2.0 0.0016722408026755853
impediment 0.0008361204013377926 1.5228787452803376 0.0012733099876925899
toward 0.0008361204013377926 0.8860566476931633 0.0007408500398772268
progress 0.0008361204013377926 1.0 0.0008361204013377926
point 0.0008361204013377926 0.7447274948966939 0.0006226818519203125
example 0.0008361204013377926 1.5228787452803376 0.0012733099876925899
founder 0.0016722408026755853 1.5228787452803376 0.0025466199753851797
repugnant 0.0008361204013377926 1.6989700043360187 0.0014205434818863032
today 0.0008361204013377926 0.7447274948966939 0.0006226818519203125
standard 0.0008361204013377926 1.2218487496163564 0.001021612666903308
racial 0.0008361204013377926 0.6989700043360189 0.0005844230805485107
gender 0.0008361204013377926 1.2218487496163564 0.001021612666903308
equality 0.0008361204013377926 0.8239087409443188 0.0006888869071440792
opponent 0.0008361204013377926 1.1549019599857433 0.000965637090289083
stress 0.0008361204013377926 1.3979400086720377 0.0011688461610970214
interpreting 0.0008361204013377926 2.0 0.0016722408026755853
original 0.002508361204013378 0.0655015487564323 0.00016430154370342551
form 0.0008361204013377926 0.7447274948966939 0.0006226818519203125
progressive 0.0008361204013377926 1.045757490560675 0.0008743791727095945
declared 0.0008361204013377926 0.5528419686577808 0.00046224244871051907
unconstitutional 0.0008361204013377926 1.1549019599857433 0.000965637090289083
adhere 0.0008361204013377926 2.0 0.0016722408026755853
intent 0.0008361204013377926 1.3979400086720377 0.0011688461610970214
reason 0.0008361204013377926 1.0969100130080565 0.0009171488403077395
oftentimes 0.0008361204013377926 2.0 0.0016722408026755853
accused 0.0008361204013377926 0.8239087409443188 0.0006888869071440792
personal 0.0016722408026755853 0.3372421683184259 0.0005639501142448594
judgment 0.0008361204013377926 1.5228787452803376 0.0012733099876925899
course 0.0008361204013377926 0.853871964321762 0.000713939769499801
characterized 0.0008361204013377926 1.3010299956639813 0.0010878177221270745
anchor 0.0008361204013377926 1.0969100130080565 0.0009171488403077395
majority 0.0033444816053511705 0.7447274948966939 0.00249072740768125
quarter 0.0008361204013377926 2.0 0.0016722408026755853
especially 0.0008361204013377926 1.0 0.0008361204013377926
socially 0.0008361204013377926 1.5228787452803376 0.0012733099876925899
politically 0.0008361204013377926 1.045757490560675 0.0008743791727095945
group 0.0008361204013377926 0.853871964321762 0.000713939769499801
puzzled 0.0008361204013377926 2.0 0.0016722408026755853
pleased 0.0008361204013377926 2.0 0.0016722408026755853
liberal 0.0008361204013377926 1.6989700043360187 0.0014205434818863032
voting 0.0008361204013377926 0.7958800173440752 0.0006654515195184575
uphold 0.0008361204013377926 1.3979400086720377 0.0011688461610970214
free 0.0008361204013377926 0.6989700043360189 0.0005844230805485107
speech 0.0016722408026755853 0.7447274948966939 0.001245363703840625
flag 0.0008361204013377926 1.3010299956639813 0.0010878177221270745
burning 0.0008361204013377926 1.5228787452803376 0.0012733099876925899
striking 0.0008361204013377926 1.3979400086720377 0.0011688461610970214
prohibition 0.0008361204013377926 1.6989700043360187 0.0014205434818863032
hate 0.0008361204013377926 1.0 0.0008361204013377926
keeping 0.0008361204013377926 1.045757490560675 0.0008743791727095945
strove 0.0008361204013377926 1.6989700043360187 0.0014205434818863032
limit 0.0008361204013377926 1.1549019599857433 0.000965637090289083
abortion 0.0008361204013377926 1.2218487496163564 0.001021612666903308
rejecting 0.0008361204013377926 2.0 0.0016722408026755853
notion 0.0008361204013377926 1.3979400086720377 0.0011688461610970214
religiously 0.0008361204013377926 1.6989700043360187 0.0014205434818863032
motivated 0.0008361204013377926 1.5228787452803376 0.0012733099876925899
stressing 0.0008361204013377926 2.0 0.0016722408026755853
issue 0.0008361204013377926 0.6989700043360189 0.0005844230805485107
decided 0.0008361204013377926 0.494850021680094 0.0004137541987291756
apology 0.0008361204013377926 1.3010299956639813 0.0010878177221270745
accusation 0.0008361204013377926 1.3979400086720377 0.0011688461610970214
bush 0.002508361204013378 0.7447274948966939 0.001868045555760938
gore 0.0008361204013377926 1.1549019599857433 0.000965637090289083
handed 0.0016722408026755853 1.5228787452803376 0.0025466199753851797
election 0.0008361204013377926 0.44369749923271273 0.0003709845311310307
george 0.0016722408026755853 0.4685210829577449 0.0007834800718356938
w 0.0016722408026755853 0.6989700043360189 0.0011688461610970214
telling 0.0008361204013377926 1.045757490560675 0.0008743791727095945
thing 0.0008361204013377926 0.7447274948966939 0.0006226818519203125
confounded 0.0008361204013377926 2.0 0.0016722408026755853
observer 0.0008361204013377926 1.6989700043360187 0.0014205434818863032
recusal 0.0008361204013377926 2.0 0.0016722408026755853
withdrew 0.0008361204013377926 1.3010299956639813 0.0010878177221270745
topic 0.0008361204013377926 1.0969100130080565 0.0009171488403077395
interest 0.0008361204013377926 0.7695510786217261 0.0006434373567071289
pledge 0.0008361204013377926 1.1549019599857433 0.000965637090289083
allegiance 0.0008361204013377926 1.5228787452803376 0.0012733099876925899
elk 0.0008361204013377926 2.0 0.0016722408026755853
grove 0.0008361204013377926 2.0 0.0016722408026755853
newdow 0.0008361204013377926 2.0 0.0016722408026755853
refused 0.0008361204013377926 0.7447274948966939 0.0006226818519203125
recuse 0.0008361204013377926 1.6989700043360187 0.0014205434818863032
cheney 0.0016722408026755853 1.6989700043360187 0.0028410869637726065
dc 0.0008361204013377926 1.3979400086720377 0.0011688461610970214
even 0.0008361204013377926 0.3665315444204135 0.00030646450202375714
though 0.0008361204013377926 0.3665315444204135 0.00030646450202375714
close 0.004180602006688963 0.04575749056067514 0.00019129385685900978
relationship 0.0008361204013377926 0.5228787452803376 0.00043718958635479734
vice 0.0008361204013377926 0.5376020021010439 0.00044950000175672565
dick 0.0008361204013377926 1.5228787452803376 0.0012733099876925899
affordable 0.0016722408026755853 1.0969100130080565 0.001834297680615479
care 0.002508361204013378 0.5376020021010439 0.0013485000052701772
act 0.0016722408026755853 0.4685210829577449 0.0007834800718356938
june 0.0016722408026755853 0.28399665636520083 0.0004749107965973258
decision 0.004180602006688963 0.585026652029182 0.002445763595439724
king 0.0008361204013377926 0.4685210829577449 0.0003917400359178469
burwell 0.0008361204013377926 1.6989700043360187 0.0014205434818863032
upholding 0.0008361204013377926 2.0 0.0016722408026755853
key 0.0008361204013377926 0.958607314841775 0.0008015111328108487
component 0.0008361204013377926 1.6989700043360187 0.0014205434818863032
obamacare 0.0016722408026755853 1.2218487496163564 0.002043225333806616
headline 0.0008361204013377926 0.8239087409443188 0.0006888869071440792
voicing 0.0008361204013377926 1.6989700043360187 0.0014205434818863032
called 0.0008361204013377926 0.3010299956639812 0.0002516973207892819
allowed 0.0008361204013377926 0.7958800173440752 0.0006654515195184575
federal 0.0008361204013377926 0.6020599913279624 0.0005033946415785638
provide 0.0008361204013377926 0.958607314841775 0.0008015111328108487
nationwide 0.0008361204013377926 1.3010299956639813 0.0010878177221270745
tax 0.0008361204013377926 0.7958800173440752 0.0006654515195184575
subsidy 0.0008361204013377926 1.1549019599857433 0.000965637090289083
help 0.0008361204013377926 0.4559319556497244 0.0003812140097405722
buy 0.0008361204013377926 1.1549019599857433 0.000965637090289083
health 0.0016722408026755853 0.5528419686577808 0.0009244848974210381
insurance 0.0008361204013377926 1.0 0.0008361204013377926
x 0.004180602006688963 0.4559319556497244 0.0019060700487028611
interpretive 0.0016722408026755853 2.0 0.0033444816053511705
jiggery 0.0008361204013377926 2.0 0.0016722408026755853
pokery 0.0008361204013377926 2.0 0.0016722408026755853
word 0.0008361204013377926 0.7447274948966939 0.0006226818519203125
longer 0.0008361204013377926 0.8239087409443188 0.0006888869071440792
meaning 0.0008361204013377926 1.3010299956639813 0.0010878177221270745
dissenting 0.0008361204013377926 1.5228787452803376 0.0012733099876925899
opinion 0.0016722408026755853 1.045757490560675 0.001748758345419189
wrote 0.0016722408026755853 0.5528419686577808 0.0009244848974210381
start 0.0008361204013377926 0.7695510786217261 0.0006434373567071289
calling 0.0008361204013377926 0.7958800173440752 0.0006654515195184575
scotuscare 0.0008361204013377926 2.0 0.0016722408026755853
referring 0.0008361204013377926 1.3979400086720377 0.0011688461610970214
acronym 0.0008361204013377926 1.5228787452803376 0.0012733099876925899
used 0.0008361204013377926 0.5086383061657272 0.0004252828646870629
refer 0.0008361204013377926 2.0 0.0016722408026755853
united 0.002508361204013378 0.18708664335714445 0.0004692808779861483
state 0.002508361204013378 0.20065945054641826 0.0005033263809692765
scotus 0.0008361204013377926 1.6989700043360187 0.0014205434818863032
added 0.0008361204013377926 0.853871964321762 0.000713939769499801
reflects 0.0008361204013377926 1.6989700043360187 0.0014205434818863032
endure 0.0008361204013377926 1.1549019599857433 0.000965637090289083
whatever 0.0008361204013377926 1.0969100130080565 0.0009171488403077395
distortion 0.0008361204013377926 2.0 0.0016722408026755853
correct 0.0008361204013377926 2.0 0.0016722408026755853
flaw 0.0008361204013377926 2.0 0.0016722408026755853
statutory 0.0008361204013377926 1.5228787452803376 0.0012733099876925899
machinery 0.0008361204013377926 2.0 0.0016722408026755853
ignores 0.0008361204013377926 2.0 0.0016722408026755853
give 0.0008361204013377926 0.721246399047171 0.0006030488286347584
congress 0.0008361204013377926 0.4202164033831899 0.00035135150784547646
legislative 0.0008361204013377926 0.8239087409443188 0.0006888869071440792
power 0.0008361204013377926 1.1549019599857433 0.000965637090289083
enumerated 0.0008361204013377926 2.0 0.0016722408026755853
ruling 0.002508361204013378 0.9208187539523752 0.0023097460383420783
highest 0.0008361204013377926 1.0 0.0008361204013377926
announced 0.0008361204013377926 0.40893539297350084 0.0003419192248942315
landmark 0.0008361204013377926 1.2218487496163564 0.001021612666903308
guaranteeing 0.0008361204013377926 1.5228787452803376 0.0012733099876925899
sex 0.0016722408026755853 0.7958800173440752 0.001330903039036915
marriage 0.0016722408026755853 0.5376020021010439 0.0008990000035134513
voted 0.0008361204013377926 0.853871964321762 0.000713939769499801
along 0.0008361204013377926 0.4202164033831899 0.00035135150784547646
fellow 0.0008361204013377926 0.6020599913279624 0.0005033946415785638
john 0.002508361204013378 0.37675070960209955 0.000945026863550417
robert 0.002508361204013378 1.2218487496163564 0.003064838000709924
clarence 0.0008361204013377926 1.5228787452803376 0.0012733099876925899
thomas 0.0008361204013377926 0.853871964321762 0.000713939769499801
samuel 0.002508361204013378 1.3979400086720377 0.0035065384832910647
alito 0.002508361204013378 1.6989700043360187 0.00426163044565891
expressed 0.0008361204013377926 0.8239087409443188 0.0006888869071440792
decide 0.0008361204013377926 1.5228787452803376 0.0012733099876925899
odds 0.0008361204013377926 1.5228787452803376 0.0012733099876925899
principle 0.0008361204013377926 1.5228787452803376 0.0012733099876925899
nation 0.0008361204013377926 0.35654732351381263 0.0002981164912322848
old 0.0008361204013377926 0.28399665636520083 0.0002374553982986629
found 0.0008361204013377926 0.3372421683184259 0.0002819750571224297
dead 0.0008361204013377926 0.9208187539523752 0.0007699153461140261
luxury 0.0008361204013377926 2.0 0.0016722408026755853
resort 0.0008361204013377926 1.5228787452803376 0.0012733099876925899
west 0.0008361204013377926 0.7695510786217261 0.0006434373567071289
reportedly 0.0008361204013377926 0.721246399047171 0.0006030488286347584
died 0.0008361204013377926 0.31875876262441283 0.0002665207045354622
natural 0.0008361204013377926 1.1549019599857433 0.000965637090289083
cause 0.0008361204013377926 1.045757490560675 0.0008743791727095945
report 0.0008361204013377926 0.7695510786217261 0.0006434373567071289
revealing 0.0008361204013377926 1.1549019599857433 0.000965637090289083
suffered 0.0008361204013377926 0.6575773191777938 0.0005498138120215668
heart 0.0008361204013377926 0.5228787452803376 0.00043718958635479734
trouble 0.0008361204013377926 1.2218487496163564 0.001021612666903308
blood 0.0008361204013377926 1.045757490560675 0.0008743791727095945
pressure 0.0008361204013377926 0.9208187539523752 0.0007699153461140261
check 0.0008361204013377926 0.07058107428570728 5.901427615861813e-05
strive 0.0008361204013377926 0.07058107428570728 5.901427615861813e-05
accuracy 0.0008361204013377926 0.07058107428570728 5.901427615861813e-05
fairness 0.0008361204013377926 0.07058107428570728 5.901427615861813e-05
see 0.0016722408026755853 0.04575749056067514 7.651754274360391e-05
something 0.0008361204013377926 0.07058107428570728 5.901427615861813e-05
look 0.0008361204013377926 0.07058107428570728 5.901427615861813e-05
citation 0.0008361204013377926 0.07058107428570728 5.901427615861813e-05
information 0.0008361204013377926 0.07058107428570728 5.901427615861813e-05
article 0.0008361204013377926 0.07058107428570728 5.901427615861813e-05
title 0.0008361204013377926 0.07058107428570728 5.901427615861813e-05
author 0.0008361204013377926 0.06048074738138145 5.056918677373031e-05
com 0.0016722408026755853 0.06048074738138145 0.00010113837354746062
editor 0.0008361204013377926 0.1023729087095586 8.559607751635335e-05
website 0.0016722408026755853 0.0655015487564323 0.00010953436246895033
url 0.0008361204013377926 0.07058107428570728 5.901427615861813e-05
access 0.0008361204013377926 0.07058107428570728 5.901427615861813e-05
publisher 0.0008361204013377926 0.07058107428570728 5.901427615861813e-05
e 0.0016722408026755853 0.04575749056067514 7.651754274360391e-05
network 0.0016722408026755853 0.04575749056067514 7.651754274360391e-05
last 0.0008361204013377926 0.0655015487564323 5.476718123447517e-05
updated 0.0008361204013377926 0.07058107428570728 5.901427615861813e-05
published 0.0008361204013377926 0.07058107428570728 5.901427615861813e-05
april 0.0008361204013377926 0.1549019599857432 0.0001295166889512903
story 0.002508361204013378 0.05551732784983141 0.00013925751132900857
shaped 0.0016722408026755853 0.05551732784983141 9.283834088600571e-05
world 0.0008361204013377926 0.04575749056067514 3.8258771371801955e-05
sign 0.0008361204013377926 0.05551732784983141 4.6419170443002855e-05
person 0.007525083612040134 0.05060999335508724 0.0003808444316018271
anthony 0.0016722408026755853 1.1549019599857433 0.001931274180578166
served 0.0016722408026755853 0.2676062401770315 0.0004475020738746346
stephen 0.0016722408026755853 1.0969100130080565 0.001834297680615479
breyer 0.0016722408026755853 1.6989700043360187 0.0028410869637726065
bill 0.0016722408026755853 0.4202164033831899 0.0007027030156909529
clinton 0.0016722408026755853 0.5228787452803376 0.0008743791727095947
lengthy 0.0008361204013377926 1.045757490560675 0.0008743791727095945
elena 0.0016722408026755853 1.3979400086720377 0.002337692322194043
kagan 0.0016722408026755853 1.3979400086720377 0.002337692322194043
woman 0.002508361204013378 0.3979400086720376 0.0009981772792776863
serve 0.0016722408026755853 0.5086383061657272 0.0008505657293741258
solicitor 0.0008361204013377926 1.5228787452803376 0.0012733099876925899
america 0.0008361204013377926 0.37675070960209955 0.00031500895451680563
second 0.0008361204013377926 0.19382002601611284 0.00016205687793989368
sonia 0.0016722408026755853 1.3010299956639813 0.002175635444254149
sotomayor 0.0016722408026755853 1.3010299956639813 0.002175635444254149
barack 0.0008361204013377926 0.3872161432802645 0.00032375931712396697
obama 0.0008361204013377926 0.37675070960209955 0.00031500895451680563
may 0.0008361204013377926 0.3098039199714864 0.0002590333779025806
latina 0.0008361204013377926 1.5228787452803376 0.0012733099876925899
oliver 0.0016722408026755853 1.3979400086720377 0.002337692322194043
wendell 0.0016722408026755853 1.6989700043360187 0.0028410869637726065
holmes 0.0016722408026755853 1.5228787452803376 0.0025466199753851797
jr 0.0016722408026755853 0.32790214206428253 0.0005483313412446196
civil 0.0008361204013377926 0.3467874862246563 0.0002899560921610839
war 0.0008361204013377926 0.35654732351381263 0.0002981164912322848
veteran 0.0008361204013377926 0.9208187539523752 0.0007699153461140261
expert 0.0008361204013377926 1.6989700043360187 0.0014205434818863032
janet 0.0016722408026755853 0.8860566476931633 0.0014817000797544535
reno 0.0016722408026755853 1.5228787452803376 0.0025466199753851797
broke 0.0008361204013377926 0.853871964321762 0.000713939769499801
ground 0.0008361204013377926 1.045757490560675 0.0008743791727095945
loading 0.0008361204013377926 0.04575749056067514 3.8258771371801955e-05
logo 0.0008361204013377926 0.04575749056067514 3.8258771371801955e-05
registered 0.0008361204013377926 0.04575749056067514 3.8258771371801955e-05
trademark 0.0008361204013377926 0.04575749056067514 3.8258771371801955e-05
llc 0.0008361204013377926 0.04575749056067514 3.8258771371801955e-05
