amy 0.009635974304068522 0.9208187539523752 0.008872985851789483
klobuchar 0.031049250535331904 1.5228787452803376 0.0472842436971411
age 0.0032119914346895075 0.11350927482751813 0.00036459081850380556
husband 0.0010706638115631692 0.7447274948966939 0.0007973527782619849
education 0.0032119914346895075 0.19382002601611284 0.000622548263435052
biography 0.009635974304068522 0.04575749056067514 0.00044091800326132366
skip 0.0010706638115631692 0.04575749056067514 4.8990889251258184e-05
main 0.0010706638115631692 0.04575749056067514 4.8990889251258184e-05
content 0.0010706638115631692 0.04575749056067514 4.8990889251258184e-05
people 0.006423982869379015 0.04575749056067514 0.0002939453355075491
nostalgia 0.0032119914346895075 0.04575749056067514 0.00014697266775377454
celebrity 0.0032119914346895075 0.04575749056067514 0.00014697266775377454
history 0.0032119914346895075 0.04575749056067514 0.00014697266775377454
culture 0.0032119914346895075 0.04575749056067514 0.00014697266775377454
crime 0.0032119914346895075 0.04575749056067514 0.00014697266775377454
scandal 0.0032119914346895075 0.04575749056067514 0.00014697266775377454
video 0.0032119914346895075 0.04575749056067514 0.00014697266775377454
contact 0.0032119914346895075 0.04575749056067514 0.00014697266775377454
u 0.011777301927194861 0.20065945054641832 0.0023632269336301944
advertise 0.0021413276231263384 0.04575749056067514 9.798177850251637e-05
privacy 0.0032119914346895075 0.04575749056067514 0.00014697266775377454
notice 0.0021413276231263384 0.04575749056067514 9.798177850251637e-05
term 0.0032119914346895075 0.5406075122407692 0.0017364266988461538
use 0.0021413276231263384 0.04575749056067514 9.798177850251637e-05
copyright 0.0021413276231263384 0.04575749056067514 9.798177850251637e-05
policy 0.004282655246252677 0.7670038896078462 0.0032848132317252515
ad 0.0021413276231263384 0.04575749056067514 9.798177850251637e-05
choice 0.0032119914346895075 0.9318141382538384 0.0029929790307939136
accessibility 0.0021413276231263384 0.04575749056067514 9.798177850251637e-05
support 0.0021413276231263384 0.04575749056067514 9.798177850251637e-05
setting 0.0010706638115631692 0.04575749056067514 4.8990889251258184e-05
february 0.0032119914346895075 0.04575749056067514 0.00014697266775377454
subscribe 0.0021413276231263384 0.04575749056067514 9.798177850251637e-05
newsletter 0.0032119914346895075 0.04575749056067514 0.00014697266775377454
photo 0.0021413276231263384 0.12493873660829993 0.0002675347678978585
ethan 0.0021413276231263384 1.5228787452803376 0.003260982323940766
miller 0.0021413276231263384 1.2218487496163564 0.002616378478835881
getty 0.0021413276231263384 0.2291479883578558 0.0004906809172545093
image 0.0021413276231263384 0.2218487496163564 0.00047505085570954264
quick 0.0010706638115631692 0.07058107428570728 7.556860201895855e-05
fact 0.0021413276231263384 0.14116214857141457 0.0003022744080758342
name 0.0021413276231263384 0.05551732784983141 0.00011888078768700517
birth 0.0032119914346895075 0.07058107428570728 0.00022670580605687566
date 0.004282655246252677 0.07058107428570728 0.0003022744080758342
may 0.0021413276231263384 0.3098039199714864 0.0006633916915877653
place 0.0032119914346895075 1.2306226739238617 0.0039527494879781425
plymouth 0.0021413276231263384 2.0 0.004282655246252677
minnesota 0.0053533190578158455 1.1549019599857433 0.006182558672300552
zodiac 0.0010706638115631692 0.3010299956639812 0.0003223019225524424
sign 0.0021413276231263384 0.05551732784983141 0.00011888078768700517
gemini 0.0010706638115631692 1.3010299956639813 0.0013929657341156117
cite 0.0010706638115631692 0.07058107428570728 7.556860201895855e-05
page 0.0010706638115631692 0.07058107428570728 7.556860201895855e-05
publish 0.0010706638115631692 0.07058107428570728 7.556860201895855e-05
nov 0.0010706638115631692 1.045757490560675 0.0011196547008144272
comment 0.0021413276231263384 0.07058107428570728 0.0001511372040379171
lawyer 0.0053533190578158455 0.48148606012211254 0.002577548501724371
senator 0.0021413276231263384 0.5228787452803376 0.0011196547008144274
among 0.0032119914346895075 0.35654732351381263 0.001145226949187835
candidate 0.005353319057815846 1.4710832997223453 0.007875178264038251
democratic 0.007494646680942184 0.3872161432802645 0.0029020481830426678
presidential 0.010706638115631691 0.3665315444204135 0.00392432060407295
nomination 0.0053533190578158455 0.5086383061657272 0.0027229031379321584
known 0.0010706638115631692 0.06048074738138145 6.475454751753902e-05
pragmatism 0.0010706638115631692 2.0 0.0021413276231263384
successfully 0.0010706638115631692 1.3979400086720377 0.0014967237780214538
reaching 0.0010706638115631692 0.958607314841775 0.0010263461615008299
across 0.0021413276231263384 0.8239087409443188 0.0017642585459193122
aisle 0.0010706638115631692 1.2218487496163564 0.0013081892394179405
started 0.0010706638115631692 0.6020599913279624 0.0006446038451048848
corporate 0.0010706638115631692 1.0969100130080565 0.0011744218554690113
elected 0.004282655246252677 0.3665315444204135 0.00156972824162918
senate 0.007494646680942184 0.5686362358410126 0.004261727677609303
seat 0.0010706638115631692 0.619788758288394 0.0006635853943130557
multiple 0.0010706638115631692 0.721246399047171 0.0007722124186800547
time 0.0021413276231263384 0.4791236183116582 0.001025960638782994
since 0.0021413276231263384 0.3372421683184259 0.0007221459707032675
first 0.0032119914346895075 0.0655015487564323 0.0002103904135645577
election 0.0010706638115631692 0.44369749923271273 0.0004750508557095426
announced 0.0032119914346895075 0.40893539297350084 0.0013134969795722724
candidacy 0.0010706638115631692 0.9208187539523752 0.0009858873168654982
race 0.0021413276231263384 0.619788758288394 0.0013271707886261114
exiting 0.0010706638115631692 1.6989700043360187 0.001819025700573896
field 0.0021413276231263384 1.0 0.0021413276231263384
march 0.0021413276231263384 0.27572413039921095 0.000590415696786319
early 0.0021413276231263384 0.07572071393811834 0.00016214285639854035
life 0.004282655246252677 0.13679614097137055 0.0005858507107981608
jean 0.0010706638115631692 1.2218487496163564 0.0013081892394179405
born 0.0021413276231263384 0.09151498112135023 0.00019596355700503263
mother 0.0032119914346895075 1.6126101736612708 0.005179690065293161
elementary 0.0010706638115631692 0.8860566476931633 0.0009486687876800464
school 0.004282655246252677 0.14874165128092467 0.0006370092131945382
teacher 0.0021413276231263384 2.2218487496163566 0.00475770610196222
father 0.0032119914346895075 0.14874165128092467 0.00047775690989590366
sportswriter 0.0010706638115631692 2.0 0.0021413276231263384
star 0.0010706638115631692 0.32790214206428253 0.00035107295724227255
tribune 0.0010706638115631692 1.5228787452803376 0.001630491161970383
younger 0.0010706638115631692 0.585026652029182 0.0006263668651276039
sister 0.0010706638115631692 0.721246399047171 0.0007722124186800547
parent 0.0010706638115631692 0.4559319556497244 0.00048814984544938374
divorced 0.0010706638115631692 0.853871964321762 0.0009142098119076682
publicly 0.0010706638115631692 0.619788758288394 0.0006635853943130557
shared 0.0010706638115631692 0.7695510786217261 0.0008239304910296854
past 0.0010706638115631692 0.6989700043360189 0.0007483618890107269
contentious 0.0010706638115631692 1.3010299956639813 0.0013929657341156117
relationship 0.0010706638115631692 0.5228787452803376 0.0005598273504072137
due 0.0010706638115631692 0.6777807052660807 0.000725675273304155
alcoholism 0.0010706638115631692 2.0 0.0021413276231263384
later 0.004282655246252677 0.09151498112135023 0.00039192711401006525
made 0.0010706638115631692 0.1804560644581313 0.00019320777779243182
amends 0.0010706638115631692 2.0 0.0021413276231263384
stopped 0.0010706638115631692 1.1549019599857433 0.0012365117344601106
drinking 0.0021413276231263384 1.5228787452803376 0.003260982323940766
excelling 0.0010706638115631692 2.0 0.0021413276231263384
academic 0.0010706638115631692 1.2218487496163564 0.0013081892394179405
valedictorian 0.0010706638115631692 1.3010299956639813 0.0013929657341156117
high 0.0021413276231263384 0.27572413039921095 0.000590415696786319
went 0.0021413276231263384 0.32790214206428253 0.0007021459144845451
study 0.0021413276231263384 0.853871964321762 0.0018284196238153364
political 0.0010706638115631692 0.3098039199714864 0.00033169584579388265
science 0.0010706638115631692 0.7958800173440752 0.0008521199329165688
yale 0.0021413276231263384 1.3979400086720377 0.0029934475560429077
graduating 0.0010706638115631692 0.5528419686577808 0.0005919078893552258
receiving 0.0010706638115631692 0.619788758288394 0.0006635853943130557
b 0.0010706638115631692 0.37675070960209955 0.0004033733507517126
accepted 0.0010706638115631692 0.619788758288394 0.0006635853943130557
university 0.004282655246252677 0.2596373105057561 0.0011119370899604116
chicago 0.0010706638115631692 0.638272163982407 0.0006833749079040761
law 0.008565310492505354 0.3665315444204135 0.00313945648325836
graduated 0.0010706638115631692 0.6575773191777938 0.0007040442389483875
career 0.0010706638115631692 0.17392519729917358 0.00018621541466720942
work 0.0021413276231263384 1.2676062401770314 0.002714360257338397
county 0.0010706638115631692 0.8239087409443188 0.0008821292729596561
prosecutor 0.0010706638115631692 1.1549019599857433 0.0012365117344601106
became 0.0010706638115631692 0.07572071393811834 8.107142819927017e-05
partner 0.0010706638115631692 0.8860566476931633 0.0009486687876800464
two 0.0010706638115631692 0.11918640771920867 0.0001276085735751699
different 0.0010706638115631692 0.7695510786217261 0.0008239304910296854
firm 0.0010706638115631692 2.0 0.0021413276231263384
minneapolis 0.0010706638115631692 1.6989700043360187 0.001819025700573896
area 0.0021413276231263384 1.8416375079047502 0.003943549267461992
interest 0.0010706638115631692 0.7695510786217261 0.0008239304910296854
politics 0.0010706638115631692 0.4685210829577449 0.000501628568477243
came 0.0010706638115631692 0.3010299956639812 0.0003223019225524424
gave 0.0010706638115631692 0.6020599913279624 0.0006446038451048848
daughter 0.0032119914346895075 0.31875876262441283 0.00102385041528184
discovered 0.0010706638115631692 0.7958800173440752 0.0008521199329165688
swallowing 0.0010706638115631692 2.0 0.0021413276231263384
issue 0.0010706638115631692 0.6989700043360189 0.0007483618890107269
despite 0.0010706638115631692 0.4202164033831899 0.00044991049612761233
condition 0.0010706638115631692 1.3979400086720377 0.0014967237780214538
hospital 0.0021413276231263384 0.8239087409443188 0.0017642585459193122
demanded 0.0010706638115631692 1.2218487496163564 0.0013081892394179405
leave 0.0010706638115631692 0.6575773191777938 0.0007040442389483875
hour 0.0021413276231263384 2.1426675035687315 0.004588153112566877
window 0.0010706638115631692 1.3010299956639813 0.0013929657341156117
admission 0.0010706638115631692 1.6989700043360187 0.001819025700573896
expired 0.0010706638115631692 1.5228787452803376 0.001630491161970383
ired 0.0010706638115631692 2.0 0.0021413276231263384
experience 0.0021413276231263384 0.619788758288394 0.0013271707886261114
lobbied 0.0010706638115631692 1.3010299956639813 0.0013929657341156117
state 0.007494646680942184 0.4930892744484819 0.0036955298941535046
legislature 0.0010706638115631692 1.045757490560675 0.0011196547008144272
demanding 0.0010706638115631692 1.1549019599857433 0.0012365117344601106
stay 0.0010706638115631692 1.2218487496163564 0.0013081892394179405
extended 0.0010706638115631692 1.3979400086720377 0.0014967237780214538
new 0.006423982869379015 0.14266750356873154 0.0009164935989426008
newborn 0.0010706638115631692 2.0 0.0021413276231263384
successful 0.0010706638115631692 0.4559319556497244 0.00048814984544938374
turning 0.0010706638115631692 1.0 0.0010706638115631692
advocacy 0.0010706638115631692 1.2218487496163564 0.0013081892394179405
president 0.0021413276231263384 0.16749108729376372 0.00035865329184960114
bill 0.0021413276231263384 0.4202164033831899 0.0008998209922552247
clinton 0.0010706638115631692 0.5228787452803376 0.0005598273504072137
signed 0.0010706638115631692 0.494850021680094 0.0005298180103641264
federal 0.0010706638115631692 0.6020599913279624 0.0006446038451048848
judge 0.0010706638115631692 0.585026652029182 0.0006263668651276039
kavanaugh 0.0053533190578158455 1.6989700043360187 0.00909512850286948
hearing 0.0010706638115631692 1.2218487496163564 0.0013081892394179405
controversial 0.0010706638115631692 0.721246399047171 0.0007722124186800547
scotus 0.0010706638115631692 1.6989700043360187 0.001819025700573896
brett 0.0010706638115631692 1.6989700043360187 0.001819025700573896
pushed 0.0021413276231263384 0.7958800173440752 0.0017042398658331376
national 0.0021413276231263384 0.3010299956639812 0.0006446038451048848
spotlight 0.0010706638115631692 0.7958800173440752 0.0008521199329165688
member 0.0010706638115631692 0.3010299956639812 0.0003223019225524424
judiciary 0.0010706638115631692 1.045757490560675 0.0011196547008144272
committee 0.0010706638115631692 0.638272163982407 0.0006833749079040761
seen 0.0010706638115631692 0.619788758288394 0.0006635853943130557
cool 0.0010706638115631692 1.2218487496163564 0.0013081892394179405
headed 0.0010706638115631692 0.958607314841775 0.0010263461615008299
fair 0.0010706638115631692 1.0969100130080565 0.0011744218554690113
minded 0.0010706638115631692 1.5228787452803376 0.001630491161970383
questioned 0.0010706638115631692 1.3979400086720377 0.0014967237780214538
nominee 0.0032119914346895075 0.7695510786217261 0.002471791473089056
explained 0.0010706638115631692 1.0 0.0010706638115631692
living 0.0010706638115631692 0.619788758288394 0.0006635853943130557
alcoholic 0.0010706638115631692 1.6989700043360187 0.001819025700573896
proceeded 0.0010706638115631692 1.3979400086720377 0.0014967237780214538
ask 0.0021413276231263384 1.0969100130080565 0.0023488437109380226
ever 0.0021413276231263384 0.6989700043360189 0.0014967237780214538
blacked 0.0021413276231263384 2.0 0.004282655246252677
excessive 0.0010706638115631692 1.5228787452803376 0.001630491161970383
offended 0.0010706638115631692 1.6989700043360187 0.001819025700573896
irate 0.0010706638115631692 1.6989700043360187 0.001819025700573896
threw 0.0010706638115631692 1.0969100130080565 0.0011744218554690113
question 0.0010706638115631692 1.1549019599857433 0.0012365117344601106
back 0.0021413276231263384 0.4202164033831899 0.0008998209922552247
apologized 0.0010706638115631692 1.2218487496163564 0.0013081892394179405
reactionary 0.0010706638115631692 1.6989700043360187 0.001819025700573896
response 0.0021413276231263384 0.853871964321762 0.0018284196238153364
towards 0.0010706638115631692 1.3010299956639813 0.0013929657341156117
x 0.0032119914346895075 0.4559319556497244 0.001464449536348151
c 0.0010706638115631692 0.35654732351381263 0.000381742316395945
lot 0.0010706638115631692 1.0969100130080565 0.0011744218554690113
thing 0.0010706638115631692 0.6989700043360189 0.0007483618890107269
try 0.0010706638115631692 1.0 0.0010706638115631692
go 0.0010706638115631692 0.494850021680094 0.0005298180103641264
viral 0.0010706638115631692 1.3010299956639813 0.0013929657341156117
reason 0.0010706638115631692 1.0969100130080565 0.0011744218554690113
think 0.0010706638115631692 0.585026652029182 0.0006263668651276039
going 0.0021413276231263384 0.6020599913279624 0.0012892076902097697
get 0.0021413276231263384 0.44369749923271273 0.0009501017114190852
much 0.0010706638115631692 0.37675070960209955 0.0004033733507517126
attention 0.0010706638115631692 0.6777807052660807 0.000725675273304155
xa 0.006423982869379015 0.17392519729917358 0.0011172924880032563
told 0.0010706638115631692 0.44369749923271273 0.0004750508557095426
vogue 0.0010706638115631692 1.1549019599857433 0.0012365117344601106
admittedly 0.0010706638115631692 2.0 0.0021413276231263384
taken 0.0010706638115631692 0.6989700043360189 0.0007483618890107269
aback 0.0010706638115631692 2.0 0.0021413276231263384
belligerent 0.0010706638115631692 2.0 0.0021413276231263384
said 0.0032119914346895075 0.2518119729937996 0.0008088179004083499
teased 0.0010706638115631692 2.0 0.0021413276231263384
staff 0.0010706638115631692 0.9208187539523752 0.0009858873168654982
asking 0.0010706638115631692 1.045757490560675 0.0011196547008144272
guy 0.0010706638115631692 1.6989700043360187 0.001819025700573896
anticipate 0.0010706638115631692 2.0 0.0021413276231263384
added 0.0010706638115631692 0.853871964321762 0.0009142098119076682
reaction 0.0010706638115631692 1.3979400086720377 0.0014967237780214538
also 0.0053533190578158455 0.0861861476162833 0.00046138194655397915
kind 0.0010706638115631692 0.7958800173440752 0.0008521199329165688
sad 0.0010706638115631692 1.3979400086720377 0.0014967237780214538
campaign 0.0053533190578158455 0.3872161432802645 0.002072891559316191
run 0.0010706638115631692 0.4559319556497244 0.00048814984544938374
employing 0.0010706638115631692 2.0 0.0021413276231263384
sense 0.0010706638115631692 1.045757490560675 0.0011196547008144272
humor 0.0010706638115631692 1.6989700043360187 0.001819025700573896
one 0.0032119914346895075 0.08092190762392613 0.0002599204741667863
journalist 0.0010706638115631692 1.3010299956639813 0.0013929657341156117
described 0.0032119914346895075 0.6989700043360189 0.0022450856670321803
mom 0.0010706638115631692 1.3979400086720377 0.0014967237780214538
joke 0.0021413276231263384 1.6989700043360187 0.003638051401147792
regularly 0.0010706638115631692 1.5228787452803376 0.001630491161970383
trail 0.0010706638115631692 1.3010299956639813 0.0013929657341156117
bet 0.0010706638115631692 1.5228787452803376 0.001630491161970383
aside 0.0010706638115631692 1.0969100130080565 0.0011744218554690113
realistic 0.0010706638115631692 1.5228787452803376 0.001630491161970383
middle 0.0010706638115631692 0.585026652029182 0.0006263668651276039
road 0.0010706638115631692 0.853871964321762 0.0009142098119076682
approach 0.0010706638115631692 1.3979400086720377 0.0014967237780214538
would 0.0021413276231263384 0.2291479883578558 0.0004906809172545093
attract 0.0021413276231263384 1.5228787452803376 0.003260982323940766
voter 0.0032119914346895075 1.0 0.0032119914346895075
battleground 0.0010706638115631692 1.3010299956639813 0.0013929657341156117
serving 0.0010706638115631692 0.48148606012211254 0.0005155097003448743
third 0.0021413276231263384 0.4202164033831899 0.0008998209922552247
tried 0.0010706638115631692 0.8239087409443188 0.0008821292729596561
message 0.0010706638115631692 0.9208187539523752 0.0009858873168654982
could 0.0010706638115631692 0.4202164033831899 0.00044991049612761233
blue 0.0010706638115631692 0.8239087409443188 0.0008821292729596561
red 0.0021413276231263384 0.8239087409443188 0.0017642585459193122
atlantic 0.0010706638115631692 1.3979400086720377 0.0014967237780214538
someone 0.0021413276231263384 1.0 0.0021413276231263384
proved 0.0010706638115631692 0.8860566476931633 0.0009486687876800464
win 0.0032119914346895075 0.585026652029182 0.0018791005953828117
premise 0.0010706638115631692 2.0 0.0021413276231263384
entire 0.0010706638115631692 1.045757490560675 0.0011196547008144272
american 0.0021413276231263384 0.6552148773673394 0.0014030297159900202
need 0.0010706638115631692 0.638272163982407 0.0006833749079040761
appeal 0.0010706638115631692 0.958607314841775 0.0010263461615008299
like 0.0010706638115631692 0.2365720064370627 0.00025328908612105215
michigan 0.0010706638115631692 1.0969100130080565 0.0011744218554690113
wisconsin 0.0010706638115631692 1.2218487496163564 0.0013081892394179405
pennsylvania 0.0010706638115631692 0.8860566476931633 0.0009486687876800464
swung 0.0010706638115631692 1.6989700043360187 0.001819025700573896
toward 0.0010706638115631692 0.8860566476931633 0.0009486687876800464
trump 0.0010706638115631692 0.5086383061657272 0.0005445806275864317
democrat 0.0021413276231263384 1.5654310959658013 0.003352100847892508
proven 0.0010706638115631692 2.0 0.0021413276231263384
ability 0.0010706638115631692 0.7958800173440752 0.0008521199329165688
read 0.0010706638115631692 0.0655015487564323 7.013013785485257e-05
next 0.0010706638115631692 0.07058107428570728 7.556860201895855e-05
bella 0.0010706638115631692 0.0655015487564323 7.013013785485257e-05
hadid 0.0010706638115631692 0.0655015487564323 7.013013785485257e-05
sadie 0.0010706638115631692 0.06048074738138145 6.475454751753902e-05
alexander 0.0010706638115631692 0.05551732784983141 5.9440393843502584e-05
adrienne 0.0010706638115631692 0.0655015487564323 7.013013785485257e-05
kennedy 0.0010706638115631692 0.06048074738138145 6.475454751753902e-05
endured 0.0010706638115631692 1.0 0.0010706638115631692
crowded 0.0010706638115631692 1.6989700043360187 0.001819025700573896
narrowed 0.0010706638115631692 1.6989700043360187 0.001819025700573896
single 0.0010706638115631692 0.585026652029182 0.0006263668651276039
digit 0.0010706638115631692 1.6989700043360187 0.001819025700573896
save 0.0010706638115631692 1.1549019599857433 0.0012365117344601106
surprise 0.0010706638115631692 1.1549019599857433 0.0012365117344601106
finish 0.0010706638115631692 1.2218487496163564 0.0013081892394179405
hampshire 0.0010706638115631692 1.045757490560675 0.0011196547008144272
primary 0.0021413276231263384 0.7695510786217261 0.0016478609820593708
consistently 0.0010706638115631692 2.0 0.0021413276231263384
trailed 0.0010706638115631692 2.0 0.0021413276231263384
fellow 0.0021413276231263384 0.6020599913279624 0.0012892076902097697
moderate 0.0010706638115631692 1.6989700043360187 0.001819025700573896
joe 0.0010706638115631692 0.5228787452803376 0.0005598273504072137
biden 0.0021413276231263384 0.6575773191777938 0.001408088477896775
pete 0.0032119914346895075 1.3010299956639813 0.004178897202346835
buttigieg 0.0032119914346895075 1.5228787452803376 0.0048914734859111485
ran 0.0032119914346895075 0.48148606012211254 0.0015465291010346228
away 0.0010706638115631692 0.5376020021010439 0.0005755910086734946
convincing 0.0010706638115631692 1.6989700043360187 0.001819025700573896
south 0.0021413276231263384 0.40893539297350084 0.0008756646530481817
carolina 0.0010706638115631692 0.7958800173440752 0.0008521199329165688
ending 0.0010706638115631692 1.2218487496163564 0.0013081892394179405
endorsing 0.0010706638115631692 1.6989700043360187 0.001819025700573896
former 0.0053533190578158455 0.27572413039921095 0.0014760392419657974
vice 0.0010706638115631692 0.5376020021010439 0.0005755910086734946
healthcare 0.0010706638115631692 0.958607314841775 0.0010263461615008299
vocal 0.0010706638115631692 0.853871964321762 0.0009142098119076682
critic 0.0010706638115631692 1.3979400086720377 0.0014967237780214538
bernie 0.0010706638115631692 1.1549019599857433 0.0012365117344601106
sander 0.0010706638115631692 1.0969100130080565 0.0011744218554690113
elizabeth 0.0032119914346895075 0.7695510786217261 0.002471791473089056
warren 0.0032119914346895075 1.045757490560675 0.0033589641024432816
medicare 0.0032119914346895075 1.3010299956639813 0.004178897202346835
plan 0.0021413276231263384 1.5228787452803376 0.003260982323940766
believed 0.0010706638115631692 0.6020599913279624 0.0006446038451048848
adding 0.0010706638115631692 0.958607314841775 0.0010263461615008299
onto 0.0010706638115631692 1.1549019599857433 0.0012365117344601106
existing 0.0010706638115631692 1.3979400086720377 0.0014967237780214538
affordable 0.0010706638115631692 1.0969100130080565 0.0011744218554690113
care 0.0021413276231263384 0.5376020021010439 0.0011511820173469892
act 0.0010706638115631692 0.4685210829577449 0.000501628568477243
providing 0.0021413276231263384 1.0969100130080565 0.0023488437109380226
public 0.0010706638115631692 0.2596373105057561 0.0002779842724901029
option 0.0010706638115631692 1.2218487496163564 0.0013081892394179405
referred 0.0010706638115631692 1.0 0.0010706638115631692
aspiration 0.0010706638115631692 2.0 0.0021413276231263384
calling 0.0010706638115631692 0.7958800173440752 0.0008521199329165688
bad 0.0010706638115631692 0.6020599913279624 0.0006446038451048848
idea 0.0010706638115631692 0.8239087409443188 0.0008821292729596561
force 0.0010706638115631692 0.6575773191777938 0.0007040442389483875
private 0.0010706638115631692 0.6020599913279624 0.0006446038451048848
insurance 0.0010706638115631692 1.0 0.0010706638115631692
additionally 0.0010706638115631692 0.9208187539523752 0.0009858873168654982
sponsored 0.0010706638115631692 1.045757490560675 0.0011196547008144272
bipartisan 0.0010706638115631692 1.0 0.0010706638115631692
designed 0.0010706638115631692 1.3979400086720377 0.0014967237780214538
lower 0.0010706638115631692 0.958607314841775 0.0010263461615008299
prescription 0.0010706638115631692 1.3010299956639813 0.0013929657341156117
drug 0.0010706638115631692 0.6575773191777938 0.0007040442389483875
cost 0.0021413276231263384 1.1549019599857433 0.002473023468920221
well 0.0032119914346895075 0.20065945054641826 0.0006445164364445983
requirement 0.0010706638115631692 1.5228787452803376 0.001630491161970383
eligible 0.0010706638115631692 1.5228787452803376 0.001630491161970383
climate 0.0010706638115631692 1.045757490560675 0.0011196547008144272
day 0.0010706638115631692 0.40893539297350084 0.00043783232652409084
office 0.0010706638115631692 0.31875876262441283 0.0003412834717606133
reenter 0.0010706638115631692 2.0 0.0021413276231263384
paris 0.0010706638115631692 0.6020599913279624 0.0006446038451048848
agreement 0.0010706638115631692 0.958607314841775 0.0010263461615008299
negotiate 0.0010706638115631692 1.3979400086720377 0.0014967237780214538
even 0.0010706638115631692 0.3665315444204135 0.000392432060407295
stronger 0.0010706638115631692 1.0969100130080565 0.0011744218554690113
emission 0.0021413276231263384 1.2218487496163564 0.002616378478835881
standard 0.0021413276231263384 1.2218487496163564 0.002616378478835881
bring 0.0010706638115631692 0.7447274948966939 0.0007973527782619849
clean 0.0010706638115631692 1.1549019599857433 0.0012365117344601106
power 0.0010706638115631692 0.5376020021010439 0.0005755910086734946
fuel 0.0010706638115631692 1.3010299956639813 0.0013929657341156117
economy 0.0010706638115631692 1.0 0.0010706638115631692
proponent 0.0010706638115631692 1.3010299956639813 0.0013929657341156117
green 0.0010706638115631692 0.6989700043360189 0.0007483618890107269
deal 0.0010706638115631692 0.5528419686577808 0.0005919078893552258
wanted 0.0010706638115631692 0.5528419686577808 0.0005919078893552258
set 0.0010706638115631692 0.494850021680094 0.0005298180103641264
america 0.0010706638115631692 0.37675070960209955 0.0004033733507517126
path 0.0010706638115631692 1.0 0.0010706638115631692
net 0.0010706638115631692 1.6989700043360187 0.001819025700573896
zero 0.0010706638115631692 1.3979400086720377 0.0014967237780214538
year 0.0010706638115631692 0.1307682802690238 0.0001400088653843938
odds 0.0010706638115631692 1.5228787452803376 0.001630491161970383
progressive 0.0010706638115631692 2.0 0.0021413276231263384
completely 0.0010706638115631692 1.045757490560675 0.0011196547008144272
eliminating 0.0010706638115631692 2.0 0.0021413276231263384
college 0.0021413276231263384 0.40893539297350084 0.0008756646530481817
debt 0.0021413276231263384 1.045757490560675 0.0022393094016288544
instead 0.0010706638115631692 0.7447274948966939 0.0007973527782619849
called 0.0010706638115631692 0.3010299956639812 0.0003223019225524424
refinancing 0.0010706638115631692 2.0 0.0021413276231263384
student 0.0010706638115631692 0.6020599913279624 0.0006446038451048848
loan 0.0010706638115631692 2.0 0.0021413276231263384
help 0.0010706638115631692 0.4559319556497244 0.00048814984544938374
reduce 0.0010706638115631692 1.2218487496163564 0.0013081892394179405
tuition 0.0010706638115631692 1.2218487496163564 0.0013081892394179405
free 0.0010706638115631692 0.6989700043360189 0.0007483618890107269
technical 0.0010706638115631692 1.2218487496163564 0.0013081892394179405
training 0.0010706638115631692 1.0969100130080565 0.0011744218554690113
community 0.0010706638115631692 0.48148606012211254 0.0005155097003448743
supported 0.0010706638115631692 0.6989700043360189 0.0007483618890107269
increasing 0.0010706638115631692 0.958607314841775 0.0010263461615008299
pay 0.0010706638115631692 0.853871964321762 0.0009142098119076682
immigration 0.0010706638115631692 0.8860566476931633 0.0009486687876800464
advocated 0.0010706638115631692 1.0969100130080565 0.0011744218554690113
reforming 0.0010706638115631692 2.0 0.0021413276231263384
ice 0.0010706638115631692 1.2218487496163564 0.0013081892394179405
abolishing 0.0010706638115631692 1.6989700043360187 0.001819025700573896
offering 0.0010706638115631692 1.2218487496163564 0.0013081892394179405
undocumented 0.0010706638115631692 1.6989700043360187 0.001819025700573896
immigrant 0.0010706638115631692 1.0 0.0010706638115631692
without 0.0010706638115631692 0.7695510786217261 0.0008239304910296854
criminal 0.0010706638115631692 0.9208187539523752 0.0009858873168654982
record 0.0010706638115631692 0.6989700043360189 0.0007483618890107269
pathway 0.0010706638115631692 1.6989700043360187 0.001819025700573896
citizenship 0.0010706638115631692 1.3010299956639813 0.0013929657341156117
abortion 0.0021413276231263384 1.2218487496163564 0.002616378478835881
staunch 0.0010706638115631692 1.0 0.0010706638115631692
pro 0.0010706638115631692 1.2218487496163564 0.0013081892394179405
supporter 0.0010706638115631692 1.3979400086720377 0.0014967237780214538
personal 0.0010706638115631692 0.3372421683184259 0.00036107298535163377
married 0.0010706638115631692 0.24412514432750856 0.0002613759575240991
minnesotan 0.0010706638115631692 2.0 0.0021413276231263384
john 0.0010706638115631692 0.37675070960209955 0.0004033733507517126
bessler 0.0032119914346895075 2.0 0.006423982869379015
professor 0.0021413276231263384 0.8860566476931633 0.0018973375753600927
baltimore 0.0010706638115631692 1.6989700043360187 0.001819025700573896
teach 0.0010706638115631692 2.0 0.0021413276231263384
georgetown 0.0010706638115631692 1.3979400086720377 0.0014967237780214538
center 0.0010706638115631692 0.585026652029182 0.0006263668651276039
adjunct 0.0010706638115631692 1.6989700043360187 0.001819025700573896
together 0.0010706638115631692 0.431798275933005 0.00046231078793683623
couple 0.0010706638115631692 0.40893539297350084 0.00043783232652409084
abigail 0.0021413276231263384 1.6989700043360187 0.003638051401147792
graduate 0.0010706638115631692 1.045757490560675 0.0011196547008144272
alma 0.0010706638115631692 1.3010299956639813 0.0013929657341156117
mater 0.0010706638115631692 1.3979400086720377 0.0014967237780214538
york 0.0032119914346895075 0.3467874862246563 0.0011138784354111017
city 0.0021413276231263384 0.3665315444204135 0.00078486412081459
council 0.0010706638115631692 0.7695510786217261 0.0008239304910296854
stand 0.0010706638115631692 0.9208187539523752 0.0009858873168654982
comedy 0.0010706638115631692 1.045757490560675 0.0011196547008144272
side 0.0010706638115631692 0.585026652029182 0.0006263668651276039
religion 0.0010706638115631692 1.045757490560675 0.0011196547008144272
attends 0.0010706638115631692 1.5228787452803376 0.001630491161970383
united 0.0010706638115631692 0.18708664335714445 0.00020030689866931955
church 0.0032119914346895075 0.619788758288394 0.001990756182939167
christ 0.0010706638115631692 1.5228787452803376 0.001630491161970383
mainline 0.0010706638115631692 1.6989700043360187 0.001819025700573896
protestant 0.0010706638115631692 1.3010299956639813 0.0013929657341156117
value 0.0010706638115631692 1.5228787452803376 0.001630491161970383
interfaith 0.0010706638115631692 1.5228787452803376 0.001630491161970383
relation 0.0010706638115631692 0.7958800173440752 0.0008521199329165688
upholds 0.0010706638115631692 2.0 0.0021413276231263384
liberal 0.0010706638115631692 0.8860566476931633 0.0009486687876800464
view 0.0010706638115631692 0.853871964321762 0.0009142098119076682
sexual 0.0010706638115631692 0.7958800173440752 0.0008521199329165688
orientation 0.0010706638115631692 1.6989700043360187 0.001819025700573896
civil 0.0010706638115631692 0.3467874862246563 0.0003712928118037006
right 0.004282655246252677 0.39848321634998984 0.0017065662370449246
woman 0.0010706638115631692 0.3979400086720376 0.0004260599664582844
check 0.0010706638115631692 0.07058107428570728 7.556860201895855e-05
strive 0.0010706638115631692 0.07058107428570728 7.556860201895855e-05
accuracy 0.0010706638115631692 0.07058107428570728 7.556860201895855e-05
fairness 0.0010706638115631692 0.07058107428570728 7.556860201895855e-05
see 0.0021413276231263384 0.04575749056067514 9.798177850251637e-05
something 0.0010706638115631692 0.07058107428570728 7.556860201895855e-05
look 0.0010706638115631692 0.07058107428570728 7.556860201895855e-05
citation 0.0010706638115631692 0.07058107428570728 7.556860201895855e-05
information 0.0010706638115631692 0.07058107428570728 7.556860201895855e-05
article 0.0010706638115631692 0.07058107428570728 7.556860201895855e-05
title 0.0010706638115631692 0.07058107428570728 7.556860201895855e-05
author 0.0021413276231263384 0.06048074738138145 0.00012950909503507804
eudie 0.0010706638115631692 2.0 0.0021413276231263384
pak 0.0010706638115631692 2.0 0.0021413276231263384
website 0.0021413276231263384 0.0655015487564323 0.00014026027570970514
com 0.0010706638115631692 0.06048074738138145 6.475454751753902e-05
url 0.0010706638115631692 0.07058107428570728 7.556860201895855e-05
access 0.0010706638115631692 0.07058107428570728 7.556860201895855e-05
publisher 0.0010706638115631692 0.07058107428570728 7.556860201895855e-05
e 0.0021413276231263384 0.04575749056067514 9.798177850251637e-05
television 0.0021413276231263384 0.04575749056067514 9.798177850251637e-05
network 0.0021413276231263384 0.04575749056067514 9.798177850251637e-05
last 0.0010706638115631692 0.0655015487564323 7.013013785485257e-05
updated 0.0010706638115631692 0.07058107428570728 7.556860201895855e-05
august 0.0010706638115631692 0.494850021680094 0.0005298180103641264
original 0.0010706638115631692 0.0655015487564323 7.013013785485257e-05
published 0.0010706638115631692 0.07058107428570728 7.556860201895855e-05
november 0.0010706638115631692 0.24412514432750856 0.0002613759575240991
receive 0.0010706638115631692 0.05551732784983141 5.9440393843502584e-05
story 0.0032119914346895075 0.05551732784983141 0.00017832118153050775
shaped 0.0021413276231263384 0.05551732784983141 0.00011888078768700517
world 0.0010706638115631692 0.04575749056067514 4.8990889251258184e-05
person 0.009635974304068522 0.05060999335508724 0.0004876765954986993
massachusetts 0.0010706638115631692 0.7695510786217261 0.0008239304910296854
party 0.0010706638115631692 0.3979400086720376 0.0004260599664582844
mayor 0.0021413276231263384 0.6777807052660807 0.00145135054660831
bend 0.0010706638115631692 1.3010299956639813 0.0013929657341156117
indiana 0.0010706638115631692 0.7958800173440752 0.0008521199329165688
current 0.0010706638115631692 1.045757490560675 0.0011196547008144272
secretary 0.0032119914346895075 0.638272163982407 0.002050124723712228
transportation 0.0010706638115631692 1.2218487496163564 0.0013081892394179405
openly 0.0010706638115631692 1.0969100130080565 0.0011744218554690113
gay 0.0010706638115631692 1.045757490560675 0.0011196547008144272
man 0.0010706638115631692 0.37675070960209955 0.0004033733507517126
cabinet 0.0010706638115631692 0.958607314841775 0.0010263461615008299
juli 0.0021413276231263384 1.2218487496163564 0.002616378478835881
n 0.0021413276231263384 0.7695510786217261 0.0016478609820593708
castro 0.0021413276231263384 1.0969100130080565 0.0023488437109380226
san 0.0010706638115631692 0.8860566476931633 0.0009486687876800464
antonio 0.0010706638115631692 1.1549019599857433 0.0012365117344601106
texas 0.0021413276231263384 0.619788758288394 0.0013271707886261114
hud 0.0010706638115631692 1.045757490560675 0.0011196547008144272
obama 0.0010706638115631692 0.37675070960209955 0.0004033733507517126
administration 0.0010706638115631692 0.6575773191777938 0.0007040442389483875
andrew 0.0021413276231263384 0.7447274948966939 0.0015947055565239698
yang 0.0021413276231263384 1.5228787452803376 0.003260982323940766
businessman 0.0010706638115631692 0.958607314841775 0.0010263461615008299
book 0.0010706638115631692 0.585026652029182 0.0006263668651276039
philanthropist 0.0010706638115631692 0.958607314841775 0.0010263461615008299
marco 0.0021413276231263384 1.3979400086720377 0.0029934475560429077
rubio 0.0021413276231263384 1.3979400086720377 0.0029934475560429077
representing 0.0010706638115631692 0.8860566476931633 0.0009486687876800464
florida 0.0010706638115631692 0.7447274948966939 0.0007973527782619849
unsuccessful 0.0010706638115631692 0.8860566476931633 0.0009486687876800464
bid 0.0010706638115631692 0.6020599913279624 0.0006446038451048848
republican 0.0010706638115631692 0.6777807052660807 0.000725675273304155
beto 0.0021413276231263384 1.5228787452803376 0.003260982323940766
rourke 0.0021413276231263384 1.5228787452803376 0.003260982323940766
congressman 0.0010706638115631692 0.958607314841775 0.0010263461615008299
represented 0.0010706638115631692 1.0969100130080565 0.0011744218554690113
th 0.0010706638115631692 0.2076083105017461 0.00022227870503398943
district 0.0010706638115631692 0.721246399047171 0.0007722124186800547
house 0.0021413276231263384 0.32790214206428253 0.0007021459144845451
representative 0.0021413276231263384 0.6575773191777938 0.001408088477896775
kirsten 0.0021413276231263384 1.5228787452803376 0.003260982323940766
gillibrand 0.0021413276231263384 1.5228787452803376 0.003260982323940766
politician 0.0010706638115631692 0.6575773191777938 0.0007040442389483875
served 0.0010706638115631692 0.2676062401770315 0.00028651631710602943
jack 0.0021413276231263384 0.853871964321762 0.0018284196238153364
kevorkian 0.0021413276231263384 1.6989700043360187 0.003638051401147792
based 0.0010706638115631692 0.619788758288394 0.0006635853943130557
physician 0.0010706638115631692 0.8239087409443188 0.0008821292729596561
assisted 0.0010706638115631692 1.1549019599857433 0.0012365117344601106
patient 0.0010706638115631692 1.2218487496163564 0.0013081892394179405
suicide 0.0010706638115631692 1.6989700043360187 0.001819025700573896
sparking 0.0010706638115631692 1.1549019599857433 0.0012365117344601106
increased 0.0010706638115631692 0.9208187539523752 0.0009858873168654982
talk 0.0010706638115631692 0.6989700043360189 0.0007483618890107269
hospice 0.0010706638115631692 1.5228787452803376 0.001630491161970383
die 0.0010706638115631692 1.0 0.0010706638115631692
legislative 0.0010706638115631692 0.8239087409443188 0.0008821292729596561
action 0.0010706638115631692 0.585026652029182 0.0006263668651276039
tulsi 0.0021413276231263384 1.6989700043360187 0.003638051401147792
gabbard 0.0032119914346895075 1.6989700043360187 0.005457077101721688
congresswoman 0.0010706638115631692 1.045757490560675 0.0011196547008144272
represents 0.0010706638115631692 1.5228787452803376 0.001630491161970383
hawaii 0.0021413276231263384 1.0 0.0021413276231263384
iraq 0.0010706638115631692 0.853871964321762 0.0009142098119076682
war 0.0010706638115631692 0.35654732351381263 0.000381742316395945
veteran 0.0010706638115631692 0.9208187539523752 0.0009858873168654982
major 0.0010706638115631692 0.4202164033831899 0.00044991049612761233
army 0.0010706638115631692 0.7695510786217261 0.0008239304910296854
guard 0.0010706638115631692 0.9208187539523752 0.0009858873168654982
loading 0.0010706638115631692 0.04575749056067514 4.8990889251258184e-05
logo 0.0010706638115631692 0.04575749056067514 4.8990889251258184e-05
registered 0.0010706638115631692 0.04575749056067514 4.8990889251258184e-05
trademark 0.0010706638115631692 0.04575749056067514 4.8990889251258184e-05
llc 0.0010706638115631692 0.04575749056067514 4.8990889251258184e-05
close 0.004282655246252677 0.04575749056067514 0.00019596355700503274
