usher 0.04302019315188762 1.6989700043360187 0.07309001774579887
age 0.006145741878841089 0.11350927482751813 0.0006975987039443608
song 0.006145741878841088 1.337242168318426 0.008218345195986814
fact 0.0026338893766461808 0.14116214857141457 0.0003718054835067987
biography 0.00877963125548727 0.04575749056067514 0.0004017338942991672
skip 0.000877963125548727 0.04575749056067514 4.0173389429916716e-05
main 0.000877963125548727 0.04575749056067514 4.0173389429916716e-05
content 0.000877963125548727 0.04575749056067514 4.0173389429916716e-05
people 0.006145741878841089 0.04575749056067514 0.0002812137260094171
nostalgia 0.0026338893766461808 0.04575749056067514 0.00012052016828975016
celebrity 0.0026338893766461808 0.04575749056067514 0.00012052016828975016
history 0.0026338893766461808 0.04575749056067514 0.00012052016828975016
culture 0.0026338893766461808 0.04575749056067514 0.00012052016828975016
crime 0.0026338893766461808 0.04575749056067514 0.00012052016828975016
scandal 0.0026338893766461808 0.04575749056067514 0.00012052016828975016
video 0.003511852502194908 0.8696662315049939 0.0030541395311852286
contact 0.0026338893766461808 0.04575749056067514 0.00012052016828975016
u 0.006145741878841088 0.20065945054641832 0.0012332011886083652
advertise 0.001755926251097454 0.04575749056067514 8.034677885983343e-05
privacy 0.0026338893766461808 0.04575749056067514 0.00012052016828975016
notice 0.001755926251097454 0.04575749056067514 8.034677885983343e-05
term 0.001755926251097454 0.04575749056067514 8.034677885983343e-05
use 0.001755926251097454 0.04575749056067514 8.034677885983343e-05
copyright 0.001755926251097454 0.04575749056067514 8.034677885983343e-05
policy 0.001755926251097454 0.04575749056067514 8.034677885983343e-05
ad 0.001755926251097454 0.04575749056067514 8.034677885983343e-05
choice 0.003511852502194908 0.9318141382538384 0.0032723938130073344
accessibility 0.001755926251097454 0.04575749056067514 8.034677885983343e-05
support 0.001755926251097454 0.04575749056067514 8.034677885983343e-05
setting 0.000877963125548727 0.04575749056067514 4.0173389429916716e-05
february 0.000877963125548727 0.04575749056067514 4.0173389429916716e-05
subscribe 0.001755926251097454 0.04575749056067514 8.034677885983343e-05
newsletter 0.0026338893766461808 0.04575749056067514 0.00012052016828975016
photo 0.000877963125548727 0.12493873660829993 0.00010969160369473216
christie 0.000877963125548727 1.6989700043360187 0.0014916330152203853
goodwin 0.000877963125548727 2.0 0.001755926251097454
redferns 0.000877963125548727 2.0 0.001755926251097454
via 0.000877963125548727 0.5086383061657272 0.0004465656770550722
getty 0.000877963125548727 0.2291479883578558 0.00020118348407186637
image 0.000877963125548727 0.2218487496163564 0.0001947750216122532
quick 0.000877963125548727 0.07058107428570728 6.196758058446645e-05
name 0.003511852502194908 0.05551732784983141 0.0001949686667246055
birth 0.001755926251097454 0.07058107428570728 0.0001239351611689329
date 0.003511852502194908 0.07058107428570728 0.0002478703223378658
october 0.001755926251097454 0.37675070960209955 0.0006615464611099202
place 0.000877963125548727 0.07572071393811834 6.647999467789143e-05
chattanooga 0.001755926251097454 2.0 0.003511852502194908
tennessee 0.001755926251097454 1.0 0.001755926251097454
aka 0.000877963125548727 0.853871964321762 0.0007496680986143653
terry 0.0026338893766461808 1.5228787452803376 0.004011094149114146
raymond 0.009657594381035996 1.6989700043360187 0.01640796316742424
full 0.000877963125548727 0.3010299956639812 0.00026429323587706866
iv 0.001755926251097454 1.5228787452803376 0.0026740627660760976
zodiac 0.000877963125548727 0.3010299956639812 0.00026429323587706866
sign 0.001755926251097454 0.05551732784983141 9.748433336230275e-05
libra 0.000877963125548727 1.3979400086720377 0.0012273397793433167
early 0.0026338893766461808 0.07572071393811834 0.0001994399840336743
year 0.010535557506584723 0.24995468798823245 0.0026334119893404646
album 0.019315188762071993 1.1214782044987934 0.021661563212443773
film 0.004389815627743635 0.6020599913279624 0.0026429323587706865
tv 0.0026338893766461808 0.5228787452803376 0.0013772047724679656
role 0.006145741878841088 0.9863203027088074 0.006061669990308737
project 0.001755926251097454 1.045757490560675 0.0018362730299572871
personal 0.001755926251097454 0.3372421683184259 0.0005921723763273501
life 0.003511852502194908 0.13679614097137055 0.000480407869960915
cite 0.000877963125548727 0.07058107428570728 6.196758058446645e-05
page 0.000877963125548727 0.07058107428570728 6.196758058446645e-05
quote 0.000877963125548727 0.3872161432802645 0.0003399614954172647
sleeping 0.000877963125548727 1.6989700043360187 0.0014916330152203853
forbidden 0.000877963125548727 2.0 0.001755926251097454
work 0.003511852502194908 1.2676062401770314 0.004451646146363587
play 0.001755926251097454 0.7958800173440752 0.0013975066151783585
time 0.001755926251097454 0.1023729087095586 0.00017975927780431713
game 0.001755926251097454 0.958607314841775 0.0016832437486247146
publish 0.000877963125548727 0.07058107428570728 6.196758058446645e-05
apr 0.000877963125548727 0.5528419686577808 0.0004853748627372966
comment 0.001755926251097454 0.07058107428570728 0.0001239351611689329
successful 0.003511852502194908 0.4559319556497244 0.0016011657792791023
american 0.0052677787532923615 0.1023729087095586 0.0005392778334129514
r 0.007901668129938543 0.5086383061657272 0.00401909109349565
b 0.007901668129938543 0.37675070960209955 0.002976959074994641
pop 0.007023705004389816 0.5686362358410126 0.003993933175353908
musician 0.001755926251097454 0.6575773191777938 0.0011546572768705774
began 0.001755926251097454 0.20065945054641826 0.0003523431967452472
making 0.001755926251097454 0.3979400086720376 0.0006987533075891793
music 0.009657594381035996 0.4559319556497244 0.004403205893017532
hit 0.007901668129938543 0.8751698505861407 0.0069153017166595845
include 0.000877963125548727 0.619788758288394 0.0005441516754068429
way 0.0026338893766461808 0.431798275933005 0.0011373088918340782
confession 0.003511852502194908 1.3010299956639813 0.004569025445703183
looking 0.003511852502194908 0.853871964321762 0.002998672394457461
entered 0.000877963125548727 0.721246399047171 0.0006332277427982186
fame 0.003511852502194908 0.48148606012211254 0.0016909080250118087
two 0.007023705004389816 0.11918640771920867 0.0008371301683526509
moved 0.001755926251097454 0.3872161432802645 0.0006799229908345293
mother 0.001755926251097454 0.21467016498923297 0.00037694497803201577
brother 0.001755926251097454 0.494850021680094 0.0008689201434242213
atlanta 0.003511852502194908 0.8239087409443188 0.0028934459734655618
performing 0.000877963125548727 0.8239087409443188 0.0007233614933663904
star 0.0026338893766461808 0.32790214206428253 0.0008636579685626406
search 0.001755926251097454 1.2218487496163564 0.0021454762943219604
landed 0.003511852502194908 1.045757490560675 0.0036725460599145742
recording 0.001755926251097454 0.8239087409443188 0.0014467229867327809
contract 0.001755926251097454 0.9208187539523752 0.0016168898225678231
laface 0.001755926251097454 2.0 0.003511852502194908
record 0.0052677787532923615 1.193820026016113 0.006288779768302614
released 0.0052677787532923615 0.3010299956639812 0.0015857594152624119
first 0.0052677787532923615 0.0655015487564323 0.00034504766684687776
dominated 0.000877963125548727 1.3979400086720377 0.0012273397793433167
airwave 0.000877963125548727 1.5228787452803376 0.0013370313830380488
releasing 0.000877963125548727 1.1549019599857433 0.001013961334491434
sold 0.0026338893766461808 0.8860566476931633 0.0023337751914657505
million 0.004389815627743635 0.5228787452803376 0.0022953412874466093
copy 0.004389815627743635 1.1549019599857433 0.00506980667245717
week 0.001755926251097454 0.7958800173440752 0.0013975066151783585
june 0.0026338893766461808 0.28399665636520083 0.0007480157762033385
produced 0.001755926251097454 0.7958800173440752 0.0013975066151783585
found 0.001755926251097454 0.3372421683184259 0.0005921723763273501
spot 0.001755926251097454 1.1549019599857433 0.002027922668982868
billboard 0.004389815627743635 1.0 0.004389815627743635
chart 0.003511852502194908 1.7235381958267557 0.006052811925642689
repeatedly 0.000877963125548727 1.2218487496163564 0.0010727381471609802
earning 0.000877963125548727 0.6989700043360189 0.0006136698896716583
several 0.004389815627743635 0.32790214206428253 0.0014394299476044009
grammy 0.0026338893766461808 0.6575773191777938 0.001731985915305866
award 0.007901668129938543 1.216096420727265 0.009609190330592965
among 0.001755926251097454 0.35654732351381263 0.00062607080511644
honor 0.0026338893766461808 0.958607314841775 0.002524865622937072
born 0.0026338893766461808 0.09151498112135023 0.00024104033657950015
xa 0.006145741878841089 0.17392519729917358 0.0010688993688272301
dallas 0.000877963125548727 1.5228787452803376 0.0013370313830380488
texas 0.000877963125548727 0.619788758288394 0.0005441516754068429
raised 0.000877963125548727 0.585026652029182 0.0005136318279448482
singing 0.001755926251097454 1.1549019599857433 0.002027922668982868
church 0.000877963125548727 0.619788758288394 0.0005441516754068429
choir 0.000877963125548727 2.0 0.001755926251097454
six 0.001755926251097454 0.5686362358410126 0.000998483293838477
old 0.001755926251097454 0.28399665636520083 0.000498677184135559
moving 0.000877963125548727 0.8860566476931633 0.0007779250638219169
performed 0.000877963125548727 0.7695510786217261 0.0006756374702561248
show 0.0026338893766461808 1.1726307269461747 0.003088579614432418
soon 0.0026338893766461808 0.40893539297350084 0.0010770905872875352
self 0.000877963125548727 0.6989700043360189 0.0006136698896716583
titled 0.000877963125548727 1.2218487496163564 0.0010727381471609802
became 0.0026338893766461808 0.07572071393811834 0.0001994399840336743
known 0.0026338893766461808 0.06048074738138145 0.00015929959801944192
polished 0.000877963125548727 1.6989700043360187 0.0014916330152203853
vocal 0.0026338893766461808 2.154901959985743 0.005675773380120482
broad 0.000877963125548727 1.5228787452803376 0.0013370313830380488
range 0.000877963125548727 1.2218487496163564 0.0010727381471609802
chic 0.000877963125548727 2.0 0.001755926251097454
style 0.001755926251097454 0.8239087409443188 0.0014467229867327809
sexy 0.000877963125548727 1.3010299956639813 0.0011422563614257957
dance 0.0026338893766461808 1.1549019599857433 0.003041884003474302
move 0.000877963125548727 1.2218487496163564 0.0010727381471609802
sensual 0.000877963125548727 2.0 0.001755926251097454
ballad 0.000877963125548727 2.0 0.001755926251097454
dominant 0.000877963125548727 1.5228787452803376 0.0013370313830380488
player 0.000877963125548727 0.958607314841775 0.0008416218743123573
industry 0.000877963125548727 0.7958800173440752 0.0006987533075891793
across 0.000877963125548727 0.8239087409443188 0.0007233614933663904
different 0.000877963125548727 0.7695510786217261 0.0006756374702561248
musical 0.001755926251097454 0.48148606012211254 0.0008454540125059043
genre 0.000877963125548727 1.3010299956639813 0.0011422563614257957
including 0.0026338893766461808 0.2365720064370627 0.0006231044945664514
blue 0.000877963125548727 1.0 0.000877963125548727
following 0.0026338893766461808 0.2518119729937996 0.0006632448805806837
second 0.001755926251097454 0.19382002601611284 0.000340333671670084
single 0.003511852502194908 1.0 0.003511852502194908
nice 0.000877963125548727 1.6989700043360187 0.0014916330152203853
slow 0.000877963125548727 1.5228787452803376 0.0013370313830380488
make 0.0026338893766461808 0.3872161432802645 0.001019884486251794
wanna 0.000877963125548727 1.6989700043360187 0.0014916330152203853
skyrocketed 0.000877963125548727 1.6989700043360187 0.0014916330152203853
young 0.000877963125548727 0.3010299956639812 0.00026429323587706866
artist 0.0026338893766461808 0.619788758288394 0.0016324550262205285
selling 0.000877963125548727 0.6575773191777938 0.0005773286384352887
quickly 0.000877963125548727 0.619788758288394 0.0005441516754068429
lauded 0.000877963125548727 1.5228787452803376 0.0013370313830380488
fluid 0.000877963125548727 1.6989700043360187 0.0014916330152203853
addictive 0.000877963125548727 2.0 0.001755926251097454
melody 0.000877963125548727 1.6989700043360187 0.0014916330152203853
also 0.003511852502194908 0.0861861476162833 0.0003026730381607842
incorporating 0.000877963125548727 1.6989700043360187 0.0014916330152203853
sexual 0.000877963125548727 0.7958800173440752 0.0006987533075891793
undertone 0.000877963125548727 2.0 0.001755926251097454
performance 0.0026338893766461808 1.7721132953863266 0.004667550382931501
live 0.000877963125548727 0.431798275933005 0.0003791029639446927
followed 0.000877963125548727 0.5528419686577808 0.0004853748627372966
incredibly 0.001755926251097454 1.6989700043360187 0.0029832660304407706
included 0.0026338893766461808 0.48148606012211254 0.0012681810187588564
got 0.001755926251097454 0.5376020021010439 0.0009439894681317716
bad 0.000877963125548727 0.6020599913279624 0.0005285864717541373
well 0.001755926251097454 0.20065945054641826 0.0003523431967452472
winning 0.001755926251097454 0.4202164033831899 0.0007378690138423001
remind 0.000877963125548727 1.3010299956639813 0.0011422563614257957
call 0.000877963125548727 0.6989700043360189 0.0006136698896716583
united 0.000877963125548727 0.18708664335714445 0.0001642551741502585
state 0.000877963125548727 0.20065945054641826 0.0001761715983726236
alone 0.000877963125548727 1.1549019599857433 0.001013961334491434
nearly 0.001755926251097454 0.721246399047171 0.0012664554855964373
decade 0.001755926251097454 1.4621809049267258 0.0025674818348142684
extremely 0.000877963125548727 1.3010299956639813 0.0011422563614257957
received 0.0026338893766461808 0.28399665636520083 0.0007480157762033385
sale 0.000877963125548727 1.0969100130080565 0.000963046543466248
accumulated 0.000877963125548727 1.5228787452803376 0.0013370313830380488
worldwide 0.000877963125548727 1.045757490560675 0.0009181365149786436
burn 0.000877963125548727 1.3979400086720377 0.0012273397793433167
part 0.000877963125548727 0.3372421683184259 0.00029608618816367505
ii 0.000877963125548727 0.48148606012211254 0.00042272700625295217
yeah 0.000877963125548727 2.0 0.001755926251097454
collaboration 0.001755926251097454 1.3010299956639813 0.0022845127228515913
ludacris 0.000877963125548727 2.0 0.001755926251097454
lil 0.000877963125548727 1.3979400086720377 0.0012273397793433167
jon 0.000877963125548727 1.3979400086720377 0.0012273397793433167
impressive 0.000877963125548727 1.3010299956639813 0.0011422563614257957
track 0.000877963125548727 0.8860566476931633 0.0007779250638219169
achieved 0.000877963125548727 0.8239087409443188 0.0007233614933663904
top 0.001755926251097454 0.48148606012211254 0.0008454540125059043
seven 0.001755926251097454 0.619788758288394 0.0010883033508136857
named 0.000877963125548727 0.494850021680094 0.00043446007171211065
later 0.001755926251097454 0.09151498112135023 0.00016069355771966678
three 0.000877963125548727 0.2076083105017461 0.0001822724411780036
best 0.0052677787532923615 0.13667713987954408 0.0007199849335182304
contemporary 0.001755926251097454 0.7958800173440752 0.0013975066151783585
duo 0.000877963125548727 1.3979400086720377 0.0012273397793433167
group 0.003511852502194908 1.2306226739238615 0.004321765316677301
rap 0.000877963125548727 1.6989700043360187 0.0014916330152203853
sung 0.000877963125548727 1.6989700043360187 0.0014916330152203853
release 0.000877963125548727 0.5686362358410126 0.0004992416469192385
v 0.003511852502194908 0.8860566476931633 0.0031117002552876675
grammys 0.001755926251097454 1.3010299956639813 0.0022845127228515913
male 0.000877963125548727 1.2218487496163564 0.0010727381471609802
go 0.000877963125548727 1.1549019599857433 0.001013961334491434
baby 0.000877963125548727 0.8860566476931633 0.0007779250638219169
singer 0.006145741878841089 0.4202164033831899 0.0025825415484480503
eight 0.000877963125548727 0.6989700043360189 0.0006136698896716583
soul 0.001755926251097454 0.853871964321762 0.0014993361972287305
train 0.000877963125548727 1.0 0.000877963125548727
five 0.000877963125548727 0.48148606012211254 0.00042272700625295217
nine 0.000877963125548727 0.8239087409443188 0.0007233614933663904
society 0.000877963125548727 0.7695510786217261 0.0006756374702561248
composer 0.000877963125548727 2.0 0.001755926251097454
author 0.001755926251097454 1.5833594926617192 0.002780262498089059
publisher 0.001755926251097454 2.070581074285707 0.0036357876633638406
march 0.0026338893766461808 0.27572413039921095 0.000726226857943488
announced 0.003511852502194908 0.40893539297350084 0.0014361207830500468
working 0.000877963125548727 0.35654732351381263 0.00031303540255822
eighth 0.000877963125548727 1.2218487496163564 0.0010727381471609802
studio 0.000877963125548727 1.045757490560675 0.0009181365149786436
entitled 0.000877963125548727 1.045757490560675 0.0009181365149786436
ur 0.000877963125548727 2.0 0.001755926251097454
described 0.000877963125548727 0.6989700043360189 0.0006136698896716583
would 0.000877963125548727 0.2291479883578558 0.00020118348407186637
urban 0.000877963125548727 0.9208187539523752 0.0008084449112839116
previous 0.001755926251097454 1.1549019599857433 0.002027922668982868
already 0.000877963125548727 1.0 0.000877963125548727
good 0.000877963125548727 0.585026652029182 0.0005136318279448482
kisser 0.000877963125548727 2.0 0.001755926251097454
came 0.000877963125548727 0.3010299956639812 0.00026429323587706866
give 0.000877963125548727 0.721246399047171 0.0006332277427982186
featuring 0.001755926251097454 1.2218487496163564 0.0021454762943219604
nicki 0.000877963125548727 1.6989700043360187 0.0014916330152203853
minaj 0.000877963125548727 1.6989700043360187 0.0014916330152203853
mind 0.001755926251097454 1.0 0.001755926251097454
juicy 0.000877963125548727 2.0 0.001755926251097454
j 0.000877963125548727 0.7958800173440752 0.0006987533075891793
outside 0.000877963125548727 0.6989700043360189 0.0006136698896716583
worked 0.000877963125548727 0.3098039199714864 0.00027199641788541387
stage 0.000877963125548727 0.721246399047171 0.0006332277427982186
actor 0.000877963125548727 0.4685210829577449 0.0004113442343790561
one 0.004389815627743635 0.08092190762392613 0.00035523225471433776
earliest 0.000877963125548727 1.5228787452803376 0.0013370313830380488
teen 0.000877963125548727 0.8860566476931633 0.0007779250638219169
horror 0.001755926251097454 1.3010299956639813 0.0022845127228515913
faculty 0.000877963125548727 1.3979400086720377 0.0012273397793433167
went 0.000877963125548727 0.32790214206428253 0.0002878859895208802
guest 0.000877963125548727 1.045757490560675 0.0009181365149786436
appearance 0.000877963125548727 1.0 0.000877963125548727
television 0.0026338893766461808 0.04575749056067514 0.00012052016828975016
marvin 0.000877963125548727 1.0969100130080565 0.000963046543466248
gaye 0.000877963125548727 1.6989700043360187 0.0014916330152203853
program 0.001755926251097454 1.5114492834995557 0.0026539934740993074
dream 0.000877963125548727 1.045757490560675 0.0009181365149786436
played 0.000877963125548727 0.6575773191777938 0.0005773286384352887
disc 0.000877963125548727 1.6989700043360187 0.0014916330152203853
jockey 0.000877963125548727 2.0 0.001755926251097454
mix 0.000877963125548727 1.1549019599857433 0.001013961334491434
lead 0.001755926251097454 0.5228787452803376 0.0009181365149786438
billy 0.000877963125548727 1.1549019599857433 0.001013961334491434
flynn 0.000877963125548727 1.5228787452803376 0.0013370313830380488
broadway 0.000877963125548727 1.1549019599857433 0.001013961334491434
chicago 0.000877963125548727 0.638272163982407 0.0005603794240407437
read 0.000877963125548727 0.0655015487564323 5.750794447447963e-05
next 0.000877963125548727 0.07058107428570728 6.196758058446645e-05
bella 0.000877963125548727 0.0655015487564323 5.750794447447963e-05
hadid 0.000877963125548727 0.0655015487564323 5.750794447447963e-05
sadie 0.000877963125548727 0.06048074738138145 5.309986600648064e-05
alexander 0.000877963125548727 0.05551732784983141 4.874216668115137e-05
adrienne 0.000877963125548727 0.0655015487564323 5.750794447447963e-05
kennedy 0.000877963125548727 0.06048074738138145 5.309986600648064e-05
newest 0.000877963125548727 2.0 0.001755926251097454
judge 0.003511852502194908 1.8068754016455384 0.006345479900423313
coach 0.001755926251097454 1.3979400086720377 0.0024546795586866334
voice 0.003511852502194908 0.7447274948966939 0.0026153731164063
popular 0.001755926251097454 0.4685210829577449 0.0008226884687581122
competition 0.000877963125548727 1.3010299956639813 0.0011422563614257957
series 0.000877963125548727 0.37675070960209955 0.0003307732305549601
nbc 0.000877963125548727 1.1549019599857433 0.001013961334491434
along 0.001755926251097454 0.4202164033831899 0.0007378690138423001
latin 0.000877963125548727 1.3979400086720377 0.0012273397793433167
songstress 0.000877963125548727 2.0 0.001755926251097454
shakira 0.003511852502194908 2.0 0.007023705004389816
made 0.000877963125548727 0.1804560644581313 0.0001584337703758835
debut 0.001755926251097454 0.8239087409443188 0.0014467229867327809
season 0.0026338893766461808 1.2218487496163564 0.00321821444148294
premiere 0.000877963125548727 1.5228787452803376 0.0013370313830380488
replacing 0.000877963125548727 1.3010299956639813 0.0011422563614257957
cee 0.000877963125548727 2.0 0.001755926251097454
lo 0.000877963125548727 1.6989700043360187 0.0014916330152203853
green 0.001755926251097454 0.6989700043360189 0.0012273397793433167
christina 0.000877963125548727 1.6989700043360187 0.0014916330152203853
aguilera 0.001755926251097454 1.6989700043360187 0.0029832660304407706
starred 0.000877963125548727 0.7695510786217261 0.0006756374702561248
alongside 0.000877963125548727 0.7695510786217261 0.0006756374702561248
returning 0.000877963125548727 0.8860566476931633 0.0007779250638219169
adam 0.000877963125548727 1.6989700043360187 0.0014916330152203853
levine 0.000877963125548727 1.6989700043360187 0.0014916330152203853
blake 0.000877963125548727 1.6989700043360187 0.0014916330152203853
shelton 0.000877963125548727 2.0 0.001755926251097454
viewer 0.000877963125548727 1.3010299956639813 0.0011422563614257957
offbeat 0.000877963125548727 2.0 0.001755926251097454
coaching 0.000877963125548727 2.0 0.001755926251097454
despite 0.000877963125548727 0.4202164033831899 0.00036893450692115004
success 0.001755926251097454 0.431798275933005 0.0007582059278893854
sit 0.000877963125548727 0.958607314841775 0.0008416218743123573
fifth 0.000877963125548727 1.2218487496163564 0.0010727381471609802
return 0.001755926251097454 0.7447274948966939 0.00130768655820315
chair 0.000877963125548727 2.0 0.001755926251097454
sixth 0.000877963125548727 1.1549019599857433 0.001013961334491434
stay 0.000877963125548727 2.0 0.001755926251097454
busy 0.000877963125548727 1.0969100130080565 0.000963046543466248
charity 0.000877963125548727 1.0 0.000877963125548727
new 0.000877963125548727 0.14266750356873154 0.0001252568073474377
look 0.001755926251097454 0.07058107428570728 0.0001239351611689329
foundation 0.001755926251097454 0.7695510786217261 0.0013512749405122496
founded 0.000877963125548727 0.619788758288394 0.0005441516754068429
provide 0.000877963125548727 0.958607314841775 0.0008416218743123573
funding 0.000877963125548727 1.1549019599857433 0.001013961334491434
child 0.007901668129938543 0.5000381344038097 0.003951135390372509
foster 0.0052677787532923615 1.3010299956639813 0.006853538168554774
care 0.000877963125548727 0.5376020021010439 0.0004719947340658858
service 0.000877963125548727 0.5086383061657272 0.0004465656770550722
hold 0.000877963125548727 1.0 0.000877963125548727
conference 0.000877963125548727 1.6989700043360187 0.0014916330152203853
camp 0.000877963125548727 1.5228787452803376 0.0013370313830380488
risk 0.000877963125548727 1.0 0.000877963125548727
youth 0.000877963125548727 0.958607314841775 0.0008416218743123573
ultimately 0.000877963125548727 0.9208187539523752 0.0008084449112839116
promote 0.000877963125548727 0.958607314841775 0.0008416218743123573
leadership 0.000877963125548727 0.638272163982407 0.0005603794240407437
skill 0.001755926251097454 1.045757490560675 0.0018362730299572871
kid 0.000877963125548727 0.9208187539523752 0.0008084449112839116
impoverished 0.000877963125548727 1.5228787452803376 0.0013370313830380488
community 0.000877963125548727 1.045757490560675 0.0009181365149786436
nonprofit 0.000877963125548727 1.3979400086720377 0.0012273397793433167
boy 0.001755926251097454 2.0177287669604316 0.003542982909500319
girl 0.001755926251097454 0.7958800173440752 0.0013975066151783585
club 0.000877963125548727 1.5228787452803376 0.0013370313830380488
america 0.000877963125548727 0.37675070960209955 0.0003307732305549601
trumpet 0.000877963125548727 1.3979400086720377 0.0012273397793433167
national 0.000877963125548727 0.3010299956639812 0.00026429323587706866
association 0.000877963125548727 0.8239087409443188 0.0007233614933663904
advancement 0.000877963125548727 1.0969100130080565 0.000963046543466248
colored 0.000877963125548727 1.2218487496163564 0.0010727381471609802
additionally 0.000877963125548727 0.9208187539523752 0.0008084449112839116
invested 0.000877963125548727 1.5228787452803376 0.0013370313830380488
entrepreneurial 0.000877963125548727 2.0 0.001755926251097454
endeavor 0.000877963125548727 1.5228787452803376 0.0013370313830380488
owns 0.000877963125548727 1.6989700043360187 0.0014916330152203853
label 0.000877963125548727 0.958607314841775 0.0008416218743123573
men 0.000877963125548727 0.6777807052660807 0.0005950664664320287
cologne 0.000877963125548727 2.0 0.001755926251097454
line 0.000877963125548727 0.853871964321762 0.0007496680986143653
co 0.001755926251097454 0.4202164033831899 0.0007378690138423001
owner 0.000877963125548727 1.3010299956639813 0.0011422563614257957
cleveland 0.000877963125548727 1.1549019599857433 0.001013961334491434
cavalier 0.000877963125548727 2.0 0.001755926251097454
basketball 0.000877963125548727 1.045757490560675 0.0009181365149786436
team 0.000877963125548727 0.619788758288394 0.0005441516754068429
dated 0.000877963125548727 1.3979400086720377 0.0012273397793433167
chili 0.000877963125548727 2.0 0.001755926251097454
former 0.001755926251097454 0.27572413039921095 0.000484151238628992
member 0.001755926251097454 0.3010299956639812 0.0005285864717541373
female 0.000877963125548727 0.6020599913279624 0.0005285864717541373
tlc 0.000877963125548727 2.0 0.001755926251097454
married 0.001755926251097454 0.24412514432750856 0.000428665749477627
tameka 0.001755926251097454 2.0 0.003511852502194908
together 0.001755926251097454 0.431798275933005 0.0007582059278893854
naviyd 0.000877963125548727 2.0 0.001755926251097454
ely 0.000877963125548727 2.0 0.001755926251097454
couple 0.001755926251097454 0.40893539297350084 0.0007180603915250234
divorced 0.000877963125548727 0.853871964321762 0.0007496680986143653
july 0.000877963125548727 0.37675070960209955 0.0003307732305549601
son 0.001755926251097454 0.28399665636520083 0.000498677184135559
relationship 0.000877963125548727 0.5228787452803376 0.0004590682574893219
stepson 0.000877963125548727 2.0 0.001755926251097454
kyle 0.000877963125548727 2.0 0.001755926251097454
glover 0.0026338893766461808 1.3010299956639813 0.003426769084277387
suffered 0.000877963125548727 0.6575773191777938 0.0005773286384352887
severe 0.000877963125548727 1.045757490560675 0.0009181365149786436
brain 0.001755926251097454 1.0 0.001755926251097454
injury 0.001755926251097454 4.0 0.007023705004389816
water 0.000877963125548727 1.045757490560675 0.0009181365149786436
accident 0.001755926251097454 1.1549019599857433 0.002027922668982868
according 0.001755926251097454 0.638272163982407 0.0011207588480814873
medium 0.000877963125548727 0.5086383061657272 0.0004465656770550722
report 0.000877963125548727 0.7695510786217261 0.0006756374702561248
riding 0.000877963125548727 1.3979400086720377 0.0012273397793433167
inflatable 0.000877963125548727 2.0 0.001755926251097454
tube 0.000877963125548727 1.6989700043360187 0.0014916330152203853
lake 0.000877963125548727 2.0 0.001755926251097454
lanier 0.000877963125548727 2.0 0.001755926251097454
georgia 0.001755926251097454 0.721246399047171 0.0012664554855964373
jet 0.000877963125548727 1.5228787452803376 0.0013370313830380488
ski 0.000877963125548727 1.6989700043360187 0.0014916330152203853
struck 0.001755926251097454 0.9208187539523752 0.0016168898225678231
head 0.000877963125548727 0.5228787452803376 0.0004590682574893219
knocked 0.000877963125548727 1.2218487496163564 0.0010727381471609802
unconscious 0.000877963125548727 2.0 0.001755926251097454
rushed 0.000877963125548727 1.5228787452803376 0.0013370313830380488
local 0.000877963125548727 0.6989700043360189 0.0006136698896716583
hospital 0.001755926251097454 0.8239087409443188 0.0014467229867327809
declared 0.000877963125548727 0.5528419686577808 0.0004853748627372966
dead 0.000877963125548727 0.9208187539523752 0.0008084449112839116
doctor 0.000877963125548727 1.3010299956639813 0.0011422563614257957
tragedy 0.000877963125548727 0.853871964321762 0.0007496680986143653
family 0.000877963125548727 0.11918640771920867 0.00010464127104408136
august 0.000877963125548727 0.494850021680094 0.00043446007171211065
caught 0.000877963125548727 1.1549019599857433 0.001013961334491434
pool 0.000877963125548727 1.045757490560675 0.0009181365149786436
drain 0.000877963125548727 2.0 0.001755926251097454
home 0.000877963125548727 0.31875876262441283 0.0002798584395297742
aunt 0.000877963125548727 1.5228787452803376 0.0013370313830380488
watching 0.000877963125548727 1.2218487496163564 0.0010727381471609802
incident 0.000877963125548727 0.8860566476931633 0.0007779250638219169
happened 0.000877963125548727 1.3010299956639813 0.0011422563614257957
tried 0.000877963125548727 0.8239087409443188 0.0007233614933663904
free 0.000877963125548727 0.6989700043360189 0.0006136698896716583
taken 0.000877963125548727 0.6989700043360189 0.0006136698896716583
nearby 0.000877963125548727 1.0969100130080565 0.000963046543466248
survived 0.000877963125548727 1.0 0.000877963125548727
ex 0.000877963125548727 0.9208187539523752 0.0008084449112839116
wife 0.000877963125548727 0.3098039199714864 0.00027199641788541387
launched 0.000877963125548727 0.6777807052660807 0.0005950664664320287
legal 0.001755926251097454 0.5086383061657272 0.0008931313541101444
battle 0.000877963125548727 0.721246399047171 0.0006332277427982186
regain 0.000877963125548727 1.3979400086720377 0.0012273397793433167
custody 0.001755926251097454 1.045757490560675 0.0018362730299572871
claim 0.000877963125548727 1.3010299956639813 0.0011422563614257957
capable 0.000877963125548727 1.6989700043360187 0.0014916330152203853
providing 0.000877963125548727 1.0969100130080565 0.000963046543466248
daily 0.000877963125548727 1.0969100130080565 0.000963046543466248
caregiving 0.000877963125548727 2.0 0.001755926251097454
supervision 0.000877963125548727 1.3010299956639813 0.0011422563614257957
minor 0.000877963125548727 1.3010299956639813 0.0011422563614257957
filing 0.000877963125548727 1.3979400086720377 0.0012273397793433167
cnn 0.000877963125548727 1.3010299956639813 0.0011422563614257957
case 0.000877963125548727 0.5228787452803376 0.0004590682574893219
disagreed 0.000877963125548727 2.0 0.001755926251097454
allowed 0.000877963125548727 0.7958800173440752 0.0006987533075891793
retain 0.000877963125548727 2.0 0.001755926251097454
september 0.001755926251097454 0.5086383061657272 0.0008931313541101444
longtime 0.000877963125548727 0.7447274948966939 0.000653843279101575
girlfriend 0.001755926251097454 1.2218487496163564 0.0021454762943219604
manager 0.000877963125548727 0.9208187539523752 0.0008084449112839116
grace 0.000877963125548727 1.3010299956639813 0.0011422563614257957
miguel 0.000877963125548727 1.3979400086720377 0.0012273397793433167
executive 0.000877963125548727 0.5528419686577808 0.0004853748627372966
def 0.000877963125548727 2.0 0.001755926251097454
jam 0.000877963125548727 1.6989700043360187 0.0014916330152203853
separation 0.000877963125548727 1.6989700043360187 0.0014916330152203853
marriage 0.000877963125548727 0.5376020021010439 0.0004719947340658858
jenn 0.000877963125548727 2.0 0.001755926251097454
goicoechea 0.000877963125548727 2.0 0.001755926251097454
welcomed 0.000877963125548727 0.8860566476931633 0.0007779250638219169
daughter 0.000877963125548727 0.31875876262441283 0.0002798584395297742
sovereign 0.000877963125548727 2.0 0.001755926251097454
bo 0.000877963125548727 1.3010299956639813 0.0011422563614257957
may 0.000877963125548727 0.3098039199714864 0.00027199641788541387
pair 0.000877963125548727 0.7958800173440752 0.0006987533075891793
expecting 0.000877963125548727 1.5228787452803376 0.0013370313830380488
check 0.000877963125548727 0.07058107428570728 6.196758058446645e-05
strive 0.000877963125548727 0.07058107428570728 6.196758058446645e-05
accuracy 0.000877963125548727 0.07058107428570728 6.196758058446645e-05
fairness 0.000877963125548727 0.07058107428570728 6.196758058446645e-05
see 0.001755926251097454 0.04575749056067514 8.034677885983343e-05
something 0.000877963125548727 0.07058107428570728 6.196758058446645e-05
right 0.000877963125548727 0.07058107428570728 6.196758058446645e-05
citation 0.000877963125548727 0.07058107428570728 6.196758058446645e-05
information 0.000877963125548727 0.07058107428570728 6.196758058446645e-05
article 0.000877963125548727 0.07058107428570728 6.196758058446645e-05
title 0.000877963125548727 0.07058107428570728 6.196758058446645e-05
com 0.001755926251097454 0.06048074738138145 0.00010619973201296128
editor 0.000877963125548727 0.1023729087095586 8.987963890215857e-05
website 0.001755926251097454 0.0655015487564323 0.00011501588894895927
url 0.000877963125548727 0.07058107428570728 6.196758058446645e-05
access 0.000877963125548727 0.07058107428570728 6.196758058446645e-05
e 0.001755926251097454 0.04575749056067514 8.034677885983343e-05
network 0.001755926251097454 0.04575749056067514 8.034677885983343e-05
last 0.000877963125548727 0.0655015487564323 5.750794447447963e-05
updated 0.000877963125548727 0.07058107428570728 6.196758058446645e-05
original 0.000877963125548727 0.0655015487564323 5.750794447447963e-05
published 0.000877963125548727 0.07058107428570728 6.196758058446645e-05
april 0.000877963125548727 0.1549019599857432 0.00013599820894270694
receive 0.000877963125548727 0.05551732784983141 4.874216668115137e-05
story 0.003511852502194908 0.7332980331159121 0.0025752345324527204
shaped 0.001755926251097454 0.05551732784983141 9.748433336230275e-05
world 0.001755926251097454 0.04575749056067514 8.034677885983343e-05
person 0.007901668129938543 0.05060999335508724 0.00039990337155029434
toni 0.001755926251097454 1.3010299956639813 0.0022845127228515913
braxton 0.001755926251097454 2.0 0.003511852502194908
songwriter 0.001755926251097454 0.8860566476931633 0.0015558501276438338
actress 0.001755926251097454 0.6020599913279624 0.0010571729435082747
un 0.000877963125548727 1.3010299956639813 0.0011422563614257957
break 0.000877963125548727 0.8860566476931633 0.0007779250638219169
heart 0.001755926251097454 0.5228787452803376 0.0009181365149786438
mean 0.000877963125548727 1.2218487496163564 0.0010727381471609802
breathe 0.000877963125548727 2.0 0.001755926251097454
gwen 0.001755926251097454 2.0 0.003511852502194908
stefani 0.001755926251097454 2.0 0.003511852502194908
enjoyed 0.000877963125548727 0.6575773191777938 0.0005773286384352887
founding 0.000877963125548727 0.6777807052660807 0.0005950664664320287
ska 0.000877963125548727 2.0 0.001755926251097454
doubt 0.000877963125548727 1.1549019599857433 0.001013961334491434
solo 0.001755926251097454 0.6575773191777938 0.0011546572768705774
lady 0.0026338893766461808 2.0555173278498318 0.005414005253335816
gaga 0.001755926251097454 1.5228787452803376 0.0026740627660760976
icon 0.001755926251097454 1.0 0.001755926251097454
poker 0.000877963125548727 2.0 0.001755926251097454
face 0.000877963125548727 0.7958800173440752 0.0006987533075891793
golden 0.000877963125548727 1.2218487496163564 0.0010727381471609802
globe 0.000877963125548727 1.3979400086720377 0.0012273397793433167
oscar 0.000877963125548727 0.9208187539523752 0.0008084449112839116
nomination 0.000877963125548727 0.5086383061657272 0.0004465656770550722
starring 0.000877963125548727 0.8239087409443188 0.0007233614933663904
cyndi 0.001755926251097454 1.6989700043360187 0.0029832660304407706
lauper 0.001755926251097454 1.6989700043360187 0.0029832660304407706
rose 0.000877963125548727 0.7447274948966939 0.000653843279101575
string 0.000877963125548727 1.1549019599857433 0.001013961334491434
want 0.000877963125548727 0.585026652029182 0.0005136318279448482
fun 0.000877963125548727 2.0 0.001755926251097454
jennifer 0.001755926251097454 1.3010299956639813 0.0022845127228515913
lopez 0.001755926251097454 1.6989700043360187 0.0029832660304407706
hollywood 0.000877963125548727 0.7958800173440752 0.0006987533075891793
leading 0.000877963125548727 0.5228787452803376 0.0004590682574893219
forged 0.000877963125548727 1.5228787452803376 0.0013370313830380488
career 0.000877963125548727 0.17392519729917358 0.00015269990983246144
ray 0.001755926251097454 1.0969100130080565 0.001926093086932496
charles 0.001755926251097454 0.8860566476931633 0.0015558501276438338
pioneer 0.000877963125548727 0.958607314841775 0.0008416218743123573
integrating 0.000877963125548727 1.0969100130080565 0.000963046543466248
gospel 0.000877963125548727 0.958607314841775 0.0008416218743123573
country 0.001755926251097454 0.27572413039921095 0.000484151238628992
create 0.000877963125548727 0.8239087409443188 0.0007233614933663904
like 0.001755926251097454 0.2365720064370627 0.00041540299637763425
unchain 0.000877963125548727 1.3979400086720377 0.0012273397793433167
road 0.000877963125548727 0.853871964321762 0.0007496680986143653
jack 0.000877963125548727 0.853871964321762 0.0007496680986143653
dolly 0.001755926251097454 1.6989700043360187 0.0029832660304407706
parton 0.001755926251097454 2.0 0.003511852502194908
cultural 0.000877963125548727 1.3979400086720377 0.0012273397793433167
whose 0.000877963125548727 0.7695510786217261 0.0006756374702561248
powerful 0.000877963125548727 0.721246399047171 0.0006332277427982186
songwriting 0.000877963125548727 1.3010299956639813 0.0011422563614257957
established 0.000877963125548727 0.7447274948966939 0.000653843279101575
presence 0.000877963125548727 0.958607314841775 0.0008416218743123573
stevie 0.001755926251097454 1.3979400086720377 0.0024546795586866334
wonder 0.001755926251097454 1.2218487496163564 0.0021454762943219604
prodigy 0.000877963125548727 1.3979400086720377 0.0012273397793433167
creative 0.000877963125548727 1.2218487496163564 0.0010727381471609802
figure 0.000877963125548727 0.8239087409443188 0.0007233614933663904
th 0.000877963125548727 0.2076083105017461 0.0001822724411780036
century 0.000877963125548727 0.494850021680094 0.00043446007171211065
cherie 0.000877963125548727 1.5228787452803376 0.0013370313830380488
amour 0.000877963125548727 1.5228787452803376 0.0013370313830380488
sunshine 0.000877963125548727 1.3979400086720377 0.0012273397793433167
superstition 0.000877963125548727 1.5228787452803376 0.0013370313830380488
britney 0.001755926251097454 2.0 0.003511852502194908
spear 0.001755926251097454 2.0 0.003511852502194908
sometimes 0.000877963125548727 0.958607314841775 0.0008416218743123573
controversial 0.000877963125548727 0.721246399047171 0.0006332277427982186
act 0.000877963125548727 0.853871964321762 0.0007496680986143653
reached 0.000877963125548727 0.721246399047171 0.0006332277427982186
loading 0.000877963125548727 0.04575749056067514 4.0173389429916716e-05
logo 0.000877963125548727 0.04575749056067514 4.0173389429916716e-05
registered 0.000877963125548727 0.04575749056067514 4.0173389429916716e-05
trademark 0.000877963125548727 0.04575749056067514 4.0173389429916716e-05
llc 0.000877963125548727 0.04575749056067514 4.0173389429916716e-05
close 0.003511852502194908 0.04575749056067514 0.00016069355771966686
