nelson 0.0125 0.9208187539523752 0.011510234424404691
mandela 0.04375 1.0969100130080565 0.047989813069102466
quote 0.0016666666666666668 0.3872161432802645 0.0006453602388004409
spouse 0.0004166666666666667 1.3979400086720377 0.000582475003613349
death 0.002916666666666667 0.2365720064370627 0.0006900016854414329
biography 0.004583333333333333 0.04575749056067514 0.00020972183173642773
skip 0.0004166666666666667 0.04575749056067514 1.9065621066947976e-05
main 0.0008333333333333334 0.04575749056067514 3.813124213389595e-05
content 0.0004166666666666667 0.04575749056067514 1.9065621066947976e-05
people 0.007083333333333333 0.04575749056067514 0.00032411555813811557
nostalgia 0.00125 0.04575749056067514 5.719686320084393e-05
celebrity 0.00125 0.04575749056067514 5.719686320084393e-05
history 0.0020833333333333333 0.04575749056067514 9.532810533473988e-05
culture 0.00125 0.04575749056067514 5.719686320084393e-05
crime 0.00125 0.04575749056067514 5.719686320084393e-05
scandal 0.00125 0.04575749056067514 5.719686320084393e-05
video 0.00125 0.04575749056067514 5.719686320084393e-05
contact 0.0016666666666666668 0.04575749056067514 7.62624842677919e-05
u 0.0025 0.20065945054641832 0.0005016486263660458
advertise 0.0008333333333333334 0.04575749056067514 3.813124213389595e-05
privacy 0.00125 0.04575749056067514 5.719686320084393e-05
notice 0.0008333333333333334 0.04575749056067514 3.813124213389595e-05
term 0.00125 0.04575749056067514 5.719686320084393e-05
use 0.00125 0.04575749056067514 5.719686320084393e-05
copyright 0.0008333333333333334 0.04575749056067514 3.813124213389595e-05
policy 0.0025 0.7670038896078462 0.0019175097240196155
ad 0.0008333333333333334 0.04575749056067514 3.813124213389595e-05
choice 0.00125 0.9318141382538384 0.0011647676728172981
accessibility 0.0008333333333333334 0.04575749056067514 3.813124213389595e-05
support 0.0025 0.04575749056067514 0.00011439372640168787
setting 0.0004166666666666667 0.04575749056067514 1.9065621066947976e-05
february 0.00125 0.04575749056067514 5.719686320084393e-05
subscribe 0.0008333333333333334 0.04575749056067514 3.813124213389595e-05
newsletter 0.00125 0.04575749056067514 5.719686320084393e-05
photo 0.00125 1.0457574905606752 0.001307196863200844
per 0.0004166666666666667 1.3010299956639813 0.0005420958315266589
anders 0.0004166666666666667 2.0 0.0008333333333333334
pettersson 0.0004166666666666667 2.0 0.0008333333333333334
getty 0.0004166666666666667 0.2291479883578558 9.547832848243992e-05
image 0.00125 0.2218487496163564 0.0002773109370204455
quick 0.0004166666666666667 0.07058107428570728 2.9408780952378036e-05
fact 0.00125 0.14116214857141457 0.00017645268571426823
name 0.0020833333333333333 0.05551732784983141 0.00011566109968714877
birth 0.00125 0.07058107428570728 8.822634285713411e-05
date 0.0020833333333333333 0.07058107428570728 0.00014704390476189019
july 0.0016666666666666668 0.37675070960209955 0.0006279178493368326
december 0.00125 0.40893539297350084 0.000511169241216876
know 0.00125 0.4559319556497244 0.0005699149445621555
african 0.012499999999999999 2.283996656365201 0.02854995820456501
rolihlahla 0.00125 2.0 0.0025
mean 0.0008333333333333334 1.0969100130080565 0.0009140916775067138
troublemaker 0.0008333333333333334 1.5228787452803376 0.001269065621066948
became 0.0016666666666666668 0.07572071393811834 0.0001262011898968639
first 0.005833333333333334 0.0655015487564323 0.0003820923677458551
black 0.007916666666666667 0.3872161432802645 0.003065461134302094
president 0.006666666666666667 0.16749108729376372 0.0011166072486250916
south 0.016666666666666666 0.40893539297350084 0.00681558988289168
africa 0.010416666666666666 0.7447274948966939 0.007757578071840561
serving 0.0016666666666666668 0.48148606012211254 0.0008024767668701876
beginning 0.0008333333333333334 0.9208187539523752 0.0007673489616269794
spent 0.0016666666666666668 0.48148606012211254 0.0008024767668701876
year 0.009166666666666667 0.24995468798823245 0.0022912513065587977
prison 0.005416666666666667 0.6020599913279624 0.0032611582863597962
political 0.004166666666666667 0.3098039199714864 0.0012908496665478598
offense 0.00125 1.5228787452803376 0.0019035984316004221
education 0.0020833333333333333 0.19382002601611284 0.00040379172086690173
wesleyan 0.0016666666666666668 2.0 0.0033333333333333335
college 0.00125 0.40893539297350084 0.000511169241216876
university 0.00375 0.2596373105057561 0.0009736399143965854
london 0.00125 1.0 0.00125
clarkebury 0.0008333333333333334 2.0 0.0016666666666666668
boarding 0.0008333333333333334 1.6989700043360187 0.0014158083369466823
institute 0.0008333333333333334 0.853871964321762 0.0007115599702681351
fort 0.0020833333333333333 1.5228787452803376 0.00317266405266737
hare 0.0020833333333333333 2.0 0.004166666666666667
witwatersrand 0.0008333333333333334 2.0 0.0016666666666666668
johannesburg 0.002916666666666667 1.5228787452803376 0.0044417296737343185
place 0.0008333333333333334 0.07572071393811834 6.310059494843195e-05
mvezo 0.00125 2.0 0.0025
transkei 0.0008333333333333334 2.0 0.0016666666666666668
cite 0.0004166666666666667 0.07058107428570728 2.9408780952378036e-05
page 0.0004166666666666667 0.07058107428570728 2.9408780952378036e-05
hate 0.0004166666666666667 1.0 0.0004166666666666667
race 0.0004166666666666667 0.619788758288394 0.0002582453159534975
discrimination 0.0004166666666666667 0.9208187539523752 0.0003836744808134897
intensely 0.0004166666666666667 2.0 0.0008333333333333334
manifestation 0.0004166666666666667 2.0 0.0008333333333333334
fought 0.00125 0.7958800173440752 0.000994850021680094
life 0.005833333333333334 0.13679614097137055 0.0007979774889996616
fight 0.0008333333333333334 0.5376020021010439 0.0004480016684175366
end 0.0016666666666666668 0.44369749923271273 0.0007394958320545213
day 0.002916666666666667 0.7013652168755644 0.0020456485492203963
difficulty 0.0004166666666666667 1.5228787452803376 0.000634532810533474
break 0.0004166666666666667 0.8860566476931633 0.0003691902698721514
men 0.0033333333333333335 0.6777807052660807 0.0022592690175536026
make 0.0025 0.3872161432802645 0.0009680403582006613
others 0.00125 0.494850021680094 0.0006185625271001175
axe 0.0004166666666666667 1.6989700043360187 0.0007079041684733412
sharp 0.0004166666666666667 1.0969100130080565 0.0004570458387533569
enough 0.0004166666666666667 0.6575773191777938 0.0002739905496574141
cut 0.0004166666666666667 0.958607314841775 0.00039941971451740627
soul 0.0004166666666666667 0.853871964321762 0.00035577998513406755
sinner 0.0004166666666666667 2.0 0.0008333333333333334
keep 0.00125 2.657577319177794 0.003321971648972242
trying 0.0004166666666666667 1.0 0.0004166666666666667
one 0.0025 0.08092190762392613 0.00020230476905981534
armed 0.0025 1.045757490560675 0.0026143937264016875
hope 0.0008333333333333334 0.9208187539523752 0.0007673489616269794
rise 0.0008333333333333334 1.0 0.0008333333333333334
even 0.0008333333333333334 0.3665315444204135 0.00030544295368367793
something 0.0008333333333333334 0.07058107428570728 5.881756190475607e-05
inevitable 0.0004166666666666667 2.0 0.0008333333333333334
man 0.0025 0.37675070960209955 0.0009418767740052489
done 0.0016666666666666668 0.958607314841775 0.001597678858069625
considers 0.0004166666666666667 2.0 0.0008333333333333334
duty 0.0004166666666666667 0.958607314841775 0.00039941971451740627
country 0.004166666666666667 0.27572413039921095 0.0011488505433300455
rest 0.00125 0.6020599913279624 0.000752574989159953
peace 0.005 0.7695510786217261 0.0038477553931086307
believe 0.0008333333333333334 0.853871964321762 0.0007115599702681351
made 0.002916666666666667 0.1804560644581313 0.000526330188002883
effort 0.0008333333333333334 1.391473966422806 0.0011595616386856718
therefore 0.0004166666666666667 1.045757490560675 0.00043573228773361464
sleep 0.0004166666666666667 1.045757490560675 0.00043573228773361464
eternity 0.0004166666666666667 2.0 0.0008333333333333334
conduct 0.0004166666666666667 1.0969100130080565 0.0004570458387533569
morality 0.0004166666666666667 1.6989700043360187 0.0007079041684733412
integrity 0.0004166666666666667 1.1549019599857433 0.00048120914999405973
consistency 0.0004166666666666667 2.0 0.0008333333333333334
need 0.00125 2.036212172654445 0.0025452652158180562
fear 0.0016666666666666668 1.045757490560675 0.0017429291509344586
force 0.0004166666666666667 0.8860566476931633 0.0003691902698721514
inhumanity 0.0004166666666666667 2.0 0.0008333333333333334
cruelty 0.0004166666666666667 1.5228787452803376 0.000634532810533474
everyone 0.0008333333333333334 1.0 0.0008333333333333334
circumstance 0.0004166666666666667 1.3010299956639813 0.0005420958315266589
achieve 0.00125 1.5228787452803376 0.0019035984316004221
success 0.0008333333333333334 0.431798275933005 0.0003598318966108375
dedicated 0.00125 1.045757490560675 0.0013071968632008438
passionate 0.0004166666666666667 1.5228787452803376 0.000634532810533474
march 0.00125 0.27572413039921095 0.00034465516299901367
freedom 0.002916666666666667 0.619788758288394 0.0018077172116744825
irreversible 0.0004166666666666667 2.0 0.0008333333333333334
must 0.0004166666666666667 0.8239087409443188 0.0003432953087267995
allow 0.0004166666666666667 1.045757490560675 0.00043573228773361464
stand 0.0004166666666666667 0.9208187539523752 0.0003836744808134897
way 0.0016666666666666668 0.431798275933005 0.000719663793221675
denied 0.0004166666666666667 1.045757490560675 0.00043573228773361464
right 0.004166666666666667 0.39848321634998984 0.0016603467347916243
live 0.0016666666666666668 0.431798275933005 0.000719663793221675
belief 0.0004166666666666667 1.3979400086720377 0.000582475003613349
become 0.00125 0.3372421683184259 0.0004215527103980324
outlaw 0.0004166666666666667 1.6989700043360187 0.0007079041684733412
learned 0.0008333333333333334 0.6989700043360189 0.000582475003613349
courage 0.0004166666666666667 0.958607314841775 0.00039941971451740627
absence 0.0004166666666666667 1.3010299956639813 0.0005420958315266589
triumph 0.0004166666666666667 1.5228787452803376 0.000634532810533474
brave 0.0004166666666666667 1.5228787452803376 0.000634532810533474
feel 0.0004166666666666667 0.8860566476931633 0.0003691902698721514
afraid 0.0004166666666666667 1.0 0.0004166666666666667
conquers 0.0004166666666666667 2.0 0.0008333333333333334
tremendous 0.0004166666666666667 1.3010299956639813 0.0005420958315266589
patience 0.0004166666666666667 1.6989700043360187 0.0007079041684733412
perseverance 0.0004166666666666667 1.5228787452803376 0.000634532810533474
test 0.0004166666666666667 1.0 0.0004166666666666667
commitment 0.0004166666666666667 1.045757490560675 0.00043573228773361464
moment 0.0004166666666666667 1.0 0.0004166666666666667
come 0.0008333333333333334 0.5528419686577808 0.0004607016405481507
responsibility 0.0008333333333333334 1.1549019599857433 0.0009624182999881195
dare 0.0004166666666666667 2.0 0.0008333333333333334
linger 0.0004166666666666667 1.5228787452803376 0.000634532810533474
long 0.00125 0.4559319556497244 0.0005699149445621555
walk 0.0016666666666666668 0.8860566476931633 0.0014767610794886056
yet 0.0004166666666666667 0.6777807052660807 0.0002824086271942003
ended 0.0004166666666666667 0.5686362358410126 0.0002369317649337553
lifetime 0.0008333333333333334 0.7958800173440752 0.0006632333477867294
struggle 0.0025 2.318758762624413 0.005796896906561032
white 0.004166666666666667 0.3872161432802645 0.001613400597001102
domination 0.0008333333333333334 2.0 0.0016666666666666668
cherished 0.0004166666666666667 2.0 0.0008333333333333334
ideal 0.00125 1.6989700043360187 0.0021237125054200234
democratic 0.0008333333333333334 0.3872161432802645 0.00032268011940022044
free 0.0016666666666666668 0.6989700043360189 0.001164950007226698
society 0.00125 0.7695510786217261 0.0009619388482771577
person 0.004166666666666667 1.3516399890190685 0.005631833287579452
together 0.0016666666666666668 0.431798275933005 0.000719663793221675
harmony 0.0004166666666666667 1.5228787452803376 0.000634532810533474
equal 0.0004166666666666667 1.0969100130080565 0.0004570458387533569
opportunity 0.0008333333333333334 1.9208187539523753 0.0016006822949603129
prepared 0.0004166666666666667 1.045757490560675 0.00043573228773361464
die 0.0004166666666666667 1.0 0.0004166666666666667
merely 0.0004166666666666667 1.6989700043360187 0.0007079041684733412
cast 0.0004166666666666667 1.045757490560675 0.00043573228773361464
chain 0.0004166666666666667 2.0 0.0008333333333333334
respect 0.0004166666666666667 1.6989700043360187 0.0007079041684733412
enhances 0.0004166666666666667 2.0 0.0008333333333333334
want 0.0004166666666666667 0.585026652029182 0.0002437611050121592
enemy 0.0008333333333333334 1.1549019599857433 0.0009624182999881195
work 0.0025 0.2218487496163564 0.000554621874040891
becomes 0.0004166666666666667 1.5228787452803376 0.000634532810533474
partner 0.0004166666666666667 0.8860566476931633 0.0003691902698721514
goodness 0.0004166666666666667 2.0 0.0008333333333333334
flame 0.0004166666666666667 1.6989700043360187 0.0007079041684733412
hidden 0.0004166666666666667 1.6989700043360187 0.0007079041684733412
never 0.0016666666666666668 0.431798275933005 0.000719663793221675
extinguished 0.0004166666666666667 2.0 0.0008333333333333334
law 0.002916666666666667 0.3665315444204135 0.0010690503378928727
criminal 0.0008333333333333334 0.9208187539523752 0.0007673489616269794
stood 0.0004166666666666667 0.8860566476931633 0.0003691902698721514
thought 0.0008333333333333334 1.9507819773298185 0.0016256516477748488
conscience 0.0004166666666666667 1.5228787452803376 0.000634532810533474
greatest 0.0004166666666666667 0.6777807052660807 0.0002824086271942003
glory 0.0004166666666666667 1.6989700043360187 0.0007079041684733412
living 0.0008333333333333334 0.619788758288394 0.000516490631906995
lie 0.0004166666666666667 1.2218487496163564 0.0005091036456734818
falling 0.0004166666666666667 1.3010299956639813 0.0005420958315266589
rising 0.0004166666666666667 0.8860566476931633 0.0003691902698721514
every 0.0004166666666666667 0.6575773191777938 0.0002739905496574141
time 0.00625 0.4791236183116582 0.0029945226144478636
fall 0.0008333333333333334 0.7695510786217261 0.0006412925655181051
wherever 0.0016666666666666668 2.0 0.0033333333333333335
world 0.004166666666666667 0.04575749056067514 0.00019065621066947976
let 0.0008333333333333334 0.6777807052660807 0.0005648172543884007
reaffirm 0.0008333333333333334 1.5228787452803376 0.001269065621066948
vision 0.0008333333333333334 1.2218487496163564 0.0010182072913469636
none 0.0008333333333333334 1.5228787452803376 0.001269065621066948
exploited 0.0008333333333333334 2.0 0.0016666666666666668
oppressed 0.0008333333333333334 1.3979400086720377 0.001164950007226698
dispossessed 0.0008333333333333334 2.0 0.0016666666666666668
another 0.0008333333333333334 0.40893539297350084 0.00034077949414458407
publish 0.0004166666666666667 0.07058107428570728 2.9408780952378036e-05
apr 0.0004166666666666667 0.5528419686577808 0.00023035082027407535
comment 0.0008333333333333334 0.07058107428570728 5.881756190475607e-05
elected 0.00125 0.3665315444204135 0.00045816443052551693
anti 0.0025 0.721246399047171 0.0018031159976179276
apartheid 0.004583333333333333 1.3010299956639813 0.0059630541467932474
nobel 0.0020833333333333333 1.0969100130080565 0.0022852291937667845
prize 0.0020833333333333333 0.853871964321762 0.0017788999256703375
social 0.0004166666666666667 0.5228787452803376 0.00021786614386680735
activist 0.0016666666666666668 1.494850021680094 0.002491416702800157
politician 0.0004166666666666667 0.6575773191777938 0.0002739905496574141
philanthropist 0.0004166666666666667 0.958607314841775 0.00039941971451740627
becoming 0.0004166666666666667 0.3372421683184259 0.00014051757013267747
involved 0.0008333333333333334 0.4559319556497244 0.00037994329637477037
movement 0.0025 0.48148606012211254 0.0012037151503052814
joined 0.0004166666666666667 0.4685210829577449 0.00019521711789906039
national 0.00375 0.3010299956639812 0.0011288624837399294
congress 0.002916666666666667 0.4202164033831899 0.001225631176534304
directed 0.0008333333333333334 1.0969100130080565 0.0009140916775067138
campaign 0.00125 0.3872161432802645 0.00048402017910033064
peaceful 0.0008333333333333334 1.0969100130080565 0.0009140916775067138
nonviolent 0.00125 1.0969100130080565 0.0013711375162600706
defiance 0.00125 1.6989700043360187 0.0021237125054200234
government 0.0033333333333333335 0.494850021680094 0.00164950007226698
racist 0.0008333333333333334 1.6989700043360187 0.0014158083369466823
xa 0.015416666666666667 0.17392519729917358 0.0026813467916955926
f 0.0008333333333333334 0.721246399047171 0.0006010386658726425
w 0.00125 0.6989700043360189 0.0008737125054200236
de 0.0033333333333333335 0.958607314841775 0.00319535771613925
klerk 0.0033333333333333335 2.0 0.006666666666666667
jointly 0.0008333333333333334 2.0 0.0016666666666666668
awarded 0.00125 0.8239087409443188 0.0010298859261803986
dismantle 0.0004166666666666667 1.3010299956639813 0.0005420958315266589
system 0.0008333333333333334 0.7958800173440752 0.0006632333477867294
generation 0.0004166666666666667 0.8860566476931633 0.0003691902698721514
source 0.0004166666666666667 1.3979400086720377 0.000582475003613349
inspiration 0.0004166666666666667 1.5228787452803376 0.000634532810533474
civil 0.0016666666666666668 0.3467874862246563 0.0005779791437077606
worldwide 0.0008333333333333334 1.045757490560675 0.0008714645754672293
early 0.0008333333333333334 0.07572071393811834 6.310059494843195e-05
born 0.0004166666666666667 0.09151498112135023 3.813124213389593e-05
tiny 0.0004166666666666667 2.0 0.0008333333333333334
village 0.0025 1.6989700043360187 0.004247425010840047
bank 0.0008333333333333334 2.0 0.0016666666666666668
mbashe 0.0004166666666666667 2.0 0.0008333333333333334
river 0.0004166666666666667 1.1549019599857433 0.00048120914999405973
xhosa 0.0008333333333333334 2.0 0.0016666666666666668
language 0.0004166666666666667 1.1549019599857433 0.00048120914999405973
literally 0.0004166666666666667 1.3010299956639813 0.0005420958315266589
pulling 0.0004166666666666667 1.3979400086720377 0.000582475003613349
branch 0.0008333333333333334 2.8239087409443187 0.0023532572841202656
tree 0.0008333333333333334 1.3010299956639813 0.0010841916630533177
commonly 0.0004166666666666667 1.6989700043360187 0.0007079041684733412
translates 0.0004166666666666667 2.0 0.0008333333333333334
father 0.002916666666666667 0.14874165128092467 0.0004338298162360303
destined 0.0004166666666666667 2.0 0.0008333333333333334
chief 0.004166666666666667 2.5686362358410126 0.010702650982670887
served 0.00125 0.2676062401770315 0.00033450780022128935
counselor 0.0008333333333333334 1.3979400086720377 0.001164950007226698
tribal 0.00125 1.5228787452803376 0.0019035984316004221
several 0.0016666666666666668 0.32790214206428253 0.0005465035701071375
lost 0.0008333333333333334 0.6989700043360189 0.000582475003613349
title 0.0008333333333333334 0.07058107428570728 5.881756190475607e-05
fortune 0.0004166666666666667 1.0969100130080565 0.0004570458387533569
dispute 0.0004166666666666667 1.045757490560675 0.00043573228773361464
local 0.0016666666666666668 0.6989700043360189 0.001164950007226698
colonial 0.0004166666666666667 1.6989700043360187 0.0007079041684733412
magistrate 0.0004166666666666667 2.0 0.0008333333333333334
infant 0.0004166666666666667 1.1549019599857433 0.00048120914999405973
loss 0.0004166666666666667 0.7447274948966939 0.00031030312287362246
status 0.0008333333333333334 0.8860566476931633 0.0007383805397443028
forced 0.0004166666666666667 0.721246399047171 0.00030051933293632127
mother 0.0004166666666666667 0.21467016498923297 8.944590207884708e-05
move 0.0004166666666666667 0.721246399047171 0.00030051933293632127
family 0.0016666666666666668 0.11918640771920867 0.0001986440128653478
qunu 0.0025 2.0 0.005
smaller 0.0004166666666666667 1.3979400086720377 0.000582475003613349
north 0.0004166666666666667 0.6777807052660807 0.0002824086271942003
nestled 0.0004166666666666667 2.0 0.0008333333333333334
narrow 0.0004166666666666667 1.6989700043360187 0.0007079041684733412
grassy 0.0004166666666666667 2.0 0.0008333333333333334
valley 0.0004166666666666667 1.6989700043360187 0.0007079041684733412
road 0.0008333333333333334 2.853871964321762 0.0023782266369348016
footpath 0.0004166666666666667 2.0 0.0008333333333333334
linked 0.0004166666666666667 1.045757490560675 0.00043573228773361464
pasture 0.0004166666666666667 2.0 0.0008333333333333334
livestock 0.0004166666666666667 2.0 0.0008333333333333334
grazed 0.0004166666666666667 2.0 0.0008333333333333334
lived 0.00125 0.6020599913279624 0.000752574989159953
hut 0.0004166666666666667 2.0 0.0008333333333333334
ate 0.0004166666666666667 2.0 0.0008333333333333334
harvest 0.0004166666666666667 1.5228787452803376 0.000634532810533474
maize 0.0004166666666666667 2.0 0.0008333333333333334
sorghum 0.0004166666666666667 2.0 0.0008333333333333334
pumpkin 0.0004166666666666667 2.0 0.0008333333333333334
bean 0.0004166666666666667 2.0 0.0008333333333333334
could 0.00125 0.4202164033831899 0.0005252705042289873
afford 0.0004166666666666667 1.3010299956639813 0.0005420958315266589
water 0.0008333333333333334 1.045757490560675 0.0008714645754672293
came 0.00125 0.3010299956639812 0.0003762874945799765
spring 0.0004166666666666667 1.5228787452803376 0.000634532810533474
stream 0.0004166666666666667 1.6989700043360187 0.0007079041684733412
cooking 0.0004166666666666667 1.3979400086720377 0.000582475003613349
outdoors 0.0004166666666666667 2.0 0.0008333333333333334
played 0.0004166666666666667 0.6575773191777938 0.0002739905496574141
game 0.0004166666666666667 1.0 0.0004166666666666667
young 0.0020833333333333333 0.3010299956639812 0.0006271458242999608
boy 0.00125 2.0177287669604316 0.0025221609587005394
acting 0.00125 0.6777807052660807 0.0008472258815826009
male 0.0004166666666666667 1.2218487496163564 0.0005091036456734818
passage 0.0004166666666666667 1.0 0.0004166666666666667
scenario 0.0004166666666666667 2.0 0.0008333333333333334
toy 0.0004166666666666667 2.0 0.0008333333333333334
natural 0.0004166666666666667 1.1549019599857433 0.00048120914999405973
material 0.0004166666666666667 1.5228787452803376 0.000634532810533474
available 0.0004166666666666667 1.3010299956639813 0.0005420958315266589
including 0.0025 0.2365720064370627 0.0005914300160926567
clay 0.0004166666666666667 1.5228787452803376 0.000634532810533474
suggestion 0.0004166666666666667 1.6989700043360187 0.0007079041684733412
friend 0.0016666666666666668 1.2069083998234196 0.0020115139997056992
baptized 0.0004166666666666667 1.6989700043360187 0.0007079041684733412
methodist 0.0004166666666666667 1.3979400086720377 0.000582475003613349
church 0.0004166666666666667 0.619788758288394 0.0002582453159534975
went 0.0008333333333333334 0.32790214206428253 0.0002732517850535688
attend 0.0004166666666666667 0.7958800173440752 0.0003316166738933647
school 0.0025 1.0026136156026868 0.002506534039006717
custom 0.00125 3.3979400086720375 0.004247425010840047
probably 0.0004166666666666667 1.3979400086720377 0.000582475003613349
due 0.0008333333333333334 0.6777807052660807 0.0005648172543884007
bias 0.0004166666666666667 2.0 0.0008333333333333334
british 0.0008333333333333334 0.6989700043360189 0.000582475003613349
educational 0.0004166666666666667 1.0 0.0004166666666666667
teacher 0.0004166666666666667 0.6989700043360189 0.0002912375018066745
told 0.0004166666666666667 0.44369749923271273 0.00018487395801363032
new 0.0020833333333333333 0.14266750356873154 0.0002972239657681907
would 0.004166666666666667 0.2291479883578558 0.0009547832848243992
old 0.00125 0.28399665636520083 0.00035499582045650106
died 0.00125 0.31875876262441283 0.000398448453280516
lung 0.00125 2.0 0.0025
disease 0.0008333333333333334 0.8860566476931633 0.0007383805397443028
causing 0.0004166666666666667 1.6989700043360187 0.0007079041684733412
change 0.0008333333333333334 0.5686362358410126 0.0004738635298675106
dramatically 0.0004166666666666667 1.3979400086720377 0.000582475003613349
adopted 0.00125 1.045757490560675 0.0013071968632008438
jongintaba 0.0016666666666666668 2.0 0.0033333333333333335
dalindyebo 0.0004166666666666667 2.0 0.0008333333333333334
regent 0.0025 2.0 0.005
thembu 0.0008333333333333334 2.0 0.0016666666666666668
gesture 0.0004166666666666667 1.6989700043360187 0.0007079041684733412
favor 0.0004166666666666667 0.7695510786217261 0.00032064628275905256
earlier 0.0004166666666666667 0.9208187539523752 0.0003836744808134897
recommended 0.0004166666666666667 2.0 0.0008333333333333334
subsequently 0.0004166666666666667 0.7695510786217261 0.00032064628275905256
left 0.0004166666666666667 0.2924298239020636 0.00012184575995919319
carefree 0.0004166666666666667 2.0 0.0008333333333333334
knew 0.0004166666666666667 0.9208187539523752 0.0003836744808134897
fearing 0.0004166666666666667 1.5228787452803376 0.000634532810533474
see 0.00125 0.04575749056067514 5.719686320084393e-05
traveled 0.0004166666666666667 0.8860566476931633 0.0003691902698721514
motorcar 0.0004166666666666667 2.0 0.0008333333333333334
mqhekezweni 0.0008333333333333334 2.0 0.0016666666666666668
provincial 0.0004166666666666667 2.0 0.0008333333333333334
capital 0.0004166666666666667 1.0 0.0004166666666666667
thembuland 0.0004166666666666667 2.0 0.0008333333333333334
royal 0.0004166666666666667 1.5228787452803376 0.000634532810533474
residence 0.0004166666666666667 1.1549019599857433 0.00048120914999405973
though 0.0004166666666666667 0.3665315444204135 0.00015272147684183897
forgotten 0.0004166666666666667 2.0 0.0008333333333333334
beloved 0.0008333333333333334 1.045757490560675 0.0008714645754672293
quickly 0.0004166666666666667 0.619788758288394 0.0002582453159534975
adapted 0.0004166666666666667 1.3979400086720377 0.000582475003613349
sophisticated 0.0004166666666666667 2.0 0.0008333333333333334
surroundings 0.0004166666666666667 2.0 0.0008333333333333334
given 0.0004166666666666667 0.6777807052660807 0.0002824086271942003
two 0.00125 0.11918640771920867 0.00014898300964901083
child 0.0033333333333333335 0.5000381344038097 0.0016667937813460325
son 0.0016666666666666668 0.28399665636520083 0.00047332776060866807
oldest 0.0008333333333333334 1.1549019599857433 0.0009624182999881195
justice 0.0004166666666666667 0.5376020021010439 0.0002240008342087683
daughter 0.00125 1.1426675035687315 0.0014283343794609144
nomafu 0.0004166666666666667 2.0 0.0008333333333333334
took 0.00125 0.28399665636520083 0.00035499582045650106
class 0.0004166666666666667 1.1549019599857433 0.00048120914999405973
room 0.0004166666666666667 0.8860566476931633 0.0003691902698721514
next 0.00125 0.07058107428570728 8.822634285713411e-05
palace 0.0008333333333333334 1.5228787452803376 0.001269065621066948
studying 0.0004166666666666667 1.0 0.0004166666666666667
english 0.0004166666666666667 1.045757490560675 0.00043573228773361464
geography 0.0004166666666666667 2.0 0.0008333333333333334
period 0.0004166666666666667 0.958607314841775 0.00039941971451740627
developed 0.0004166666666666667 0.7958800173440752 0.0003316166738933647
interest 0.0004166666666666667 0.7695510786217261 0.00032064628275905256
elder 0.0020833333333333333 3.5228787452803374 0.007339330719334036
great 0.0004166666666666667 0.5228787452803376 0.00021786614386680735
official 0.0004166666666666667 0.721246399047171 0.00030051933293632127
business 0.0004166666666666667 0.6989700043360189 0.0002912375018066745
relative 0.0004166666666666667 1.6989700043360187 0.0007079041684733412
coming 0.0004166666666666667 0.8239087409443188 0.0003432953087267995
according 0.0008333333333333334 0.638272163982407 0.0005318934699853392
previously 0.0004166666666666667 0.7695510786217261 0.00032064628275905256
brother 0.0004166666666666667 0.7958800173440752 0.0003316166738933647
shattered 0.0004166666666666667 1.6989700043360187 0.0007079041684733412
fellowship 0.0004166666666666667 1.3979400086720377 0.000582475003613349
shared 0.0004166666666666667 0.7695510786217261 0.00032064628275905256
land 0.00125 0.853871964321762 0.0010673399554022025
air 0.0004166666666666667 0.8860566476931633 0.0003691902698721514
thing 0.0004166666666666667 0.6989700043360189 0.0002912375018066745
inspiring 0.0008333333333333334 1.3979400086720377 0.001164950007226698
gallery 0.0008333333333333334 1.0 0.0008333333333333334
read 0.00125 2.065501548756432 0.00258187693594554
awakening 0.0004166666666666667 1.6989700043360187 0.0007079041684733412
partake 0.0008333333333333334 2.0 0.0016666666666666668
traditional 0.0004166666666666667 1.3010299956639813 0.0005420958315266589
circumcision 0.0008333333333333334 2.0 0.0016666666666666668
ritual 0.00125 3.6989700043360187 0.004623712505420024
mark 0.0004166666666666667 0.958607314841775 0.00039941971451740627
entrance 0.0004166666666666667 1.6989700043360187 0.0007079041684733412
manhood 0.00125 2.0 0.0025
ceremony 0.00125 0.958607314841775 0.0011982591435522186
surgical 0.0004166666666666667 2.0 0.0008333333333333334
procedure 0.0004166666666666667 1.6989700043360187 0.0007079041684733412
elaborate 0.0004166666666666667 1.5228787452803376 0.000634532810533474
preparation 0.0004166666666666667 1.5228787452803376 0.000634532810533474
tradition 0.0004166666666666667 1.5228787452803376 0.000634532810533474
uncircumcised 0.0004166666666666667 2.0 0.0008333333333333334
cannot 0.0004166666666666667 1.045757490560675 0.00043573228773361464
inherit 0.0004166666666666667 2.0 0.0008333333333333334
wealth 0.0004166666666666667 1.3010299956639813 0.0005420958315266589
marry 0.0004166666666666667 1.3010299956639813 0.0005420958315266589
officiate 0.0004166666666666667 2.0 0.0008333333333333334
participated 0.0008333333333333334 1.1549019599857433 0.0009624182999881195
welcomed 0.0004166666666666667 0.8860566476931633 0.0003691902698721514
felt 0.0004166666666666667 0.6020599913279624 0.00025085832971998435
ready 0.0004166666666666667 1.045757490560675 0.00043573228773361464
transition 0.0008333333333333334 1.0969100130080565 0.0009140916775067138
boyhood 0.0004166666666666667 1.6989700043360187 0.0007079041684733412
mood 0.0004166666666666667 2.0 0.0008333333333333334
shifted 0.0004166666666666667 1.6989700043360187 0.0007079041684733412
proceeding 0.0004166666666666667 1.3010299956639813 0.0005420958315266589
however 0.0016666666666666668 0.32790214206428253 0.0005465035701071375
meligqili 0.0004166666666666667 2.0 0.0008333333333333334
speaker 0.0004166666666666667 0.7447274948966939 0.00031030312287362246
spoke 0.0004166666666666667 0.7695510786217261 0.00032064628275905256
sadly 0.0004166666666666667 2.0 0.0008333333333333334
explaining 0.0004166666666666667 2.0 0.0008333333333333334
enslaved 0.0004166666666666667 1.5228787452803376 0.000634532810533474
controlled 0.0004166666666666667 0.8239087409443188 0.0003432953087267995
power 0.0025 1.6925039620867872 0.0042312599052169685
govern 0.0004166666666666667 2.0 0.0008333333333333334
said 0.00125 0.2518119729937996 0.0003147649662422495
lament 0.0004166666666666667 2.0 0.0008333333333333334
promise 0.0004166666666666667 0.9208187539523752 0.0003836744808134897
squandered 0.0004166666666666667 2.0 0.0008333333333333334
struggled 0.0004166666666666667 0.853871964321762 0.00035577998513406755
perform 0.0004166666666666667 1.1549019599857433 0.00048120914999405973
mindless 0.0004166666666666667 2.0 0.0008333333333333334
chore 0.0004166666666666667 2.0 0.0008333333333333334
later 0.0033333333333333335 0.09151498112135023 0.00030504993707116746
say 0.0004166666666666667 0.721246399047171 0.00030051933293632127
word 0.0004166666666666667 0.7447274948966939 0.00031030312287362246
total 0.0004166666666666667 1.0969100130080565 0.0004570458387533569
sense 0.0004166666666666667 1.045757490560675 0.00043573228773361464
eventually 0.00125 0.3979400086720376 0.000497425010840047
formulate 0.0004166666666666667 1.6989700043360187 0.0007079041684733412
resolve 0.0004166666666666667 1.3010299956639813 0.0005420958315266589
independent 0.0004166666666666667 1.0 0.0004166666666666667
download 0.0004166666666666667 1.1549019599857433 0.00048120914999405973
card 0.0004166666666666667 1.0969100130080565 0.0004570458387533569
guardianship 0.0004166666666666667 1.0 0.0004166666666666667
groomed 0.0004166666666666667 1.6989700043360187 0.0007079041684733412
assume 0.0004166666666666667 1.3979400086720377 0.000582475003613349
high 0.0004166666666666667 0.27572413039921095 0.00011488505433300458
office 0.0004166666666666667 0.31875876262441283 0.00013281615109350537
royalty 0.0004166666666666667 1.5228787452803376 0.000634532810533474
attended 0.0004166666666666667 0.5376020021010439 0.0002240008342087683
mission 0.0004166666666666667 1.0 0.0004166666666666667
state 0.0008333333333333334 0.4930892744484819 0.0004109077287070683
achieved 0.0004166666666666667 0.8239087409443188 0.0003432953087267995
academic 0.0004166666666666667 1.3010299956639813 0.0005420958315266589
plain 0.0004166666666666667 1.6989700043360187 0.0007079041684733412
hard 0.0004166666666666667 0.638272163982407 0.0002659467349926696
also 0.002916666666666667 0.0861861476162833 0.0002513762638808263
excelled 0.0004166666666666667 1.3010299956639813 0.0005420958315266589
track 0.0004166666666666667 0.8860566476931633 0.0003691902698721514
boxing 0.0004166666666666667 1.3010299956639813 0.0005420958315266589
initially 0.0004166666666666667 0.7695510786217261 0.00032064628275905256
mocked 0.0004166666666666667 1.6989700043360187 0.0007079041684733412
classmate 0.0004166666666666667 1.3979400086720377 0.000582475003613349
student 0.0025 1.4559319556497243 0.003639829889124311
mathona 0.0004166666666666667 2.0 0.0008333333333333334
female 0.0004166666666666667 0.6020599913279624 0.00025085832971998435
enrolled 0.0008333333333333334 1.0 0.0008333333333333334
residential 0.0004166666666666667 2.0 0.0008333333333333334
center 0.0004166666666666667 0.585026652029182 0.0002437611050121592
higher 0.0004166666666666667 1.0969100130080565 0.0004570458387533569
learning 0.0004166666666666667 0.958607314841775 0.00039941971451740627
considered 0.0004166666666666667 0.721246399047171 0.00030051933293632127
equivalent 0.0004166666666666667 1.6989700043360187 0.0007079041684733412
harvard 0.0004166666666666667 0.7447274948966939 0.00031030312287362246
drawing 0.0004166666666666667 1.0969100130080565 0.0004570458387533569
scholar 0.0004166666666666667 2.0 0.0008333333333333334
part 0.0008333333333333334 1.7351821769904636 0.0014459851474920532
sub 0.0004166666666666667 2.0 0.0008333333333333334
saharan 0.0004166666666666667 2.0 0.0008333333333333334
required 0.0004166666666666667 1.0 0.0004166666666666667
course 0.0008333333333333334 1.5228787452803376 0.001269065621066948
focused 0.0004166666666666667 0.6989700043360189 0.0002912375018066745
roman 0.0004166666666666667 1.6989700043360187 0.0007079041684733412
dutch 0.0004166666666666667 1.6989700043360187 0.0007079041684733412
prepare 0.0004166666666666667 1.6989700043360187 0.0007079041684733412
career 0.00125 0.17392519729917358 0.00021740649662396698
service 0.0004166666666666667 0.5086383061657272 0.00021193262756905303
interpreter 0.0004166666666666667 1.6989700043360187 0.0007079041684733412
clerk 0.0008333333333333334 1.5228787452803376 0.001269065621066948
regarded 0.0004166666666666667 1.3010299956639813 0.0005420958315266589
best 0.0004166666666666667 0.13667713987954408 5.694880828314337e-05
profession 0.0004166666666666667 1.5228787452803376 0.000634532810533474
obtain 0.0004166666666666667 1.0969100130080565 0.0004570458387533569
second 0.0004166666666666667 0.19382002601611284 8.075834417338035e-05
representative 0.0004166666666666667 0.8239087409443188 0.0003432953087267995
council 0.0004166666666666667 0.7695510786217261 0.00032064628275905256
dissatisfied 0.0004166666666666667 2.0 0.0008333333333333334
food 0.0004166666666666667 1.2218487496163564 0.0005091036456734818
lack 0.0004166666666666667 1.1549019599857433 0.00048120914999405973
held 0.0008333333333333334 0.48148606012211254 0.0004012383834350938
src 0.0008333333333333334 2.0 0.0016666666666666668
election 0.0016666666666666668 1.2975694635544748 0.0021626157725907914
majority 0.0020833333333333333 0.7447274948966939 0.0015515156143681122
voted 0.0004166666666666667 0.853871964321762 0.00035577998513406755
boycott 0.0008333333333333334 1.2218487496163564 0.0010182072913469636
unless 0.0004166666666666667 1.2218487496163564 0.0005091036456734818
demand 0.0004166666666666667 1.3010299956639813 0.0005420958315266589
met 0.00125 0.44369749923271273 0.0005546218740408909
aligning 0.0004166666666666667 2.0 0.0008333333333333334
resigned 0.0004166666666666667 0.9208187539523752 0.0003836744808134897
position 0.0004166666666666667 0.619788758288394 0.0002582453159534975
seeing 0.0004166666666666667 1.3010299956639813 0.0005420958315266589
act 0.0008333333333333334 1.322393047279507 0.0011019942060662559
insubordination 0.0004166666666666667 2.0 0.0008333333333333334
expelled 0.0004166666666666667 1.5228787452803376 0.000634532810533474
gave 0.0008333333333333334 0.6020599913279624 0.0005017166594399687
ultimatum 0.0004166666666666667 1.5228787452803376 0.000634532810533474
return 0.0004166666666666667 0.7447274948966939 0.00031030312287362246
agreed 0.0004166666666666667 0.9208187539523752 0.0003836744808134897
serve 0.0004166666666666667 0.5086383061657272 0.00021193262756905303
returned 0.00125 0.5086383061657272 0.0006357978827071591
home 0.0016666666666666668 0.31875876262441283 0.0005312646043740215
furious 0.0004166666666666667 2.0 0.0008333333333333334
telling 0.0004166666666666667 1.045757490560675 0.00043573228773361464
unequivocally 0.0004166666666666667 2.0 0.0008333333333333334
recant 0.0004166666666666667 2.0 0.0008333333333333334
decision 0.0004166666666666667 0.585026652029182 0.0002437611050121592
go 0.0004166666666666667 0.494850021680094 0.0002061875090333725
back 0.00125 0.4202164033831899 0.0005252705042289873
week 0.0004166666666666667 0.7695510786217261 0.00032064628275905256
announced 0.00125 0.40893539297350084 0.000511169241216876
arranged 0.0004166666666666667 1.3979400086720377 0.000582475003613349
marriage 0.0004166666666666667 0.5376020021010439 0.0002240008342087683
wanted 0.0008333333333333334 0.5528419686577808 0.0004607016405481507
sure 0.0004166666666666667 0.8860566476931633 0.0003691902698721514
properly 0.0004166666666666667 1.3979400086720377 0.000582475003613349
planned 0.0004166666666666667 0.7958800173440752 0.0003316166738933647
arrangement 0.0004166666666666667 1.6989700043360187 0.0007079041684733412
within 0.0008333333333333334 0.8239087409443188 0.000686590617453599
dictated 0.0004166666666666667 1.6989700043360187 0.0007079041684733412
shocked 0.0004166666666666667 1.3979400086720377 0.000582475003613349
news 0.0008333333333333334 0.585026652029182 0.0004875222100243184
feeling 0.0004166666666666667 0.8239087409443188 0.0003432953087267995
trapped 0.0004166666666666667 1.6989700043360187 0.0007079041684733412
believing 0.0004166666666666667 1.045757490560675 0.00043573228773361464
option 0.0004166666666666667 1.2218487496163564 0.0005091036456734818
follow 0.0004166666666666667 0.7958800173440752 0.0003316166738933647
recent 0.0004166666666666667 1.045757490560675 0.00043573228773361464
order 0.0008333333333333334 0.494850021680094 0.000412375018066745
ran 0.0004166666666666667 0.48148606012211254 0.0002006191917175469
away 0.0008333333333333334 0.5376020021010439 0.0004480016684175366
settled 0.0004166666666666667 1.1549019599857433 0.00048120914999405973
worked 0.00125 0.3098039199714864 0.000387254899964358
variety 0.0004166666666666667 1.045757490560675 0.00043573228773361464
job 0.0008333333333333334 0.853871964321762 0.0007115599702681351
guard 0.0004166666666666667 0.9208187539523752 0.0003836744808134897
completing 0.0004166666666666667 1.3979400086720377 0.000582475003613349
bachelor 0.0008333333333333334 1.3010299956639813 0.0010841916630533177
degree 0.0008333333333333334 0.5228787452803376 0.0004357322877336147
via 0.0004166666666666667 0.5086383061657272 0.00021193262756905303
correspondence 0.0008333333333333334 2.0 0.0016666666666666668
study 0.0004166666666666667 0.853871964321762 0.00035577998513406755
soon 0.0008333333333333334 0.40893539297350084 0.00034077949414458407
actively 0.0004166666666666667 1.3010299956639813 0.0005420958315266589
joining 0.0004166666666666667 0.7695510786217261 0.00032064628275905256
anc 0.005416666666666667 2.0 0.010833333333333334
small 0.0008333333333333334 0.721246399047171 0.0006010386658726425
group 0.0020833333333333333 1.2306226739238615 0.002563797237341378
banded 0.0004166666666666667 2.0 0.0008333333333333334
calling 0.0004166666666666667 0.7958800173440752 0.0003316166738933647
youth 0.0008333333333333334 0.958607314841775 0.0007988394290348125
league 0.0008333333333333334 0.8239087409443188 0.000686590617453599
goal 0.0008333333333333334 2.4436974992327127 0.0020364145826939272
transform 0.0004166666666666667 2.0 0.0008333333333333334
mass 0.0004166666666666667 0.958607314841775 0.00039941971451740627
grassroots 0.0004166666666666667 1.3010299956639813 0.0005420958315266589
deriving 0.0004166666666666667 2.0 0.0008333333333333334
strength 0.0004166666666666667 1.5228787452803376 0.000634532810533474
million 0.0004166666666666667 0.958607314841775 0.00039941971451740627
rural 0.0008333333333333334 1.045757490560675 0.0008714645754672293
peasant 0.0004166666666666667 2.0 0.0008333333333333334
working 0.0008333333333333334 0.35654732351381263 0.0002971227695948439
voice 0.0004166666666666667 0.7447274948966939 0.00031030312287362246
current 0.0004166666666666667 1.045757490560675 0.00043573228773361464
regime 0.0004166666666666667 1.0 0.0004166666666666667
specifically 0.0004166666666666667 1.1549019599857433 0.00048120914999405973
believed 0.0008333333333333334 0.6020599913279624 0.0005017166594399687
tactic 0.0008333333333333334 1.3979400086720377 0.001164950007226698
polite 0.0004166666666666667 2.0 0.0008333333333333334
petitioning 0.0004166666666666667 2.0 0.0008333333333333334
ineffective 0.0008333333333333334 1.5228787452803376 0.001269065621066948
officially 0.0004166666666666667 0.6989700043360189 0.0002912375018066745
method 0.0008333333333333334 2.8239087409443187 0.0023532572841202656
strike 0.00125 1.2218487496163564 0.0015273109370204454
disobedience 0.0004166666666666667 2.0 0.0008333333333333334
non 0.0004166666666666667 1.0969100130080565 0.0004570458387533569
cooperation 0.0004166666666666667 1.3010299956639813 0.0005420958315266589
full 0.0004166666666666667 0.3010299956639812 0.00012542916485999218
citizenship 0.0004166666666666667 1.3010299956639813 0.0005420958315266589
redistribution 0.0004166666666666667 2.0 0.0008333333333333334
trade 0.0004166666666666667 1.1549019599857433 0.00048120914999405973
union 0.0004166666666666667 0.7447274948966939 0.00031030312287362246
compulsory 0.0004166666666666667 2.0 0.0008333333333333334
founded 0.00125 0.619788758288394 0.0007747359478604925
firm 0.0008333333333333334 0.6020599913279624 0.0005017166594399687
tambo 0.0025 2.0 0.005
partnering 0.0004166666666666667 2.0 0.0008333333333333334
oliver 0.0016666666666666668 1.3979400086720377 0.002329900014453396
brilliant 0.0004166666666666667 1.6989700043360187 0.0007079041684733412
attending 0.0004166666666666667 0.9208187539523752 0.0003836744808134897
provided 0.0004166666666666667 0.958607314841775 0.00039941971451740627
low 0.0004166666666666667 1.0 0.0004166666666666667
cost 0.0004166666666666667 1.3010299956639813 0.0005420958315266589
legal 0.0004166666666666667 0.5086383061657272 0.00021193262756905303
counsel 0.0004166666666666667 0.958607314841775 0.00039941971451740627
unrepresented 0.0004166666666666667 2.0 0.0008333333333333334
arrested 0.0008333333333333334 0.8239087409443188 0.000686590617453599
charged 0.0004166666666666667 0.7695510786217261 0.00032064628275905256
treason 0.0004166666666666667 2.0 0.0008333333333333334
advocacy 0.0004166666666666667 1.2218487496163564 0.0005091036456734818
acquitted 0.0004166666666666667 1.3010299956639813 0.0005420958315266589
meanwhile 0.0004166666666666667 1.0969100130080565 0.0004570458387533569
challenged 0.0004166666666666667 1.045757490560675 0.00043573228773361464
africanists 0.0008333333333333334 2.0 0.0016666666666666668
breed 0.0004166666666666667 1.6989700043360187 0.0007079041684733412
pacifist 0.0004166666666666667 1.6989700043360187 0.0007079041684733412
broke 0.0004166666666666667 0.853871964321762 0.00035577998513406755
form 0.0008333333333333334 0.7447274948966939 0.0006206062457472449
pan 0.0004166666666666667 1.6989700043360187 0.0007079041684733412
africanist 0.0004166666666666667 2.0 0.0008333333333333334
negatively 0.0004166666666666667 2.0 0.0008333333333333334
affected 0.0004166666666666667 1.045757490560675 0.00043573228773361464
much 0.00125 0.37675070960209955 0.00047093838700262446
militant 0.0004166666666666667 1.2218487496163564 0.0005091036456734818
leader 0.0025 0.8582367697242121 0.0021455919243105305
wife 0.0025 0.3098039199714864 0.000774509799928716
married 0.0008333333333333334 0.24412514432750856 0.00020343762027292381
three 0.0008333333333333334 0.2076083105017461 0.00017300692541812176
six 0.0004166666666666667 0.5686362358410126 0.0002369317649337553
wed 0.0008333333333333334 1.045757490560675 0.0008714645754672293
evelyn 0.0004166666666666667 1.6989700043360187 0.0007079041684733412
ntoko 0.0004166666666666667 2.0 0.0008333333333333334
mase 0.0004166666666666667 2.0 0.0008333333333333334
couple 0.00125 0.40893539297350084 0.000511169241216876
four 0.0008333333333333334 0.28399665636520083 0.00023666388030433403
madiba 0.0008333333333333334 2.0 0.0016666666666666668
thembekile 0.0004166666666666667 2.0 0.0008333333333333334
makgatho 0.0008333333333333334 2.0 0.0016666666666666668
makaziwe 0.0004166666666666667 2.0 0.0008333333333333334
nine 0.0004166666666666667 0.8239087409443188 0.0003432953087267995
month 0.0004166666666666667 0.431798275933005 0.00017991594830541876
maki 0.0004166666666666667 2.0 0.0008333333333333334
divorced 0.0004166666666666667 0.853871964321762 0.00035577998513406755
winnie 0.00125 1.5228787452803376 0.0019035984316004221
madikizela 0.0004166666666666667 2.0 0.0008333333333333334
zenani 0.0008333333333333334 2.0 0.0016666666666666668
argentina 0.0008333333333333334 2.0 0.0016666666666666668
ambassador 0.0008333333333333334 0.8239087409443188 0.000686590617453599
zindziswa 0.0004166666666666667 2.0 0.0008333333333333334
denmark 0.0004166666666666667 2.0 0.0008333333333333334
separating 0.0004166666666666667 1.3979400086720377 0.000582475003613349
bella 0.0004166666666666667 0.0655015487564323 2.7292311981846792e-05
hadid 0.0004166666666666667 0.0655015487564323 2.7292311981846792e-05
sadie 0.0004166666666666667 0.06048074738138145 2.520031140890894e-05
alexander 0.0004166666666666667 0.05551732784983141 2.3132219937429757e-05
adrienne 0.0004166666666666667 0.0655015487564323 2.7292311981846792e-05
kennedy 0.0004166666666666667 0.06048074738138145 2.520031140890894e-05
graca 0.0008333333333333334 2.0 0.0016666666666666668
machel 0.00125 2.0 0.0025
minister 0.0004166666666666667 0.5376020021010439 0.0002240008342087683
mozambique 0.0004166666666666667 2.0 0.0008333333333333334
remained 0.00125 0.585026652029182 0.0007312833150364776
formerly 0.0004166666666666667 1.1549019599857433 0.00048120914999405973
committed 0.00125 0.9208187539523752 0.001151023442440469
protest 0.0004166666666666667 0.7447274948966939 0.00031030312287362246
began 0.0004166666666666667 0.20065945054641826 8.360810439434095e-05
co 0.0008333333333333334 0.4202164033831899 0.00035018033615265824
umkhonto 0.0004166666666666667 2.0 0.0008333333333333334
sizwe 0.0004166666666666667 2.0 0.0008333333333333334
known 0.00125 0.06048074738138145 7.560093422672682e-05
mk 0.0004166666666666667 2.0 0.0008333333333333334
offshoot 0.0004166666666666667 2.0 0.0008333333333333334
sabotage 0.0008333333333333334 1.5228787452803376 0.001269065621066948
guerilla 0.0004166666666666667 2.0 0.0008333333333333334
war 0.0008333333333333334 0.35654732351381263 0.0002971227695948439
orchestrated 0.0004166666666666667 1.5228787452803376 0.000634532810533474
worker 0.0008333333333333334 0.958607314841775 0.0007988394290348125
leading 0.0004166666666666667 0.5228787452803376 0.00021786614386680735
following 0.0008333333333333334 0.2518119729937996 0.00020984331082816635
sentenced 0.0008333333333333334 0.958607314841775 0.0007988394290348125
five 0.0004166666666666667 0.48148606012211254 0.0002006191917175469
brought 0.0008333333333333334 0.619788758288394 0.000516490631906995
trial 0.0004166666666666667 0.7447274948966939 0.00031030312287362246
imprisonment 0.0004166666666666667 1.3979400086720377 0.000582475003613349
november 0.0004166666666666667 0.24412514432750856 0.00010171881013646191
incarcerated 0.0008333333333333334 1.6989700043360187 0.0014158083369466823
robben 0.0004166666666666667 2.0 0.0008333333333333334
island 0.0004166666666666667 0.958607314841775 0.00039941971451740627
contracted 0.0004166666666666667 1.3979400086720377 0.000582475003613349
tuberculosis 0.0004166666666666667 2.0 0.0008333333333333334
prisoner 0.0008333333333333334 1.6989700043360187 0.0014158083369466823
received 0.0008333333333333334 0.28399665636520083 0.00023666388030433403
lowest 0.0004166666666666667 1.5228787452803376 0.000634532810533474
level 0.0004166666666666667 1.2218487496163564 0.0005091036456734818
treatment 0.0008333333333333334 1.0969100130080565 0.0009140916775067138
able 0.0004166666666666667 0.7447274948966939 0.00031030312287362246
earn 0.0004166666666666667 0.9208187539523752 0.0003836744808134897
program 0.0004166666666666667 0.5528419686577808 0.00023035082027407535
memoir 0.0004166666666666667 1.045757490560675 0.00043573228773361464
intelligence 0.0008333333333333334 0.958607314841775 0.0007988394290348125
agent 0.0004166666666666667 1.3979400086720377 0.000582475003613349
gordon 0.0004166666666666667 1.3979400086720377 0.000582475003613349
winter 0.0004166666666666667 1.2218487496163564 0.0005091036456734818
described 0.0004166666666666667 0.6989700043360189 0.0002912375018066745
plot 0.0008333333333333334 1.3010299956639813 0.0010841916630533177
arrange 0.0004166666666666667 1.5228787452803376 0.000634532810533474
escape 0.0004166666666666667 1.6989700043360187 0.0007079041684733412
shoot 0.0004166666666666667 1.3979400086720377 0.000582475003613349
recapture 0.0004166666666666667 2.0 0.0008333333333333334
foiled 0.0004166666666666667 2.0 0.0008333333333333334
continued 0.00125 0.3372421683184259 0.0004215527103980324
potent 0.0004166666666666667 2.0 0.0008333333333333334
symbol 0.0004166666666666667 1.1549019599857433 0.00048120914999405973
resistance 0.0008333333333333334 1.2218487496163564 0.0010182072913469636
coordinated 0.0004166666666666667 1.2218487496163564 0.0005091036456734818
international 0.0016666666666666668 0.40893539297350084 0.0006815589882891681
release 0.0025 0.5686362358410126 0.0014215905896025316
launched 0.0004166666666666667 0.6777807052660807 0.0002824086271942003
groundswell 0.0004166666666666667 2.0 0.0008333333333333334
exemplified 0.0004166666666666667 2.0 0.0008333333333333334
esteem 0.0004166666666666667 1.6989700043360187 0.0007079041684733412
global 0.00125 0.8239087409443188 0.0010298859261803986
community 0.00125 0.48148606012211254 0.0006018575751526407
moved 0.0004166666666666667 0.3872161432802645 0.00016134005970011022
pollsmoor 0.0004166666666666667 2.0 0.0008333333333333334
allegedly 0.0004166666666666667 0.853871964321762 0.00035577998513406755
enable 0.0004166666666666667 2.0 0.0008333333333333334
p 0.0004166666666666667 0.9208187539523752 0.0003836744808134897
botha 0.0008333333333333334 2.0 0.0016666666666666668
offered 0.0004166666666666667 1.3010299956639813 0.0005420958315266589
exchange 0.0004166666666666667 1.045757490560675 0.00043573228773361464
renouncing 0.0004166666666666667 2.0 0.0008333333333333334
flatly 0.0004166666666666667 2.0 0.0008333333333333334
rejected 0.0004166666666666667 1.1549019599857433 0.00048120914999405973
offer 0.0004166666666666667 1.2218487496163564 0.0005091036456734818
increasing 0.0004166666666666667 0.958607314841775 0.00039941971451740627
pressure 0.00125 0.9208187539523752 0.001151023442440469
talk 0.0004166666666666667 1.3010299956639813 0.0005420958315266589
ensuing 0.0004166666666666667 1.045757490560675 0.00043573228773361464
deal 0.0004166666666666667 0.5528419686577808 0.00023035082027407535
suffered 0.0004166666666666667 0.6575773191777938 0.0002739905496574141
stroke 0.0004166666666666667 1.5228787452803376 0.000634532810533474
replaced 0.0004166666666666667 1.2218487496163564 0.0005091036456734818
frederik 0.0004166666666666667 2.0 0.0008333333333333334
willem 0.0004166666666666667 2.0 0.0008333333333333334
finally 0.0004166666666666667 0.7447274948966939 0.00031030312287362246
lifted 0.0004166666666666667 1.045757490560675 0.00043573228773361464
ban 0.0004166666666666667 0.8860566476931633 0.0003691902698721514
removed 0.0004166666666666667 1.0 0.0004166666666666667
restriction 0.0004166666666666667 1.1549019599857433 0.00048120914999405973
suspended 0.0004166666666666667 1.045757490560675 0.00043573228773361464
execution 0.0004166666666666667 2.0 0.0008333333333333334
upon 0.0004166666666666667 0.721246399047171 0.00030051933293632127
immediately 0.0004166666666666667 0.853871964321762 0.00035577998513406755
urged 0.0004166666666666667 1.045757490560675 0.00043573228773361464
foreign 0.0004166666666666667 0.7447274948966939 0.00031030312287362246
reduce 0.0004166666666666667 1.2218487496163564 0.0005091036456734818
constitutional 0.0004166666666666667 1.045757490560675 0.00043573228773361464
reform 0.0004166666666666667 0.7958800173440752 0.0003316166738933647
stated 0.0004166666666666667 0.7447274948966939 0.00031030312287362246
toward 0.00125 0.8860566476931633 0.0011075708096164542
declared 0.0008333333333333334 0.5528419686577808 0.0004607016405481507
continue 0.0004166666666666667 0.6777807052660807 0.0002824086271942003
vote 0.0004166666666666667 0.638272163982407 0.0002659467349926696
lifelong 0.0004166666666666667 1.3979400086720377 0.000582475003613349
colleague 0.0004166666666666667 1.6989700043360187 0.0007079041684733412
chairperson 0.0004166666666666667 1.5228787452803376 0.000634532810533474
dismantling 0.0004166666666666667 1.6989700043360187 0.0007079041684733412
negotiated 0.0004166666666666667 1.3010299956639813 0.0005420958315266589
multiracial 0.0004166666666666667 1.5228787452803376 0.000634532810533474
willing 0.0004166666666666667 1.3010299956639813 0.0005420958315266589
share 0.0004166666666666667 0.958607314841775 0.00039941971451740627
many 0.0008333333333333334 0.28399665636520083 0.00023666388030433403
complete 0.0004166666666666667 0.9208187539523752 0.0003836744808134897
transfer 0.0004166666666666667 1.3010299956639813 0.0005420958315266589
negotiation 0.00125 1.0 0.00125
often 0.0004166666666666667 0.5376020021010439 0.0002240008342087683
strained 0.0004166666666666667 1.2218487496163564 0.0005091036456734818
violent 0.0004166666666666667 0.958607314841775 0.00039941971451740627
eruption 0.0004166666666666667 2.0 0.0008333333333333334
assassination 0.0004166666666666667 0.7447274948966939 0.00031030312287362246
chris 0.0004166666666666667 1.045757490560675 0.00043573228773361464
hani 0.0004166666666666667 2.0 0.0008333333333333334
throughout 0.0008333333333333334 0.6020599913279624 0.0005017166594399687
delicate 0.0004166666666666667 2.0 0.0008333333333333334
balance 0.0004166666666666667 1.3979400086720377 0.000582475003613349
intense 0.0004166666666666667 1.2218487496163564 0.0005091036456734818
amid 0.0004166666666666667 1.3010299956639813 0.0005420958315266589
demonstration 0.0004166666666666667 1.0 0.0004166666666666667
presidency 0.0008333333333333334 0.4685210829577449 0.00039043423579812077
prevailed 0.0004166666666666667 1.5228787452803376 0.000634532810533474
april 0.0008333333333333334 0.1549019599857432 0.000129084966654786
inaugurated 0.0004166666666666667 1.6989700043360187 0.0007079041684733412
may 0.0004166666666666667 0.3098039199714864 0.000129084966654786
age 0.00125 0.11350927482751813 0.00014188659353439766
deputy 0.0004166666666666667 0.9208187539523752 0.0003836744808134897
june 0.0016666666666666668 0.28399665636520083 0.00047332776060866807
bring 0.0004166666666666667 0.7447274948966939 0.00031030312287362246
minority 0.0008333333333333334 2.1079053973095196 0.0017565878310912665
rule 0.00125 1.0 0.00125
used 0.0004166666666666667 0.5086383061657272 0.00021193262756905303
nation 0.0008333333333333334 0.35654732351381263 0.0002971227695948439
enthusiasm 0.0004166666666666667 1.6989700043360187 0.0007079041684733412
sport 0.0004166666666666667 1.0 0.0004166666666666667
pivot 0.0004166666666666667 2.0 0.0008333333333333334
point 0.0004166666666666667 0.7447274948966939 0.00031030312287362246
promote 0.00125 0.958607314841775 0.0011982591435522186
reconciliation 0.0004166666666666667 1.5228787452803376 0.000634532810533474
encouraging 0.0004166666666666667 1.6989700043360187 0.0007079041684733412
hated 0.0004166666666666667 1.6989700043360187 0.0007079041684733412
rugby 0.0008333333333333334 1.6989700043360187 0.0014158083369466823
team 0.0004166666666666667 0.619788758288394 0.0002582453159534975
stage 0.0004166666666666667 0.721246399047171 0.00030051933293632127
hosting 0.0004166666666666667 1.1549019599857433 0.00048120914999405973
cup 0.0008333333333333334 1.2218487496163564 0.0010182072913469636
recognition 0.0004166666666666667 1.3979400086720377 0.000582475003613349
prestige 0.0004166666666666667 1.5228787452803376 0.000634532810533474
republic 0.0004166666666666667 1.3010299956639813 0.0005420958315266589
merit 0.0004166666666666667 2.0 0.0008333333333333334
protect 0.0004166666666666667 0.721246399047171 0.00030051933293632127
economy 0.0004166666666666667 1.0 0.0004166666666666667
collapse 0.0004166666666666667 1.6989700043360187 0.0007079041684733412
reconstruction 0.0004166666666666667 1.1549019599857433 0.00048120914999405973
development 0.0004166666666666667 0.7695510786217261 0.00032064628275905256
plan 0.0004166666666666667 0.6989700043360189 0.0002912375018066745
funded 0.0004166666666666667 1.3010299956639813 0.0005420958315266589
creation 0.0004166666666666667 0.853871964321762 0.00035577998513406755
housing 0.0004166666666666667 0.9208187539523752 0.0003836744808134897
basic 0.0004166666666666667 1.2218487496163564 0.0005091036456734818
health 0.0008333333333333334 0.5528419686577808 0.0004607016405481507
care 0.0004166666666666667 0.5376020021010439 0.0002240008342087683
signed 0.0004166666666666667 0.494850021680094 0.0002061875090333725
constitution 0.0004166666666666667 0.853871964321762 0.00035577998513406755
establishing 0.0004166666666666667 1.045757490560675 0.00043573228773361464
strong 0.0004166666666666667 0.7958800173440752 0.0003316166738933647
central 0.0004166666666666667 0.9208187539523752 0.0003836744808134897
based 0.0004166666666666667 0.619788758288394 0.0002582453159534975
guaranteeing 0.0004166666666666667 1.5228787452803376 0.000634532810533474
expression 0.0004166666666666667 1.5228787452803376 0.000634532810533474
retirement 0.0008333333333333334 1.1549019599857433 0.0009624182999881195
general 0.0004166666666666667 0.4559319556497244 0.00018997164818738518
retired 0.0004166666666666667 1.2218487496163564 0.0005091036456734818
active 0.0004166666666666667 0.8239087409443188 0.0003432953087267995
politics 0.0004166666666666667 0.4685210829577449 0.00019521711789906039
maintain 0.0004166666666666667 1.5228787452803376 0.000634532810533474
busy 0.0004166666666666667 1.0969100130080565 0.0004570458387533569
schedule 0.0004166666666666667 1.5228787452803376 0.000634532810533474
raising 0.0004166666666666667 1.2218487496163564 0.0005091036456734818
money 0.0004166666666666667 0.6575773191777938 0.0002739905496574141
build 0.0004166666666666667 1.0 0.0004166666666666667
clinic 0.0004166666666666667 2.0 0.0008333333333333334
heartland 0.0004166666666666667 2.0 0.0008333333333333334
foundation 0.00125 0.7695510786217261 0.0009619388482771577
mediator 0.0004166666666666667 1.5228787452803376 0.000634532810533474
burundi 0.0004166666666666667 2.0 0.0008333333333333334
diagnosed 0.0004166666666666667 1.0 0.0004166666666666667
treated 0.0004166666666666667 1.0969100130080565 0.0004570458387533569
prostate 0.0004166666666666667 2.0 0.0008333333333333334
cancer 0.0004166666666666667 0.8239087409443188 0.0003432953087267995
formal 0.0004166666666666667 1.6989700043360187 0.0007079041684733412
public 0.00125 0.2596373105057561 0.00032454663813219514
native 0.0004166666666666667 1.2218487496163564 0.0005091036456734818
aiming 0.0004166666666666667 1.6989700043360187 0.0007079041684733412
publicly 0.0004166666666666667 0.619788758288394 0.0002582453159534975
privately 0.0004166666666666667 1.3010299956639813 0.0005420958315266589
find 0.0004166666666666667 0.7958800173440752 0.0003316166738933647
solution 0.0004166666666666667 1.1549019599857433 0.00048120914999405973
toughest 0.0004166666666666667 2.0 0.0008333333333333334
issue 0.0004166666666666667 0.6989700043360189 0.0002912375018066745
included 0.0008333333333333334 0.48148606012211254 0.0004012383834350938
desmond 0.00125 2.0 0.0025
tutu 0.00125 2.0 0.0025
kofi 0.0004166666666666667 2.0 0.0008333333333333334
annan 0.0004166666666666667 2.0 0.0008333333333333334
ela 0.0004166666666666667 2.0 0.0008333333333333334
bhatt 0.0004166666666666667 2.0 0.0008333333333333334
gro 0.0004166666666666667 2.0 0.0008333333333333334
harlem 0.0004166666666666667 1.1549019599857433 0.00048120914999405973
brundtland 0.0004166666666666667 2.0 0.0008333333333333334
jimmy 0.0004166666666666667 1.045757490560675 0.00043573228773361464
carter 0.0004166666666666667 1.2218487496163564 0.0005091036456734818
li 0.0004166666666666667 2.0 0.0008333333333333334
zhaoxing 0.0004166666666666667 2.0 0.0008333333333333334
mary 0.0004166666666666667 1.0 0.0004166666666666667
robinson 0.0004166666666666667 0.958607314841775 0.00039941971451740627
muhammad 0.0004166666666666667 1.5228787452803376 0.000634532810533474
yunus 0.0004166666666666667 2.0 0.0008333333333333334
impact 0.0004166666666666667 1.0 0.0004166666666666667
spanned 0.0004166666666666667 1.3979400086720377 0.000582475003613349
asia 0.0004166666666666667 1.1549019599857433 0.00048120914999405973
middle 0.0004166666666666667 0.585026652029182 0.0002437611050121592
east 0.0004166666666666667 0.8860566476931633 0.0003691902698721514
action 0.0004166666666666667 0.6777807052660807 0.0002824086271942003
promoting 0.0004166666666666667 1.2218487496163564 0.0005091036456734818
woman 0.0004166666666666667 0.3979400086720376 0.00016580833694668234
equality 0.0008333333333333334 0.8239087409443188 0.000686590617453599
demanding 0.0004166666666666667 1.1549019599857433 0.00048120914999405973
atrocity 0.0004166666666666667 1.6989700043360187 0.0007079041684733412
supporting 0.0008333333333333334 1.0969100130080565 0.0009140916775067138
initiative 0.0004166666666666667 1.3010299956639813 0.0005420958315266589
address 0.0004166666666666667 0.7695510786217261 0.00032064628275905256
humanitarian 0.0004166666666666667 1.3979400086720377 0.000582475003613349
crisis 0.0004166666666666667 2.0 0.0008333333333333334
democracy 0.0004166666666666667 1.0 0.0004166666666666667
addition 0.0004166666666666667 0.6777807052660807 0.0002824086271942003
advocating 0.0004166666666666667 1.2218487496163564 0.0005091036456734818
scale 0.0004166666666666667 1.5228787452803376 0.000634532810533474
aid 0.0004166666666666667 1.2218487496163564 0.0005091036456734818
relationship 0.0004166666666666667 0.5228787452803376 0.00021786614386680735
barack 0.00125 0.3872161432802645 0.00048402017910033064
obama 0.0016666666666666668 0.37675070960209955 0.0006279178493368326
last 0.0008333333333333334 0.0655015487564323 5.4584623963693584e-05
appearance 0.0008333333333333334 0.8860566476931633 0.0007383805397443028
final 0.0004166666666666667 0.6989700043360189 0.0002912375018066745
match 0.0004166666666666667 1.6989700043360187 0.0007079041684733412
largely 0.0004166666666666667 0.853871964321762 0.00035577998513406755
spotlight 0.0004166666666666667 0.7958800173440752 0.0003316166738933647
choosing 0.0004166666666666667 2.0 0.0008333333333333334
spend 0.0004166666666666667 1.1549019599857433 0.00048120914999405973
childhood 0.0004166666666666667 0.6020599913279624 0.00025085832971998435
visit 0.0008333333333333334 0.958607314841775 0.0007988394290348125
lady 0.0004166666666666667 0.6575773191777938 0.0002739905496574141
michelle 0.0004166666666666667 1.0 0.0004166666666666667
trip 0.0008333333333333334 0.8860566476931633 0.0007383805397443028
junior 0.0004166666666666667 0.853871964321762 0.00035577998513406755
senator 0.0004166666666666667 0.5228787452803376 0.00021786614386680735
illinois 0.0004166666666666667 1.045757490560675 0.00043573228773361464
united 0.0004166666666666667 0.18708664335714445 7.795276806547686e-05
suffering 0.0004166666666666667 0.7958800173440752 0.0003316166738933647
infection 0.0008333333333333334 1.6989700043360187 0.0014158083369466823
january 0.0008333333333333334 0.2676062401770315 0.00022300520014752626
briefly 0.0004166666666666667 1.0 0.0004166666666666667
hospitalized 0.0008333333333333334 1.0969100130080565 0.0009140916775067138
undergo 0.0004166666666666667 1.3010299956639813 0.0005420958315266589
surgery 0.0004166666666666667 0.8239087409443188 0.0003432953087267995
stomach 0.0004166666666666667 1.6989700043360187 0.0007079041684733412
ailment 0.0004166666666666667 2.0 0.0008333333333333334
released 0.0008333333333333334 0.3010299956639812 0.00025085832971998435
returning 0.0004166666666666667 0.8860566476931633 0.0003691902698721514
testing 0.0004166666666666667 1.5228787452803376 0.000634532810533474
medical 0.0004166666666666667 0.7447274948966939 0.00031030312287362246
relating 0.0004166666666666667 1.3979400086720377 0.000582475003613349
recurrent 0.0004166666666666667 2.0 0.0008333333333333334
hospital 0.0004166666666666667 0.8239087409443188 0.0003432953087267995
canceled 0.0004166666666666667 1.3979400086720377 0.000582475003613349
scheduled 0.0004166666666666667 1.0969100130080565 0.0004570458387533569
remain 0.0004166666666666667 0.853871964321762 0.00035577998513406755
husband 0.0004166666666666667 0.7447274948966939 0.00031030312287362246
side 0.0004166666666666667 0.585026652029182 0.0002437611050121592
dlamini 0.0004166666666666667 2.0 0.0008333333333333334
flew 0.0004166666666666667 2.0 0.0008333333333333334
jacob 0.0004166666666666667 1.3979400086720377 0.000582475003613349
zuma 0.00125 1.6989700043360187 0.0021237125054200234
issued 0.0004166666666666667 1.045757490560675 0.00043573228773361464
statement 0.00125 0.638272163982407 0.0007978402049780088
response 0.0004166666666666667 0.853871964321762 0.00035577998513406755
concern 0.0004166666666666667 1.0 0.0004166666666666667
scare 0.0004166666666666667 1.5228787452803376 0.000634532810533474
asking 0.0008333333333333334 1.045757490560675 0.0008714645754672293
prayer 0.0004166666666666667 1.5228787452803376 0.000634532810533474
appeal 0.0004166666666666667 0.958607314841775 0.00039941971451740627
pray 0.0004166666666666667 2.0 0.0008333333333333334
speaking 0.0004166666666666667 0.9208187539523752 0.0003836744808134897
legacy 0.0008333333333333334 0.6989700043360189 0.000582475003613349
movie 0.0008333333333333334 0.7447274948966939 0.0006206062457472449
book 0.00125 1.306273051076353 0.0016328413138454413
published 0.00125 0.07058107428570728 8.822634285713411e-05
autobiography 0.0004166666666666667 1.0 0.0004166666666666667
secretly 0.0004166666666666667 1.3979400086720377 0.000582475003613349
written 0.0004166666666666667 1.0 0.0004166666666666667
inspired 0.0004166666666666667 0.6989700043360189 0.0002912375018066745
number 0.0004166666666666667 0.4685210829577449 0.00019521711789906039
among 0.0004166666666666667 0.35654732351381263 0.00014856138479742194
easy 0.0004166666666666667 1.2218487496163564 0.0005091036456734818
favorite 0.0004166666666666667 0.8239087409443188 0.0003432953087267995
folktale 0.0004166666666666667 2.0 0.0008333333333333334
birthday 0.0004166666666666667 1.2218487496163564 0.0005091036456734818
celebrate 0.0004166666666666667 1.1549019599857433 0.00048120914999405973
annual 0.0004166666666666667 0.958607314841775 0.00039941971451740627
event 0.0004166666666666667 0.721246399047171 0.00030051933293632127
meant 0.0004166666666666667 0.853871964321762 0.00035577998513406755
encourage 0.0004166666666666667 1.1549019599857433 0.00048120914999405973
citizen 0.0004166666666666667 0.721246399047171 0.00030051933293632127
give 0.0008333333333333334 2.0222763947111524 0.0016852303289259605
website 0.00125 0.0655015487564323 8.187693594554038e-05
mr 0.0004166666666666667 1.3979400086720377 0.000582475003613349
fighting 0.0004166666666666667 0.7958800173440752 0.0003316166738933647
humanity 0.0004166666666666667 1.2218487496163564 0.0005091036456734818
minute 0.0004166666666666667 1.1549019599857433 0.00048120914999405973
whether 0.0004166666666666667 0.8860566476931633 0.0003691902698721514
chosen 0.0004166666666666667 1.045757490560675 0.00043573228773361464
charity 0.0004166666666666667 1.0 0.0004166666666666667
check 0.0004166666666666667 0.07058107428570728 2.9408780952378036e-05
strive 0.0004166666666666667 0.07058107428570728 2.9408780952378036e-05
accuracy 0.0004166666666666667 0.07058107428570728 2.9408780952378036e-05
fairness 0.0004166666666666667 0.07058107428570728 2.9408780952378036e-05
look 0.0004166666666666667 0.07058107428570728 2.9408780952378036e-05
citation 0.0004166666666666667 0.07058107428570728 2.9408780952378036e-05
information 0.0004166666666666667 0.07058107428570728 2.9408780952378036e-05
article 0.0004166666666666667 0.07058107428570728 2.9408780952378036e-05
author 0.0004166666666666667 0.06048074738138145 2.520031140890894e-05
com 0.0008333333333333334 0.06048074738138145 5.040062281781788e-05
editor 0.0004166666666666667 0.1023729087095586 4.265537862898276e-05
url 0.0004166666666666667 0.07058107428570728 2.9408780952378036e-05
access 0.0004166666666666667 0.07058107428570728 2.9408780952378036e-05
publisher 0.0004166666666666667 0.07058107428570728 2.9408780952378036e-05
e 0.0008333333333333334 0.04575749056067514 3.813124213389595e-05
television 0.0008333333333333334 0.04575749056067514 3.813124213389595e-05
network 0.0008333333333333334 0.04575749056067514 3.813124213389595e-05
updated 0.0004166666666666667 0.07058107428570728 2.9408780952378036e-05
original 0.0004166666666666667 0.0655015487564323 2.7292311981846792e-05
receive 0.0004166666666666667 0.05551732784983141 2.3132219937429757e-05
story 0.00125 0.05551732784983141 6.939665981228926e-05
shaped 0.0008333333333333334 0.05551732784983141 4.6264439874859515e-05
sign 0.0004166666666666667 0.05551732784983141 2.3132219937429757e-05
controversial 0.0004166666666666667 0.721246399047171 0.00030051933293632127
varying 0.0004166666666666667 1.5228787452803376 0.000634532810533474
governmental 0.0004166666666666667 1.3979400086720377 0.000582475003613349
role 0.0004166666666666667 0.619788758288394 0.0002582453159534975
steve 0.0008333333333333334 1.0969100130080565 0.0009140916775067138
biko 0.0008333333333333334 2.0 0.0016666666666666668
spearheaded 0.0004166666666666667 1.5228787452803376 0.000634532810533474
consciousness 0.0004166666666666667 2.0 0.0008333333333333334
award 0.0004166666666666667 0.494850021680094 0.0002061875090333725
winner 0.0004166666666666667 0.853871964321762 0.00035577998513406755
renowned 0.0004166666666666667 1.1549019599857433 0.00048120914999405973
anglican 0.0004166666666666667 2.0 0.0008333333333333334
cleric 0.0004166666666666667 2.0 0.0008333333333333334
staunch 0.0004166666666666667 1.0 0.0004166666666666667
opposition 0.0004166666666666667 0.958607314841775 0.00039941971451740627
party 0.0004166666666666667 0.3979400086720376 0.00016580833694668234
primarily 0.0004166666666666667 1.045757490560675 0.00043573228773361464
exile 0.0004166666666666667 1.5228787452803376 0.000634532810533474
rockefeller 0.00125 1.3010299956639813 0.0016262874945799765
john 0.0008333333333333334 0.37675070960209955 0.0003139589246684163
jr 0.0004166666666666667 0.32790214206428253 0.0001366258925267844
governor 0.0004166666666666667 0.6575773191777938 0.0002739905496574141
york 0.0004166666666666667 0.3467874862246563 0.00014449478592694015
appointed 0.0004166666666666667 0.6777807052660807 0.0002824086271942003
vice 0.0004166666666666667 0.5376020021010439 0.0002240008342087683
gerald 0.0004166666666666667 1.045757490560675 0.00043573228773361464
ford 0.0004166666666666667 0.958607314841775 0.00039941971451740627
baby 0.0008333333333333334 0.8860566476931633 0.0007383805397443028
face 0.0008333333333333334 0.7958800173440752 0.0006632333477867294
robber 0.0004166666666666667 2.0 0.0008333333333333334
killer 0.0004166666666666667 1.3979400086720377 0.000582475003613349
associate 0.0004166666666666667 0.9208187539523752 0.0003836744808134897
dillinger 0.0004166666666666667 2.0 0.0008333333333333334
willie 0.0008333333333333334 1.3010299956639813 0.0010841916630533177
singer 0.0004166666666666667 0.4202164033831899 0.00017509016807632912
songwriter 0.0008333333333333334 0.8860566476931633 0.0007383805397443028
hit 0.0004166666666666667 0.3665315444204135 0.00015272147684183897
song 0.0004166666666666667 0.638272163982407 0.0002659467349926696
like 0.0004166666666666667 0.2365720064370627 9.857166934877613e-05
crazy 0.0004166666666666667 1.2218487496163564 0.0005091036456734818
judd 0.0008333333333333334 2.0 0.0016666666666666668
actor 0.0008333333333333334 0.4685210829577449 0.00039043423579812077
playing 0.0004166666666666667 0.8860566476931633 0.0003691902698721514
bad 0.0004166666666666667 0.6020599913279624 0.00025085832971998435
guy 0.0004166666666666667 1.6989700043360187 0.0007079041684733412
antihero 0.0004166666666666667 2.0 0.0008333333333333334
portrayal 0.0004166666666666667 1.6989700043360187 0.0007079041684733412
tough 0.0004166666666666667 0.8860566476931633 0.0003691902698721514
teenager 0.0004166666666666667 0.958607314841775 0.00039941971451740627
breakfast 0.0004166666666666667 1.5228787452803376 0.000634532810533474
club 0.0004166666666666667 0.8239087409443188 0.0003432953087267995
helped 0.0004166666666666667 0.3372421683184259 0.00014051757013267747
star 0.0004166666666666667 0.32790214206428253 0.0001366258925267844
tracy 0.0008333333333333334 1.5228787452803376 0.001269065621066948
actress 0.0008333333333333334 0.6020599913279624 0.0005017166594399687
ricky 0.0004166666666666667 2.0 0.0008333333333333334
kristin 0.0004166666666666667 2.0 0.0008333333333333334
harmon 0.0004166666666666667 2.0 0.0008333333333333334
loading 0.0004166666666666667 0.04575749056067514 1.9065621066947976e-05
logo 0.0004166666666666667 0.04575749056067514 1.9065621066947976e-05
registered 0.0004166666666666667 0.04575749056067514 1.9065621066947976e-05
trademark 0.0004166666666666667 0.04575749056067514 1.9065621066947976e-05
llc 0.0004166666666666667 0.04575749056067514 1.9065621066947976e-05
close 0.0016666666666666668 0.04575749056067514 7.62624842677919e-05
