raul 0.00354924578527063 1.3979400086720377 0.004961632683840418
castro 0.03194321206743567 3.0969100130080562 0.09892525329928128
cuban 0.012422360248447206 3.3979400086720375 0.04221043489033587
revolution 0.00709849157054126 1.0 0.00709849157054126
age 0.0026619343389529724 0.11350927482751813 0.00030215423645302075
brother 0.009760425909494233 1.2907300390241692 0.012598074915054004
biography 0.008873114463176575 0.04575749056067514 0.00040601145129259223
skip 0.0008873114463176575 0.04575749056067514 4.060114512925922e-05
main 0.0008873114463176575 0.04575749056067514 4.060114512925922e-05
content 0.0008873114463176575 0.04575749056067514 4.060114512925922e-05
people 0.00354924578527063 0.04575749056067514 0.0001624045805170369
nostalgia 0.0026619343389529724 0.04575749056067514 0.00012180343538777766
celebrity 0.0026619343389529724 0.04575749056067514 0.00012180343538777766
history 0.00354924578527063 0.04575749056067514 0.0001624045805170369
culture 0.0026619343389529724 0.04575749056067514 0.00012180343538777766
crime 0.0026619343389529724 0.04575749056067514 0.00012180343538777766
scandal 0.0026619343389529724 0.04575749056067514 0.00012180343538777766
video 0.0026619343389529724 0.04575749056067514 0.00012180343538777766
contact 0.0026619343389529724 0.04575749056067514 0.00012180343538777766
u 0.0026619343389529724 0.04575749056067514 0.00012180343538777766
advertise 0.001774622892635315 0.04575749056067514 8.120229025851845e-05
privacy 0.0026619343389529724 0.04575749056067514 0.00012180343538777766
notice 0.001774622892635315 0.04575749056067514 8.120229025851845e-05
term 0.0044365572315882874 0.5406075122407692 0.002398436167882738
use 0.001774622892635315 0.04575749056067514 8.120229025851845e-05
copyright 0.001774622892635315 0.04575749056067514 8.120229025851845e-05
policy 0.002661934338952973 0.7670038896078462 0.002041713991857621
ad 0.001774622892635315 0.04575749056067514 8.120229025851845e-05
choice 0.001774622892635315 0.04575749056067514 8.120229025851845e-05
accessibility 0.001774622892635315 0.04575749056067514 8.120229025851845e-05
support 0.001774622892635315 0.04575749056067514 8.120229025851845e-05
setting 0.0008873114463176575 0.04575749056067514 4.060114512925922e-05
february 0.001774622892635315 0.04575749056067514 8.120229025851845e-05
subscribe 0.001774622892635315 0.04575749056067514 8.120229025851845e-05
newsletter 0.0026619343389529724 0.04575749056067514 0.00012180343538777766
photo 0.0008873114463176575 0.12493873660829993 0.00011085957108101148
nurphoto 0.0008873114463176575 2.0 0.001774622892635315
contributor 0.0008873114463176575 1.6989700043360187 0.0015075155317977097
getty 0.0008873114463176575 0.2291479883578558 0.00020332563297059079
image 0.0008873114463176575 0.2218487496163564 0.00019684893488585307
quick 0.0008873114463176575 0.07058107428570728 6.262739510710496e-05
fact 0.001774622892635315 0.14116214857141457 0.00025050958042841984
name 0.001774622892635315 0.05551732784983141 9.852232094025095e-05
birth 0.001774622892635315 0.07058107428570728 0.00012525479021420992
date 0.00354924578527063 0.07058107428570728 0.00025050958042841984
june 0.001774622892635315 0.28399665636520083 0.0005039869678175702
place 0.0008873114463176575 0.07572071393811834 6.71878562006374e-05
bir 0.001774622892635315 2.0 0.00354924578527063
n 0.006211180124223602 0.7695510786217261 0.0047798203641100994
cuba 0.01419698314108252 1.0 0.01419698314108252
zodiac 0.0008873114463176575 0.3010299956639812 0.00026710736083760534
sign 0.001774622892635315 0.05551732784983141 9.852232094025095e-05
gemini 0.0008873114463176575 1.3010299956639813 0.001154418807155263
ra 0.023957409050576754 1.6989700043360187 0.04070291935853816
l 0.023957409050576754 1.0 0.023957409050576754
early 0.0026619343389529724 0.07572071393811834 0.00020156356860191217
life 0.0044365572315882874 0.13679614097137055 0.0006069039084799048
cite 0.0008873114463176575 0.07058107428570728 6.262739510710496e-05
page 0.0008873114463176575 0.07058107428570728 6.262739510710496e-05
publish 0.0008873114463176575 0.07058107428570728 6.262739510710496e-05
apr 0.0008873114463176575 0.5528419686577808 0.0004905430067948366
comment 0.001774622892635315 0.07058107428570728 0.00012525479021420992
succeeded 0.0008873114463176575 1.1549019599857433 0.0010247577284700474
fidel 0.01774622892635315 1.3979400086720377 0.024808163419202087
president 0.008873114463176575 1.0213630516155257 0.009062671265443883
previously 0.0026619343389529724 0.7695510786217261 0.0020484944417614712
served 0.005323868677905945 0.2676062401770315 0.0014247004800906735
country 0.00709849157054126 0.27572413039921095 0.001957225415433618
defense 0.0026619343389529724 0.7695510786217261 0.0020484944417614712
minister 0.007098491570541259 1.8386319977650252 0.013051513737462467
head 0.005323868677905945 0.5228787452803376 0.0027837377743407505
armed 0.0026619343389529724 1.045757490560675 0.0027837377743407496
force 0.00354924578527063 0.8860566476931633 0.0031448328223359833
xfa 0.022182786157941437 2.0 0.044365572315882874
young 0.0026619343389529724 0.3010299956639812 0.000801322082512816
man 0.001774622892635315 0.37675070960209955 0.0006685904340764855
xa 0.02040816326530612 0.17392519729917358 0.0035494938224321137
became 0.0026619343389529724 0.07572071393811834 0.00020156356860191217
interested 0.0008873114463176575 1.0969100130080565 0.0009733008101224991
politics 0.001774622892635315 0.4685210829577449 0.0008314482394991037
joined 0.001774622892635315 0.4685210829577449 0.0008314482394991037
socialist 0.001774622892635315 1.6989700043360187 0.0030150310635954193
youth 0.001774622892635315 0.958607314841775 0.0017011664859658828
group 0.0026619343389529724 0.37675070960209955 0.0010028856511147281
late 0.001774622892635315 0.3665315444204135 0.0006504552696014437
participated 0.0008873114463176575 1.1549019599857433 0.0010247577284700474
brought 0.0008873114463176575 0.619788758288394 0.0005499456595283
power 0.0026619343389529724 0.5376020021010439 0.0014310612300826367
soon 0.001774622892635315 0.40893539297350084 0.0007257061099795934
thereafter 0.0008873114463176575 1.2218487496163564 0.0010841603812035106
appointed 0.0026619343389529724 0.6777807052660807 0.0018042077336275439
decade 0.0044365572315882874 1.4621809049267258 0.006487049267642972
followed 0.0026619343389529724 0.5528419686577808 0.0014716290203845095
also 0.00354924578527063 0.0861861476162833 0.0003058958211758059
deputy 0.0026619343389529724 0.9208187539523752 0.0024511590610977155
prime 0.00354924578527063 0.7958800173440752 0.002824773797139575
formally 0.0008873114463176575 1.0969100130080565 0.0009733008101224991
named 0.0026619343389529724 0.494850021680094 0.0013172582653418652
successor 0.0026619343389529724 1.0969100130080565 0.002919902430367497
implemented 0.001774622892635315 1.2218487496163564 0.0021683207624070213
variety 0.0008873114463176575 1.045757490560675 0.0009279125914469166
social 0.0026619343389529724 0.5228787452803376 0.0013918688871703752
economic 0.0044365572315882874 0.585026652029182 0.002595504223731952
political 0.006211180124223602 0.3098039199714864 0.0019242479501334557
reform 0.00354924578527063 1.2218487496163564 0.0043366415248140425
including 0.0026619343389529724 0.2365720064370627 0.0006297391475698208
restoration 0.001774622892635315 2.0 0.00354924578527063
diplomatic 0.001774622892635315 1.1549019599857433 0.0020495154569400947
tie 0.0008873114463176575 0.9208187539523752 0.0008170530203659052
united 0.0026619343389529724 0.18708664335714445 0.0004980123603118308
state 0.006211180124223602 0.4930892744484819 0.0030626663009222475
stepping 0.0026619343389529724 1.5228787452803376 0.004053803226123347
presidency 0.0026619343389529724 0.4685210829577449 0.0012471723592486555
born 0.001774622892635315 0.09151498112135023 0.00016240458051703678
near 0.001774622892635315 0.8860566476931633 0.0015724164111679917
xe 0.0008873114463176575 0.853871964321762 0.000757650367632442
sixth 0.0008873114463176575 1.1549019599857433 0.0010247577284700474
seven 0.0026619343389529724 0.619788758288394 0.0016498369785848995
child 0.0008873114463176575 0.2076083105017461 0.00018421323025886966
spanish 0.0008873114463176575 1.2218487496163564 0.0010841603812035106
landowner 0.0008873114463176575 1.6989700043360187 0.0015075155317977097
wife 0.0008873114463176575 0.3098039199714864 0.0002748925643047794
grew 0.0008873114463176575 0.494850021680094 0.0004390860884472884
father 0.001774622892635315 0.14874165128092467 0.00026396033945150785
farm 0.0008873114463176575 1.0969100130080565 0.0009733008101224991
attended 0.001774622892635315 0.5376020021010439 0.0009540408200550913
catholic 0.0008873114463176575 1.2218487496163564 0.0010841603812035106
school 0.001774622892635315 0.14874165128092467 0.00026396033945150785
older 0.0008873114463176575 0.721246399047171 0.0006399701854899477
eventually 0.0026619343389529724 0.3979400086720376 0.0010592901739273405
expelled 0.0008873114463176575 1.5228787452803376 0.001351267742041116
bad 0.0008873114463176575 0.6020599913279624 0.0005342147216752107
behavior 0.0008873114463176575 1.5228787452803376 0.001351267742041116
college 0.0008873114463176575 0.40893539297350084 0.0003628530549897967
santiago 0.0008873114463176575 2.0 0.001774622892635315
havana 0.001774622892635315 1.6989700043360187 0.0030150310635954193
studied 0.0008873114463176575 0.7958800173440752 0.0007061934492848937
science 0.0008873114463176575 1.3010299956639813 0.001154418807155263
unlike 0.0008873114463176575 1.1549019599857433 0.0010247577284700474
proved 0.0008873114463176575 0.8860566476931633 0.0007862082055839958
mediocre 0.0008873114463176575 1.5228787452803376 0.001351267742041116
student 0.0008873114463176575 0.6020599913279624 0.0005342147216752107
however 0.0008873114463176575 0.32790214206428253 0.00029095132392571656
leaving 0.001774622892635315 0.5686362358410126 0.001009114881705435
went 0.001774622892635315 0.32790214206428253 0.0005819026478514331
work 0.0008873114463176575 0.2218487496163564 0.00019684893488585307
field 0.0008873114463176575 1.3979400086720377 0.0012404081709601045
began 0.001774622892635315 0.20065945054641826 0.0003560948545632977
take 0.0008873114463176575 0.48148606012211254 0.0004272280923887423
part 0.0044365572315882874 0.3372421683184259 0.001496194180649627
protest 0.0008873114463176575 0.8239087409443188 0.0007310636565610637
activity 0.0008873114463176575 1.0969100130080565 0.0009733008101224991
aided 0.0008873114463176575 0.9208187539523752 0.0008170530203659052
attempt 0.0008873114463176575 0.7447274948966939 0.0006608052306093114
unseat 0.0008873114463176575 2.0 0.001774622892635315
repressive 0.0008873114463176575 2.0 0.001774622892635315
dictator 0.0008873114463176575 1.2218487496163564 0.0010841603812035106
fulgencio 0.0008873114463176575 2.0 0.001774622892635315
batista 0.00354924578527063 2.0 0.00709849157054126
two 0.00354924578527063 0.11918640771920867 0.0004230218552589483
ended 0.001774622892635315 0.5686362358410126 0.001009114881705435
prison 0.001774622892635315 0.6020599913279624 0.0010684294433504213
failed 0.0008873114463176575 0.5376020021010439 0.00047702041002754565
attack 0.0008873114463176575 0.7958800173440752 0.0007061934492848937
military 0.00354924578527063 0.5528419686577808 0.0019621720271793463
base 0.0008873114463176575 1.0 0.0008873114463176575
pardoned 0.0008873114463176575 2.0 0.001774622892635315
released 0.0008873114463176575 0.3010299956639812 0.00026710736083760534
fled 0.001774622892635315 1.5228787452803376 0.002702535484082232
mexico 0.0026619343389529724 1.0 0.0026619343389529724
planned 0.0008873114463176575 0.7958800173440752 0.0007061934492848937
return 0.0026619343389529724 0.7447274948966939 0.001982415691827934
following 0.00354924578527063 0.2518119729937996 0.000893742583828925
year 0.00709849157054126 0.24995468798823245 0.0017743012457017387
would 0.0026619343389529724 0.2291479883578558 0.0006099768989117723
try 0.0008873114463176575 1.0 0.0008873114463176575
overthrow 0.0008873114463176575 1.3979400086720377 0.0012404081709601045
regime 0.0008873114463176575 1.0 0.0008873114463176575
next 0.001774622892635315 0.07058107428570728 0.00012525479021420992
assisted 0.0008873114463176575 1.1549019599857433 0.0010247577284700474
many 0.00354924578527063 0.28399665636520083 0.0010079739356351404
way 0.001774622892635315 1.3526170298853804 0.002400385146202982
leading 0.001774622892635315 0.5228787452803376 0.0009279125914469169
movement 0.0008873114463176575 0.48148606012211254 0.0004272280923887423
guerrilla 0.0008873114463176575 2.0 0.001774622892635315
fighter 0.0008873114463176575 1.5228787452803376 0.001351267742041116
finally 0.0008873114463176575 0.7447274948966939 0.0006608052306093114
assumed 0.001774622892635315 1.6989700043360187 0.0030150310635954193
subsequently 0.0008873114463176575 0.7695510786217261 0.0006828314805871572
ordered 0.0008873114463176575 0.9208187539523752 0.0008170530203659052
execution 0.001774622892635315 1.6989700043360187 0.0030150310635954193
officer 0.0008873114463176575 0.8860566476931633 0.0007862082055839958
among 0.001774622892635315 0.35654732351381263 0.0006327370426154617
others 0.0008873114463176575 0.494850021680094 0.0004390860884472884
earning 0.0008873114463176575 0.6989700043360189 0.0006202040854800522
reputation 0.001774622892635315 0.7958800173440752 0.0014123868985697874
hard 0.0008873114463176575 0.638272163982407 0.0005663461969675306
line 0.0008873114463176575 0.853871964321762 0.000757650367632442
communist 0.0044365572315882874 1.2218487496163564 0.005420801906017553
second 0.001774622892635315 0.19382002601611284 0.0003439574552193662
command 0.0008873114463176575 1.3979400086720377 0.0012404081709601045
held 0.0008873114463176575 0.48148606012211254 0.0004272280923887423
numerous 0.001774622892635315 0.721246399047171 0.0012799403709798955
government 0.00354924578527063 0.494850021680094 0.0017563443537891535
post 0.0008873114463176575 1.5228787452803376 0.001351267742041116
played 0.0008873114463176575 0.6575773191777938 0.0005834758821453361
significant 0.0008873114463176575 1.3010299956639813 0.001154418807155263
shaping 0.0008873114463176575 1.2218487496163564 0.0010841603812035106
addition 0.0008873114463176575 0.6777807052660807 0.000601402577875848
heading 0.0008873114463176575 1.3979400086720377 0.0012404081709601045
time 0.0044365572315882874 0.1023729087095586 0.0004541832684541198
key 0.0008873114463176575 0.958607314841775 0.0008505832429829414
role 0.0008873114463176575 0.3665315444204135 0.00032522763480072184
event 0.0008873114463176575 0.853871964321762 0.000757650367632442
bay 0.0008873114463176575 1.0969100130080565 0.0009733008101224991
pig 0.0008873114463176575 2.0 0.001774622892635315
invasion 0.0008873114463176575 1.3979400086720377 0.0012404081709601045
missile 0.0008873114463176575 1.5228787452803376 0.001351267742041116
crisis 0.0008873114463176575 0.8860566476931633 0.0007862082055839958
first 0.005323868677905945 0.0655015487564323 0.000348721643778699
vice 0.0008873114463176575 0.5376020021010439 0.00047702041002754565
council 0.001774622892635315 0.7695510786217261 0.0013656629611743143
collapse 0.0008873114463176575 1.6989700043360187 0.0015075155317977097
soviet 0.001774622892635315 1.3010299956639813 0.002308837614310526
union 0.0008873114463176575 0.7447274948966939 0.0006608052306093114
led 0.0008873114463176575 0.37675070960209955 0.00033429521703824276
fallout 0.0008873114463176575 1.6989700043360187 0.0015075155317977097
help 0.0008873114463176575 0.4559319556497244 0.00040455364298999506
recover 0.0008873114463176575 1.3979400086720377 0.0012404081709601045
leader 0.005323868677905945 0.37675070960209955 0.0020057713022294562
long 0.001774622892635315 0.4559319556497244 0.0008091072859799901
succeed 0.0008873114463176575 1.6989700043360187 0.0015075155317977097
october 0.001774622892635315 0.37675070960209955 0.0006685904340764855
officially 0.0026619343389529724 0.6989700043360189 0.0018606122564401566
course 0.0008873114463176575 0.853871964321762 0.000757650367632442
quietly 0.0008873114463176575 1.3979400086720377 0.0012404081709601045
assume 0.0008873114463176575 1.3979400086720377 0.0012404081709601045
responsibility 0.0008873114463176575 1.1549019599857433 0.0010247577284700474
placed 0.0008873114463176575 1.1549019599857433 0.0010247577284700474
charge 0.0008873114463176575 0.958607314841775 0.0008505832429829414
underwent 0.0008873114463176575 1.0969100130080565 0.0009733008101224991
surgery 0.0008873114463176575 0.8239087409443188 0.0007310636565610637
gastrointestinal 0.0008873114463176575 2.0 0.001774622892635315
bleeding 0.0008873114463176575 1.6989700043360187 0.0015075155317977097
ceded 0.0008873114463176575 1.6989700043360187 0.0015075155317977097
spurred 0.0008873114463176575 1.3979400086720377 0.0012404081709601045
speculation 0.0008873114463176575 1.045757490560675 0.0009279125914469166
health 0.0008873114463176575 0.5528419686577808 0.0004905430067948366
decline 0.0008873114463176575 1.3010299956639813 0.001154418807155263
later 0.001774622892635315 0.09151498112135023 0.00016240458051703678
resigned 0.0008873114463176575 0.9208187539523752 0.0008170530203659052
five 0.001774622892635315 0.48148606012211254 0.0008544561847774846
day 0.0008873114463176575 0.40893539297350084 0.0003628530549897967
chosen 0.0008873114463176575 1.045757490560675 0.0009279125914469166
national 0.001774622892635315 0.3010299956639812 0.0005342147216752107
assembly 0.001774622892635315 0.8239087409443188 0.0014621273131221273
new 0.0008873114463176575 0.14266750356873154 0.00012659050893410075
despite 0.001774622892635315 0.4202164033831899 0.0007457256493046848
dedicated 0.0008873114463176575 1.045757490560675 0.0009279125914469166
implement 0.0008873114463176575 1.3979400086720377 0.0012404081709601045
lifting 0.0008873114463176575 1.6989700043360187 0.0015075155317977097
restriction 0.0008873114463176575 1.1549019599857433 0.0010247577284700474
commerce 0.0008873114463176575 1.3010299956639813 0.001154418807155263
travel 0.0008873114463176575 0.8860566476931633 0.0007862082055839958
citizen 0.0008873114463176575 0.721246399047171 0.0006399701854899477
allowing 0.0008873114463176575 1.1549019599857433 0.0010247577284700474
privatization 0.0008873114463176575 2.0 0.001774622892635315
portion 0.0008873114463176575 2.0 0.001774622892635315
infrastructure 0.0008873114463176575 1.3979400086720377 0.0012404081709601045
opening 0.0008873114463176575 0.9208187539523752 0.0008170530203659052
foreign 0.0008873114463176575 0.7447274948966939 0.0006608052306093114
investment 0.0008873114463176575 0.853871964321762 0.000757650367632442
ambitious 0.0008873114463176575 1.1549019599857433 0.0010247577284700474
initiative 0.0008873114463176575 1.6989700043360187 0.0015075155317977097
included 0.0008873114463176575 0.48148606012211254 0.0004272280923887423
distinct 0.0008873114463176575 2.0 0.001774622892635315
seemed 0.0008873114463176575 0.9208187539523752 0.0008170530203659052
run 0.0008873114463176575 0.4559319556497244 0.00040455364298999506
counter 0.0008873114463176575 1.5228787452803376 0.001351267742041116
established 0.0008873114463176575 0.7447274948966939 0.0006608052306093114
instituted 0.0008873114463176575 1.3979400086720377 0.0012404081709601045
limit 0.0008873114463176575 1.1549019599857433 0.0010247577284700474
office 0.001774622892635315 0.31875876262441283 0.0005656765973813892
reelected 0.0008873114463176575 1.5228787452803376 0.001351267742041116
announced 0.00354924578527063 0.40893539297350084 0.0014514122199591867
plan 0.0008873114463176575 0.8239087409443188 0.0007310636565610637
leave 0.0008873114463176575 0.6575773191777938 0.0005834758821453361
end 0.0008873114463176575 0.44369749923271273 0.0003936978697717061
read 0.0008873114463176575 0.0655015487564323 5.812027396311651e-05
bella 0.0008873114463176575 0.0655015487564323 5.812027396311651e-05
hadid 0.0008873114463176575 0.0655015487564323 5.812027396311651e-05
sadie 0.0008873114463176575 0.06048074738138145 5.366525943334645e-05
alexander 0.0008873114463176575 0.05551732784983141 4.926116047012548e-05
adrienne 0.0008873114463176575 0.0655015487564323 5.812027396311651e-05
kennedy 0.0008873114463176575 0.06048074738138145 5.366525943334645e-05
december 0.0026619343389529724 0.40893539297350084 0.00108855916496939
american 0.0026619343389529724 0.1023729087095586 0.00027250996107247187
barack 0.0008873114463176575 0.3872161432802645 0.0003435813161315568
obama 0.0026619343389529724 0.37675070960209955 0.0010028856511147281
photographed 0.0008873114463176575 1.3979400086720377 0.0012404081709601045
shaking 0.0008873114463176575 1.5228787452803376 0.001351267742041116
hand 0.001774622892635315 1.9507819773298185 0.003461902355509882
memorial 0.0008873114463176575 0.9208187539523752 0.0008170530203659052
service 0.0008873114463176575 0.5086383061657272 0.00045132059109647494
south 0.0008873114463176575 0.40893539297350084 0.0003628530549897967
african 0.0008873114463176575 0.28399665636520083 0.0002519934839087851
nelson 0.0008873114463176575 0.9208187539523752 0.0008170530203659052
mandela 0.0008873114463176575 1.0969100130080565 0.0009733008101224991
offering 0.0008873114463176575 1.2218487496163564 0.0010841603812035106
evidence 0.0008873114463176575 1.0 0.0008873114463176575
tension 0.0008873114463176575 1.0969100130080565 0.0009733008101224991
might 0.001774622892635315 0.853871964321762 0.001515300735264884
abating 0.0008873114463176575 2.0 0.001774622892635315
confirmed 0.0008873114463176575 0.8860566476931633 0.0007862082055839958
working 0.0008873114463176575 0.35654732351381263 0.00031636852130773085
normalize 0.0008873114463176575 1.6989700043360187 0.0015075155317977097
relation 0.001774622892635315 0.7958800173440752 0.0014123868985697874
underlining 0.0008873114463176575 2.0 0.001774622892635315
effort 0.0008873114463176575 0.5376020021010439 0.00047702041002754565
exchanging 0.0008873114463176575 1.6989700043360187 0.0015075155317977097
prisoner 0.0008873114463176575 1.3979400086720377 0.0012404081709601045
july 0.0008873114463176575 0.37675070960209955 0.00033429521703824276
embassy 0.001774622892635315 1.5228787452803376 0.002702535484082232
reopened 0.0008873114463176575 1.6989700043360187 0.0015075155317977097
washington 0.0008873114463176575 0.3979400086720376 0.00035309672464244686
c 0.005323868677905945 0.35654732351381263 0.0018982111278463849
month 0.0008873114463176575 0.585026652029182 0.0005191008447463904
reestablished 0.0008873114463176575 2.0 0.001774622892635315
referred 0.0008873114463176575 1.0 0.0008873114463176575
x 0.006211180124223602 0.4559319556497244 0.002831875500929965
special 0.0008873114463176575 0.638272163982407 0.0005663461969675306
interest 0.001774622892635315 0.7695510786217261 0.0013656629611743143
section 0.0008873114463176575 1.1549019599857433 0.0010247577284700474
revealed 0.0008873114463176575 0.5086383061657272 0.00045132059109647494
detente 0.0008873114463176575 1.6989700043360187 0.0015075155317977097
initiated 0.0008873114463176575 1.2218487496163564 0.0010841603812035106
pope 0.005323868677905945 1.6989700043360187 0.009045093190786257
francis 0.001774622892635315 1.6989700043360187 0.0030150310635954193
fall 0.0008873114463176575 0.7695510786217261 0.0006828314805871572
wrote 0.0008873114463176575 0.5528419686577808 0.0004905430067948366
separate 0.0008873114463176575 1.3979400086720377 0.0012404081709601045
letter 0.0008873114463176575 1.5228787452803376 0.001351267742041116
encouraged 0.0008873114463176575 0.8239087409443188 0.0007310636565610637
resolve 0.0008873114463176575 1.3010299956639813 0.001154418807155263
humanitarian 0.0008873114463176575 1.3979400086720377 0.0012404081709601045
question 0.0008873114463176575 0.9208187539523752 0.0008170530203659052
common 0.0008873114463176575 1.0969100130080565 0.0009733008101224991
hosted 0.001774622892635315 1.2218487496163564 0.0021683207624070213
delegation 0.0008873114463176575 1.6989700043360187 0.0015075155317977097
secret 0.0008873114463176575 0.8860566476931633 0.0007862082055839958
meeting 0.0008873114463176575 0.8860566476931633 0.0007862082055839958
vatican 0.0008873114463176575 1.6989700043360187 0.0015075155317977097
paving 0.0008873114463176575 2.0 0.001774622892635315
september 0.0008873114463176575 0.5086383061657272 0.00045132059109647494
third 0.0008873114463176575 0.4202164033831899 0.0003728628246523424
visit 0.0026619343389529724 0.958607314841775 0.0025517497289488243
papal 0.0008873114463176575 2.0 0.001774622892635315
tour 0.0008873114463176575 0.7447274948966939 0.0006608052306093114
mission 0.0008873114463176575 1.0 0.0008873114463176575
mercy 0.0008873114463176575 1.6989700043360187 0.0015075155317977097
made 0.0008873114463176575 0.1804560644581313 0.00016012073155113692
headline 0.0008873114463176575 0.8239087409443188 0.0007310636565610637
reason 0.0008873114463176575 1.0969100130080565 0.0009733008101224991
least 0.0008873114463176575 1.045757490560675 0.0009279125914469166
goodwill 0.0008873114463176575 2.0 0.001774622892635315
shared 0.0008873114463176575 0.7695510786217261 0.0006828314805871572
even 0.001774622892635315 0.3665315444204135 0.0006504552696014437
joked 0.001774622892635315 1.2218487496163564 0.0021683207624070213
church 0.0008873114463176575 0.619788758288394 0.0005499456595283
influence 0.0008873114463176575 0.6989700043360189 0.0006202040854800522
november 0.0008873114463176575 0.24412514432750856 0.0002166150348957485
television 0.0026619343389529724 0.04575749056067514 0.00012180343538777766
death 0.001774622892635315 0.2365720064370627 0.00041982609837988056
announcement 0.0008873114463176575 1.3979400086720377 0.0012404081709601045
revolutionary 0.001774622892635315 1.1549019599857433 0.0020495154569400947
slogan 0.0008873114463176575 1.3010299956639813 0.001154418807155263
towards 0.0008873114463176575 1.3010299956639813 0.001154418807155263
victory 0.0008873114463176575 0.5686362358410126 0.0005045574408527175
always 0.0008873114463176575 0.638272163982407 0.0005663461969675306
notable 0.0008873114463176575 1.045757490560675 0.0009279125914469166
achievement 0.0008873114463176575 1.1549019599857433 0.0010247577284700474
stressed 0.0008873114463176575 1.5228787452803376 0.001351267742041116
want 0.0008873114463176575 0.585026652029182 0.0005191008447463904
follow 0.0008873114463176575 0.7958800173440752 0.0007061934492848937
footstep 0.0008873114463176575 1.1549019599857433 0.0010247577284700474
holding 0.001774622892635315 1.1549019599857433 0.0020495154569400947
reiterated 0.0008873114463176575 1.5228787452803376 0.001351267742041116
intention 0.0008873114463176575 1.6989700043360187 0.0015075155317977097
resign 0.0008873114463176575 1.0 0.0008873114463176575
telling 0.0008873114463176575 1.045757490560675 0.0009279125914469166
mexican 0.0008873114463176575 1.2218487496163564 0.0010841603812035106
press 0.0008873114463176575 0.7958800173440752 0.0007061934492848937
become 0.0008873114463176575 0.3372421683184259 0.0002992388361299254
great 0.001774622892635315 0.5228787452803376 0.0009279125914469169
grandfather 0.0008873114463176575 1.0 0.0008873114463176575
grandson 0.0008873114463176575 2.0 0.001774622892635315
otherwise 0.0008873114463176575 1.3010299956639813 0.001154418807155263
get 0.0008873114463176575 0.44369749923271273 0.0003936978697717061
bored 0.0008873114463176575 2.0 0.001774622892635315
promise 0.0008873114463176575 0.9208187539523752 0.0008170530203659052
aside 0.0008873114463176575 1.0969100130080565 0.0009733008101224991
allow 0.0008873114463176575 1.045757490560675 0.0009279125914469166
vote 0.0008873114463176575 0.638272163982407 0.0005663461969675306
picked 0.0008873114463176575 1.0969100130080565 0.0009733008101224991
miguel 0.0008873114463176575 1.3979400086720377 0.0012404081709601045
xed 0.0026619343389529724 2.0 0.005323868677905945
az 0.001774622892635315 2.0 0.00354924578527063
canel 0.001774622892635315 1.5228787452803376 0.002702535484082232
april 0.001774622892635315 0.1549019599857432 0.0002748925643047794
confirmation 0.0008873114463176575 0.958607314841775 0.0008505832429829414
leadership 0.001774622892635315 0.638272163982407 0.0011326923939350613
fell 0.0008873114463176575 0.8860566476931633 0.0007862082055839958
outside 0.0008873114463176575 0.6989700043360189 0.0006202040854800522
control 0.0008873114463176575 0.5528419686577808 0.0004905430067948366
nearly 0.0008873114463176575 0.721246399047171 0.0006399701854899477
though 0.0008873114463176575 0.3665315444204135 0.00032522763480072184
expected 0.0008873114463176575 0.8860566476931633 0.0007862082055839958
remain 0.0008873114463176575 0.853871964321762 0.000757650367632442
party 0.001774622892635315 0.3979400086720376 0.0007061934492848937
foreseeable 0.0008873114463176575 2.0 0.001774622892635315
future 0.0008873114463176575 0.721246399047171 0.0006399701854899477
personal 0.0008873114463176575 0.3372421683184259 0.0002992388361299254
january 0.0008873114463176575 0.2676062401770315 0.00023745008001511224
married 0.0008873114463176575 0.24412514432750856 0.0002166150348957485
vilma 0.001774622892635315 2.0 0.00354924578527063
esp 0.0008873114463176575 2.0 0.001774622892635315
woman 0.001774622892635315 0.7958800173440752 0.0014123868985697874
acted 0.0008873114463176575 1.0969100130080565 0.0009733008101224991
messenger 0.0008873114463176575 1.6989700043360187 0.0015075155317977097
exiled 0.0008873114463176575 2.0 0.001774622892635315
together 0.0008873114463176575 0.431798275933005 0.00038313955273558566
three 0.001774622892635315 0.2076083105017461 0.0003684264605177393
daughter 0.0008873114463176575 0.8239087409443188 0.0007310636565610637
one 0.0008873114463176575 0.08092190762392613 7.180293489256977e-05
son 0.0008873114463176575 0.28399665636520083 0.0002519934839087851
sharp 0.0008873114463176575 1.0969100130080565 0.0009733008101224991
wit 0.0008873114463176575 2.0 0.001774622892635315
typically 0.0008873114463176575 1.6989700043360187 0.0015075155317977097
avoids 0.0008873114463176575 2.0 0.001774622892635315
hour 0.001774622892635315 0.9208187539523752 0.0016341060407318105
discourse 0.0008873114463176575 2.0 0.001774622892635315
public 0.0008873114463176575 0.2596373105057561 0.0002303791575028892
private 0.0008873114463176575 0.6020599913279624 0.0005342147216752107
characterized 0.0008873114463176575 1.3010299956639813 0.001154418807155263
shy 0.0008873114463176575 1.5228787452803376 0.001351267742041116
away 0.0008873114463176575 0.5376020021010439 0.00047702041002754565
elaborating 0.0008873114463176575 2.0 0.001774622892635315
philosophical 0.0008873114463176575 1.6989700043360187 0.0015075155317977097
view 0.0008873114463176575 0.853871964321762 0.000757650367632442
length 0.0008873114463176575 1.2218487496163564 0.0010841603812035106
whether 0.0008873114463176575 0.8860566476931633 0.0007862082055839958
speech 0.0008873114463176575 0.7447274948966939 0.0006608052306093114
writing 0.0008873114463176575 0.853871964321762 0.000757650367632442
interview 0.0008873114463176575 0.585026652029182 0.0005191008447463904
actor 0.0008873114463176575 0.4685210829577449 0.0004157241197495519
activist 0.0008873114463176575 0.494850021680094 0.0004390860884472884
sean 0.0008873114463176575 2.0 0.001774622892635315
penn 0.0008873114463176575 1.6989700043360187 0.0015075155317977097
find 0.0008873114463176575 2.0 0.001774622892635315
spoken 0.0008873114463176575 1.3979400086720377 0.0012404081709601045
sure 0.0008873114463176575 0.8860566476931633 0.0007862082055839958
give 0.0008873114463176575 0.721246399047171 0.0006399701854899477
half 0.0008873114463176575 0.853871964321762 0.000757650367632442
check 0.0008873114463176575 0.07058107428570728 6.262739510710496e-05
strive 0.0008873114463176575 0.07058107428570728 6.262739510710496e-05
accuracy 0.0008873114463176575 0.07058107428570728 6.262739510710496e-05
fairness 0.0008873114463176575 0.07058107428570728 6.262739510710496e-05
see 0.001774622892635315 0.04575749056067514 8.120229025851845e-05
something 0.0008873114463176575 0.07058107428570728 6.262739510710496e-05
look 0.0008873114463176575 0.07058107428570728 6.262739510710496e-05
right 0.0008873114463176575 0.07058107428570728 6.262739510710496e-05
citation 0.0008873114463176575 0.07058107428570728 6.262739510710496e-05
information 0.0008873114463176575 0.07058107428570728 6.262739510710496e-05
article 0.0008873114463176575 0.07058107428570728 6.262739510710496e-05
title 0.0008873114463176575 0.07058107428570728 6.262739510710496e-05
author 0.0008873114463176575 0.06048074738138145 5.366525943334645e-05
com 0.001774622892635315 0.06048074738138145 0.0001073305188666929
editor 0.0008873114463176575 0.1023729087095586 9.083665369082396e-05
website 0.001774622892635315 0.0655015487564323 0.00011624054792623302
url 0.0008873114463176575 0.07058107428570728 6.262739510710496e-05
access 0.0008873114463176575 0.07058107428570728 6.262739510710496e-05
publisher 0.0008873114463176575 0.07058107428570728 6.262739510710496e-05
e 0.001774622892635315 0.04575749056067514 8.120229025851845e-05
network 0.001774622892635315 0.04575749056067514 8.120229025851845e-05
last 0.0008873114463176575 0.0655015487564323 5.812027396311651e-05
updated 0.0008873114463176575 0.07058107428570728 6.262739510710496e-05
original 0.0008873114463176575 0.0655015487564323 5.812027396311651e-05
published 0.0008873114463176575 0.07058107428570728 6.262739510710496e-05
receive 0.0008873114463176575 0.05551732784983141 4.926116047012548e-05
story 0.0026619343389529724 0.05551732784983141 0.00014778348141037642
shaped 0.001774622892635315 0.05551732784983141 9.852232094025095e-05
world 0.0008873114463176575 0.04575749056067514 4.060114512925922e-05
person 0.007985803016858917 0.05060999335508724 0.00040416143761826546
orchestrated 0.0008873114463176575 1.5228787452803376 0.001351267742041116
juli 0.001774622892635315 1.2218487496163564 0.0021683207624070213
former 0.0008873114463176575 0.27572413039921095 0.00024465317692920225
mayor 0.0008873114463176575 0.6777807052660807 0.000601402577875848
san 0.0008873114463176575 0.8860566476931633 0.0007862082055839958
antonio 0.0008873114463176575 1.1549019599857433 0.0010247577284700474
texas 0.0008873114463176575 0.619788758288394 0.0005499456595283
hud 0.0008873114463176575 1.045757490560675 0.0009279125914469166
secretary 0.0008873114463176575 0.638272163982407 0.0005663461969675306
administration 0.0008873114463176575 0.6575773191777938 0.0005834758821453361
candidate 0.0008873114463176575 0.8860566476931633 0.0007862082055839958
democratic 0.0008873114463176575 0.3872161432802645 0.0003435813161315568
nomination 0.0008873114463176575 0.5086383061657272 0.00045132059109647494
presidential 0.0008873114463176575 0.3665315444204135 0.00032522763480072184
race 0.0008873114463176575 0.619788758288394 0.0005499456595283
ariel 0.001774622892635315 1.6989700043360187 0.0030150310635954193
received 0.0008873114463176575 0.28399665636520083 0.0002519934839087851
sentence 0.0008873114463176575 0.8239087409443188 0.0007310636565610637
plus 0.0008873114463176575 1.0969100130080565 0.0009733008101224991
additional 0.0008873114463176575 0.853871964321762 0.000757650367632442
kidnapping 0.0008873114463176575 1.5228787452803376 0.001351267742041116
torturing 0.0008873114463176575 1.6989700043360187 0.0015075155317977097
imprisoning 0.0008873114463176575 1.6989700043360187 0.0015075155317977097
cleveland 0.0008873114463176575 1.1549019599857433 0.0010247577284700474
ohio 0.0008873114463176575 1.0 0.0008873114463176575
che 0.001774622892635315 2.0 0.00354924578527063
guevara 0.001774622892635315 2.0 0.00354924578527063
marxist 0.0008873114463176575 1.6989700043360187 0.0015075155317977097
allied 0.001774622892635315 1.3010299956639813 0.002308837614310526
eli 0.001774622892635315 2.0 0.00354924578527063
gonz 0.001774622892635315 2.0 0.00354924578527063
lez 0.001774622892635315 2.0 0.00354924578527063
old 0.0008873114463176575 0.28399665636520083 0.0002519934839087851
center 0.0008873114463176575 0.585026652029182 0.0005191008447463904
international 0.0008873114463176575 0.40893539297350084 0.0003628530549897967
controversy 0.0008873114463176575 0.8239087409443188 0.0007310636565610637
found 0.0008873114463176575 0.3372421683184259 0.0002992388361299254
floating 0.0008873114463176575 2.0 0.001774622892635315
alone 0.0008873114463176575 1.1549019599857433 0.0010247577284700474
inner 0.0008873114463176575 1.5228787452803376 0.001351267742041116
tube 0.0008873114463176575 1.6989700043360187 0.0015075155317977097
miami 0.0008873114463176575 1.3010299956639813 0.001154418807155263
mother 0.0008873114463176575 0.21467016498923297 0.00019047929457784648
vladimir 0.00354924578527063 1.3979400086720377 0.004961632683840418
lenin 0.001774622892635315 2.0 0.00354924578527063
founder 0.0008873114463176575 0.7958800173440752 0.0007061934492848937
russian 0.0008873114463176575 0.958607314841775 0.0008505832429829414
bolshevik 0.0008873114463176575 2.0 0.001774622892635315
architect 0.0008873114463176575 1.6989700043360187 0.0015075155317977097
putin 0.001774622892635315 1.3979400086720377 0.002480816341920209
russia 0.001774622892635315 0.853871964321762 0.001515300735264884
elected 0.0008873114463176575 0.3665315444204135 0.00032522763480072184
hirohito 0.001774622892635315 1.6989700043360187 0.0030150310635954193
japan 0.001774622892635315 1.1549019599857433 0.0020495154569400947
longest 0.0008873114463176575 0.958607314841775 0.0008505832429829414
reigning 0.0008873114463176575 1.5228787452803376 0.001351267742041116
emperor 0.0008873114463176575 1.5228787452803376 0.001351267742041116
throne 0.0008873114463176575 1.3979400086720377 0.0012404081709601045
controversial 0.0008873114463176575 0.721246399047171 0.0006399701854899477
figure 0.0008873114463176575 0.6777807052660807 0.000601402577875848
surrender 0.0008873114463176575 1.5228787452803376 0.001351267742041116
nicolae 0.001774622892635315 2.0 0.00354924578527063
ceausescu 0.001774622892635315 2.0 0.00354924578527063
romania 0.0008873114463176575 2.0 0.001774622892635315
loading 0.0008873114463176575 0.04575749056067514 4.060114512925922e-05
logo 0.0008873114463176575 0.04575749056067514 4.060114512925922e-05
registered 0.0008873114463176575 0.04575749056067514 4.060114512925922e-05
trademark 0.0008873114463176575 0.04575749056067514 4.060114512925922e-05
llc 0.0008873114463176575 0.04575749056067514 4.060114512925922e-05
close 0.00354924578527063 0.04575749056067514 0.0001624045805170369
