ray 0.024390243902439025 1.0969100130080565 0.02675390275629406
charles 0.037073170731707315 0.8860566476931633 0.03284892937789288
song 0.005853658536585366 1.337242168318426 0.007827759034059079
movie 0.001951219512195122 0.7447274948966939 0.0014531268193106223
fact 0.002926829268292683 0.14116214857141457 0.0004131575080138963
biography 0.00975609756097561 0.04575749056067514 0.00044641454205536724
skip 0.000975609756097561 0.04575749056067514 4.464145420553672e-05
main 0.000975609756097561 0.04575749056067514 4.464145420553672e-05
content 0.000975609756097561 0.04575749056067514 4.464145420553672e-05
people 0.005853658536585366 0.04575749056067514 0.0002678487252332204
nostalgia 0.002926829268292683 0.04575749056067514 0.0001339243626166102
celebrity 0.002926829268292683 0.04575749056067514 0.0001339243626166102
history 0.002926829268292683 0.04575749056067514 0.0001339243626166102
culture 0.002926829268292683 0.04575749056067514 0.0001339243626166102
crime 0.002926829268292683 0.04575749056067514 0.0001339243626166102
scandal 0.002926829268292683 0.04575749056067514 0.0001339243626166102
video 0.002926829268292683 0.04575749056067514 0.0001339243626166102
contact 0.002926829268292683 0.04575749056067514 0.0001339243626166102
u 0.004878048780487805 0.04575749056067514 0.00022320727102768362
advertise 0.001951219512195122 0.04575749056067514 8.928290841107344e-05
privacy 0.002926829268292683 0.04575749056067514 0.0001339243626166102
notice 0.001951219512195122 0.04575749056067514 8.928290841107344e-05
term 0.001951219512195122 0.04575749056067514 8.928290841107344e-05
use 0.002926829268292683 0.04575749056067514 0.0001339243626166102
copyright 0.001951219512195122 0.04575749056067514 8.928290841107344e-05
policy 0.001951219512195122 0.04575749056067514 8.928290841107344e-05
ad 0.001951219512195122 0.04575749056067514 8.928290841107344e-05
choice 0.001951219512195122 0.04575749056067514 8.928290841107344e-05
accessibility 0.001951219512195122 0.04575749056067514 8.928290841107344e-05
support 0.001951219512195122 0.04575749056067514 8.928290841107344e-05
setting 0.000975609756097561 0.04575749056067514 4.464145420553672e-05
february 0.000975609756097561 0.04575749056067514 4.464145420553672e-05
subscribe 0.001951219512195122 0.04575749056067514 8.928290841107344e-05
newsletter 0.002926829268292683 0.04575749056067514 0.0001339243626166102
photo 0.000975609756097561 0.12493873660829993 0.00012189145034956091
hulton 0.000975609756097561 1.3979400086720377 0.001363843910899549
archive 0.000975609756097561 1.0969100130080565 0.0010701561102517624
getty 0.000975609756097561 0.2291479883578558 0.00022355901303205443
image 0.000975609756097561 0.2218487496163564 0.00021643780450376234
quick 0.000975609756097561 0.07058107428570728 6.885958466898272e-05
name 0.002926829268292683 0.05551732784983141 0.00016248974004828706
birth 0.001951219512195122 0.07058107428570728 0.00013771916933796543
date 0.004878048780487805 0.07058107428570728 0.0003442979233449136
september 0.001951219512195122 0.5086383061657272 0.0009924649876404434
death 0.006829268292682927 0.2365720064370627 0.0016156137024970136
june 0.001951219512195122 0.28399665636520083 0.0005541398172979529
education 0.000975609756097561 0.19382002601611284 0.00018909270830840276
florida 0.003902439024390244 0.7447274948966939 0.0029062536386212446
school 0.002926829268292683 0.14874165128092467 0.0004353414183831942
deaf 0.001951219512195122 2.0 0.003902439024390244
blind 0.002926829268292683 1.6989700043360187 0.004972595134642006
place 0.003902439024390244 0.07572071393811834 0.0002954954690268033
albany 0.001951219512195122 1.6989700043360187 0.003315063423094671
georgia 0.004878048780487805 0.721246399047171 0.0035182751173032734
beverly 0.001951219512195122 1.3979400086720377 0.002727687821799098
hill 0.001951219512195122 1.3010299956639813 0.002538595113490695
california 0.001951219512195122 0.5528419686577808 0.001078716036405426
nickname 0.001951219512195122 0.9208187539523752 0.0017967195199070736
genius 0.004878048780487805 2.0 0.00975609756097561
father 0.003902439024390244 0.14874165128092467 0.0005804552245109256
soul 0.005853658536585366 0.853871964321762 0.004998274913102997
full 0.000975609756097561 0.3010299956639812 0.0002936878006477865
robinson 0.004878048780487805 0.958607314841775 0.004676133243130609
early 0.003902439024390244 0.07572071393811834 0.0002954954690268033
life 0.006829268292682927 0.13679614097137055 0.0009342175480971648
musical 0.00975609756097561 0.48148606012211254 0.004697424976801098
evolution 0.001951219512195122 1.6989700043360187 0.003315063423094671
critical 0.002926829268292683 1.0969100130080565 0.003210468330755287
acclaim 0.001951219512195122 1.5228787452803376 0.0029714707224982196
later 0.006829268292682927 0.09151498112135023 0.0006249803588775138
career 0.001951219512195122 0.17392519729917358 0.00033936623863253383
legacy 0.001951219512195122 0.6989700043360189 0.001363843910899549
cite 0.000975609756097561 0.07058107428570728 6.885958466898272e-05
page 0.000975609756097561 0.07058107428570728 6.885958466898272e-05
quote 0.000975609756097561 0.3872161432802645 0.00037777184710269707
retire 0.001951219512195122 2.0 0.003902439024390244
music 0.011707317073170732 0.4559319556497244 0.005337739968582139
liver 0.001951219512195122 1.5228787452803376 0.0029714707224982196
remove 0.000975609756097561 1.0969100130080565 0.0010701561102517624
surgically 0.000975609756097561 2.0 0.001951219512195122
like 0.004878048780487805 1.537602002101044 0.007500497571224604
taking 0.000975609756097561 0.6020599913279624 0.000587375601295573
appendix 0.000975609756097561 2.0 0.001951219512195122
love 0.003902439024390244 2.207608310501746 0.008615056821470228
special 0.001951219512195122 0.638272163982407 0.0012454091004534772
word 0.001951219512195122 1.1549019599857433 0.0022534672389965724
mean 0.000975609756097561 1.2218487496163564 0.0011920475606013233
say 0.004878048780487805 0.721246399047171 0.0035182751173032734
much 0.005853658536585366 0.37675070960209955 0.0022053700074269244
becomes 0.000975609756097561 1.5228787452803376 0.0014857353612491098
cheap 0.000975609756097561 1.6989700043360187 0.0016575317115473354
never 0.002926829268292683 0.431798275933005 0.001263799831999039
another 0.002926829268292683 0.40893539297350084 0.0011968840769956122
musician 0.005853658536585366 1.958607314841775 0.011465018428342098
break 0.001951219512195122 0.8860566476931633 0.001728891019889099
perceived 0.001951219512195122 1.3979400086720377 0.002727687821799098
wall 0.001951219512195122 1.3979400086720377 0.002727687821799098
genre 0.005853658536585366 2.6020599913279625 0.01523157068094417
used 0.001951219512195122 0.5086383061657272 0.0009924649876404434
dime 0.001951219512195122 2.0 0.003902439024390244
would 0.004878048780487805 0.2291479883578558 0.0011177950651602721
give 0.003902439024390244 0.721246399047171 0.0028146200938426185
nickel 0.003902439024390244 2.0 0.007804878048780488
well 0.002926829268292683 0.20065945054641826 0.0005872959528187852
back 0.001951219512195122 0.4202164033831899 0.0008199344456257363
still 0.001951219512195122 0.431798275933005 0.0008425332213326928
know 0.001951219512195122 0.4559319556497244 0.0008896233280970232
heaven 0.001951219512195122 1.5228787452803376 0.0029714707224982196
become 0.002926829268292683 0.3372421683184259 0.0009870502487368564
better 0.001951219512195122 0.638272163982407 0.0012454091004534772
publish 0.000975609756097561 0.07058107428570728 6.885958466898272e-05
jan 0.000975609756097561 0.9208187539523752 0.0008983597599535368
comment 0.001951219512195122 0.07058107428570728 0.00013771916933796543
pioneer 0.000975609756097561 0.958607314841775 0.0009352266486261219
integrating 0.000975609756097561 1.0969100130080565 0.0010701561102517624
r 0.006829268292682927 0.5086383061657272 0.003473627456741552
b 0.00878048780487805 0.37675070960209955 0.0033080550111403866
gospel 0.003902439024390244 0.958607314841775 0.0037409065945044877
pop 0.002926829268292683 0.5686362358410126 0.0016643011780712565
country 0.003902439024390244 0.27572413039921095 0.0010759966064359452
create 0.002926829268292683 0.8239087409443188 0.0024114402173980062
hit 0.00975609756097561 0.8751698505861407 0.008538242444742836
unchain 0.001951219512195122 1.3979400086720377 0.002727687821799098
heart 0.001951219512195122 0.5228787452803376 0.0010202512103030979
road 0.003902439024390244 0.853871964321762 0.0033321832754019984
jack 0.002926829268292683 0.853871964321762 0.0024991374565514987
mind 0.002926829268292683 1.0 0.002926829268292683
legendary 0.002926829268292683 0.853871964321762 0.0024991374565514987
pioneered 0.000975609756097561 2.0 0.001951219512195122
often 0.000975609756097561 0.5376020021010439 0.0005244897581473599
called 0.001951219512195122 0.3010299956639812 0.000587375601295573
combined 0.000975609756097561 1.3979400086720377 0.001363843910899549
blue 0.003902439024390244 1.0 0.003902439024390244
jazz 0.005853658536585366 1.0969100130080565 0.006420936661510574
groundbreaking 0.000975609756097561 1.1549019599857433 0.0011267336194982862
died 0.002926829268292683 0.31875876262441283 0.0009329524759738912
leaving 0.000975609756097561 0.5686362358410126 0.0005547670593570855
lasting 0.000975609756097561 1.2218487496163564 0.0011920475606013233
impression 0.000975609756097561 1.3010299956639813 0.0012692975567453475
contemporary 0.001951219512195122 2.4948500216800937 0.004868000042302622
born 0.000975609756097561 0.09151498112135023 8.928290841107339e-05
mechanic 0.000975609756097561 2.0 0.001951219512195122
mother 0.002926829268292683 0.21467016498923297 0.0006283029219197062
sharecropper 0.000975609756097561 1.6989700043360187 0.0016575317115473354
moved 0.001951219512195122 0.3872161432802645 0.0007555436942053941
family 0.000975609756097561 0.11918640771920867 0.00011627942216508164
greenville 0.000975609756097561 1.5228787452803376 0.0014857353612491098
infant 0.000975609756097561 1.1549019599857433 0.0011267336194982862
one 0.007804878048780488 0.08092190762392613 0.0006315856204794235
traumatic 0.000975609756097561 1.6989700043360187 0.0016575317115473354
event 0.000975609756097561 0.853871964321762 0.0008330458188504996
childhood 0.000975609756097561 0.6020599913279624 0.000587375601295573
witnessing 0.000975609756097561 2.0 0.001951219512195122
drowning 0.000975609756097561 1.6989700043360187 0.0016575317115473354
younger 0.000975609756097561 0.585026652029182 0.000570757709296763
brother 0.003902439024390244 1.2907300390241692 0.00503699527424066
soon 0.001951219512195122 0.40893539297350084 0.0007979227179970748
gradually 0.000975609756097561 1.3979400086720377 0.001363843910899549
began 0.002926829268292683 0.20065945054641826 0.0005872959528187852
lose 0.000975609756097561 1.3979400086720377 0.001363843910899549
sight 0.000975609756097561 1.3010299956639813 0.0012692975567453475
age 0.001951219512195122 0.11350927482751813 0.00022148151185857196
sent 0.000975609756097561 0.853871964321762 0.0008330458188504996
state 0.000975609756097561 0.2924298239020636 0.000285297389172745
sponsored 0.000975609756097561 1.045757490560675 0.0010202512103030976
st 0.000975609756097561 0.721246399047171 0.0007036550234606546
augustine 0.000975609756097561 2.0 0.001951219512195122
learned 0.002926829268292683 0.6989700043360189 0.0020457658663493236
read 0.001951219512195122 0.0655015487564323 0.00012780790001255083
write 0.000975609756097561 1.045757490560675 0.0010202512103030976
arrange 0.000975609756097561 1.5228787452803376 0.0014857353612491098
braille 0.000975609756097561 2.0 0.001951219512195122
also 0.002926829268292683 0.0861861476162833 0.0002522521393647316
play 0.000975609756097561 0.7958800173440752 0.0007764683096039758
piano 0.000975609756097561 1.5228787452803376 0.0014857353612491098
organ 0.000975609756097561 2.0 0.001951219512195122
sax 0.000975609756097561 1.6989700043360187 0.0016575317115473354
clarinet 0.000975609756097561 2.0 0.001951219512195122
trumpet 0.000975609756097561 1.3979400086720377 0.001363843910899549
breadth 0.000975609756097561 2.0 0.001951219512195122
interest 0.000975609756097561 1.0969100130080565 0.0010701561102517624
ranged 0.000975609756097561 2.0 0.001951219512195122
widely 0.000975609756097561 1.1549019599857433 0.0011267336194982862
year 0.006829268292682927 0.24995468798823245 0.0017070076252854898
toured 0.000975609756097561 1.6989700043360187 0.0016575317115473354
chitlin 0.000975609756097561 2.0 0.001951219512195122
circuit 0.000975609756097561 1.0 0.000975609756097561
south 0.000975609756097561 0.40893539297350084 0.0003989613589985374
picked 0.000975609756097561 1.0969100130080565 0.0010701561102517624
heroin 0.001951219512195122 1.6989700043360187 0.003315063423094671
seattle 0.000975609756097561 2.0 0.001951219512195122
met 0.000975609756097561 0.44369749923271273 0.00043287560900752463
young 0.000975609756097561 0.3010299956639812 0.0002936878006477865
quincy 0.000975609756097561 1.3010299956639813 0.0012692975567453475
jones 0.002926829268292683 1.0 0.002926829268292683
friend 0.001951219512195122 0.638272163982407 0.0012454091004534772
collaborator 0.000975609756097561 2.0 0.001951219512195122
keep 0.000975609756097561 0.6575773191777938 0.0006415388479783354
rest 0.000975609756097561 0.6020599913279624 0.000587375601295573
performed 0.003902439024390244 0.7695510786217261 0.0030031261604750287
mcson 0.000975609756097561 2.0 0.001951219512195122
trio 0.001951219512195122 1.0969100130080565 0.002140312220503525
playing 0.000975609756097561 0.8860566476931633 0.0008644455099445495
style 0.003902439024390244 0.8239087409443188 0.0032152536231973413
closely 0.000975609756097561 1.0969100130080565 0.0010701561102517624
resembled 0.000975609756097561 2.0 0.001951219512195122
work 0.000975609756097561 0.2218487496163564 0.00021643780450376234
two 0.001951219512195122 0.11918640771920867 0.00023255884433016327
major 0.000975609756097561 0.4202164033831899 0.00040996722281286816
influence 0.000975609756097561 1.1549019599857433 0.0011267336194982862
brown 0.001951219512195122 0.8239087409443188 0.0016076268115986707
nat 0.000975609756097561 2.0 0.001951219512195122
king 0.001951219512195122 0.4685210829577449 0.0009141874789419413
cole 0.001951219512195122 1.6989700043360187 0.003315063423094671
developed 0.000975609756097561 0.7958800173440752 0.0007764683096039758
distinctive 0.000975609756097561 1.6989700043360187 0.0016575317115473354
sound 0.001951219512195122 2.346787486224656 0.00457909753409689
released 0.002926829268292683 0.3010299956639812 0.0008810634019433596
first 0.006829268292682927 0.0655015487564323 0.0004473276500439279
single 0.002926829268292683 0.585026652029182 0.001712273127890289
confession 0.000975609756097561 1.6989700043360187 0.0016575317115473354
maxin 0.000975609756097561 2.0 0.001951219512195122
chart 0.004878048780487805 1.7235381958267557 0.008407503394276858
success 0.002926829268292683 0.431798275933005 0.001263799831999039
followed 0.001951219512195122 0.5528419686577808 0.001078716036405426
baby 0.002926829268292683 0.8860566476931633 0.0025933365298336486
let 0.000975609756097561 0.6777807052660807 0.0006612494685522738
hold 0.000975609756097561 1.0 0.000975609756097561
hand 0.000975609756097561 0.7958800173440752 0.0007764683096039758
kissa 0.000975609756097561 2.0 0.001951219512195122
landed 0.000975609756097561 1.045757490560675 0.0010202512103030976
deal 0.000975609756097561 0.5528419686577808 0.000539358018202713
atlantic 0.000975609756097561 1.3979400086720377 0.001363843910899549
record 0.001951219512195122 0.6989700043360189 0.001363843910899549
celebrated 0.000975609756097561 1.0969100130080565 0.0010701561102517624
label 0.000975609756097561 0.958607314841775 0.0009352266486261219
mess 0.000975609756097561 1.6989700043360187 0.0016575317115473354
around 0.000975609756097561 0.4559319556497244 0.0004448116640485116
classic 0.001951219512195122 2.6989700043360187 0.005266282935289792
got 0.001951219512195122 0.5376020021010439 0.0010489795162947199
woman 0.000975609756097561 0.3979400086720376 0.0003882341548019879
reached 0.000975609756097561 0.721246399047171 0.0007036550234606546
reflected 0.000975609756097561 1.0969100130080565 0.0010701561102517624
advance 0.000975609756097561 1.5228787452803376 0.0014857353612491098
longer 0.000975609756097561 0.8239087409443188 0.0008038134057993353
imitator 0.000975609756097561 2.0 0.001951219512195122
fusion 0.000975609756097561 2.0 0.001951219512195122
helped 0.000975609756097561 0.3372421683184259 0.0003290167495789521
new 0.001951219512195122 0.14266750356873154 0.0002783756167194762
known 0.004878048780487805 0.06048074738138145 0.0002950280360067388
late 0.000975609756097561 0.3665315444204135 0.00035759175065406195
entertaining 0.000975609756097561 2.0 0.001951219512195122
world 0.005853658536585366 0.04575749056067514 0.0002678487252332204
cutting 0.000975609756097561 1.3010299956639813 0.0012692975567453475
member 0.000975609756097561 0.5376020021010439 0.0005244897581473599
modern 0.001951219512195122 1.1549019599857433 0.0022534672389965724
quartet 0.000975609756097561 1.6989700043360187 0.0016575317115473354
fellow 0.001951219512195122 0.6020599913279624 0.001174751202591146
call 0.000975609756097561 0.6989700043360189 0.0006819219554497745
appropriate 0.000975609756097561 1.6989700043360187 0.0016575317115473354
title 0.002926829268292683 0.07058107428570728 0.00020657875400694815
ramblin 0.000975609756097561 2.0 0.001951219512195122
worked 0.000975609756097561 0.3098039199714864 0.00030224772680145014
blended 0.000975609756097561 2.0 0.001951219512195122
beautified 0.000975609756097561 2.0 0.001951219512195122
touched 0.000975609756097561 1.6989700043360187 0.0016575317115473354
earned 0.001951219512195122 0.40893539297350084 0.0007979227179970748
biggest 0.000975609756097561 1.045757490560675 0.0010202512103030976
perhaps 0.000975609756097561 1.1549019599857433 0.0011267336194982862
ability 0.000975609756097561 0.7958800173440752 0.0007764683096039758
cross 0.000975609756097561 1.3010299956639813 0.0012692975567453475
reaching 0.000975609756097561 0.958607314841775 0.0009352266486261219
next 0.000975609756097561 0.07058107428570728 6.885958466898272e-05
bella 0.000975609756097561 0.0655015487564323 6.390395000627542e-05
hadid 0.000975609756097561 0.0655015487564323 6.390395000627542e-05
sadie 0.000975609756097561 0.06048074738138145 5.900560720134776e-05
alexander 0.000975609756097561 0.05551732784983141 5.4163246682762355e-05
adrienne 0.000975609756097561 0.0655015487564323 6.390395000627542e-05
kennedy 0.000975609756097561 0.06048074738138145 5.900560720134776e-05
brought 0.000975609756097561 0.619788758288394 0.0006046719593057502
grammy 0.003902439024390244 0.6575773191777938 0.0025661553919133417
award 0.004878048780487805 0.494850021680094 0.0024139025447809464
day 0.000975609756097561 0.2924298239020636 0.000285297389172745
maintained 0.000975609756097561 1.0969100130080565 0.0010701561102517624
rare 0.000975609756097561 1.3010299956639813 0.0012692975567453475
level 0.000975609756097561 1.2218487496163564 0.0011920475606013233
creative 0.001951219512195122 1.2218487496163564 0.0023840951212026466
control 0.000975609756097561 0.5528419686577808 0.000539358018202713
broke 0.000975609756097561 0.853871964321762 0.0008330458188504996
boundary 0.000975609756097561 1.6989700043360187 0.0016575317115473354
western 0.000975609756097561 1.3010299956639813 0.0012692975567453475
album 0.004878048780487805 1.1214782044987934 0.005470625387798992
gave 0.000975609756097561 0.6020599913279624 0.000587375601295573
soulful 0.000975609756097561 1.6989700043360187 0.0016575317115473354
interpretation 0.000975609756097561 2.0 0.001951219512195122
many 0.001951219512195122 0.28399665636520083 0.0005541398172979529
thriving 0.000975609756097561 1.3010299956639813 0.0012692975567453475
creatively 0.000975609756097561 2.0 0.001951219512195122
struggled 0.000975609756097561 0.853871964321762 0.0008330458188504996
personal 0.000975609756097561 0.3372421683184259 0.0003290167495789521
continued 0.000975609756097561 0.3372421683184259 0.0003290167495789521
battle 0.000975609756097561 0.721246399047171 0.0007036550234606546
addiction 0.000975609756097561 1.2218487496163564 0.0011920475606013233
arrested 0.000975609756097561 0.8239087409443188 0.0008038134057993353
possession 0.001951219512195122 1.3010299956639813 0.002538595113490695
avoided 0.000975609756097561 1.3979400086720377 0.001363843910899549
jail 0.000975609756097561 1.0969100130080565 0.0010701561102517624
arrest 0.000975609756097561 0.8860566476931633 0.0008644455099445495
finally 0.000975609756097561 0.7447274948966939 0.0007265634096553111
kicking 0.000975609756097561 2.0 0.001951219512195122
habit 0.000975609756097561 1.5228787452803376 0.0014857353612491098
clinic 0.000975609756097561 1.6989700043360187 0.0016575317115473354
los 0.000975609756097561 0.6020599913279624 0.000587375601295573
angeles 0.000975609756097561 0.6020599913279624 0.000587375601295573
release 0.000975609756097561 1.5228787452803376 0.0014857353612491098
miss 0.000975609756097561 1.0969100130080565 0.0010701561102517624
remained 0.000975609756097561 0.585026652029182 0.000570757709296763
respected 0.000975609756097561 1.3979400086720377 0.001363843910899549
star 0.000975609756097561 1.1549019599857433 0.0011267336194982862
rendition 0.000975609756097561 1.6989700043360187 0.0016575317115473354
stevie 0.005853658536585366 1.3979400086720377 0.008183063465397294
wonder 0.003902439024390244 1.2218487496163564 0.004768190242405293
living 0.000975609756097561 0.619788758288394 0.0006046719593057502
city 0.000975609756097561 0.3665315444204135 0.00035759175065406195
three 0.000975609756097561 0.2076083105017461 0.00020254469317243523
autobiography 0.000975609756097561 1.0 0.000975609756097561
appeared 0.000975609756097561 0.721246399047171 0.0007036550234606546
comedy 0.000975609756097561 1.045757490560675 0.0010202512103030976
john 0.002926829268292683 0.37675070960209955 0.0011026850037134622
belushi 0.000975609756097561 2.0 0.001951219512195122
dan 0.000975609756097561 1.3979400086720377 0.001363843910899549
aykroyd 0.000975609756097561 2.0 0.001951219512195122
icon 0.000975609756097561 1.0 0.000975609756097561
received 0.000975609756097561 0.28399665636520083 0.00027706990864897644
honor 0.000975609756097561 0.7695510786217261 0.0007507815401187572
inducted 0.000975609756097561 1.045757490560675 0.0010202512103030976
rock 0.000975609756097561 0.721246399047171 0.0007036550234606546
roll 0.000975609756097561 1.0 0.000975609756097561
hall 0.000975609756097561 0.9208187539523752 0.0008983597599535368
fame 0.000975609756097561 0.48148606012211254 0.0004697424976801098
recognized 0.000975609756097561 1.0 0.000975609756097561
contribution 0.000975609756097561 1.0969100130080565 0.0010701561102517624
alongside 0.001951219512195122 0.7695510786217261 0.0015015630802375144
luminary 0.000975609756097561 2.0 0.001951219512195122
james 0.000975609756097561 0.6020599913279624 0.000587375601295573
elvis 0.000975609756097561 1.5228787452803376 0.0014857353612491098
presley 0.000975609756097561 1.5228787452803376 0.0014857353612491098
sam 0.000975609756097561 1.3010299956639813 0.0012692975567453475
cooke 0.000975609756097561 2.0 0.001951219512195122
buddy 0.000975609756097561 2.0 0.001951219512195122
holly 0.000975609756097561 2.0 0.001951219512195122
returned 0.000975609756097561 0.5086383061657272 0.0004962324938202217
spotlight 0.000975609756097561 0.7958800173440752 0.0007764683096039758
several 0.000975609756097561 0.32790214206428253 0.00031990452884320244
high 0.000975609756097561 0.27572413039921095 0.0002689991516089863
profile 0.000975609756097561 0.853871964321762 0.0008330458188504996
appearance 0.000975609756097561 1.0 0.000975609756097561
recorded 0.001951219512195122 0.8860566476931633 0.001728891019889099
commercial 0.001951219512195122 3.221848749616356 0.00628653414559289
pepsi 0.000975609756097561 2.0 0.001951219512195122
cola 0.000975609756097561 2.0 0.001951219512195122
singing 0.000975609756097561 1.1549019599857433 0.0011267336194982862
right 0.001951219512195122 0.07058107428570728 0.00013771916933796543
catchphrase 0.000975609756097561 2.0 0.001951219512195122
organization 0.000975609756097561 0.6777807052660807 0.0006612494685522738
usa 0.000975609756097561 1.5228787452803376 0.0014857353612491098
africa 0.000975609756097561 0.7447274948966939 0.0007265634096553111
billy 0.000975609756097561 1.1549019599857433 0.0011267336194982862
joel 0.000975609756097561 2.0 0.001951219512195122
diana 0.000975609756097561 1.3979400086720377 0.001363843910899549
ross 0.000975609756097561 1.3010299956639813 0.0012692975567453475
cyndi 0.000975609756097561 1.6989700043360187 0.0016575317115473354
lauper 0.000975609756097561 1.6989700043360187 0.0016575317115473354
bruce 0.000975609756097561 1.0969100130080565 0.0010701561102517624
springsteen 0.000975609756097561 1.6989700043360187 0.0016575317115473354
smokey 0.000975609756097561 1.6989700043360187 0.0016575317115473354
cancel 0.000975609756097561 1.6989700043360187 0.0016575317115473354
tour 0.000975609756097561 0.7447274948966939 0.0007265634096553111
time 0.003902439024390244 0.4791236183116582 0.001869750705606471
underwent 0.000975609756097561 1.0969100130080565 0.0010701561102517624
hip 0.000975609756097561 1.1549019599857433 0.0011267336194982862
replacement 0.000975609756097561 1.5228787452803376 0.0014857353612491098
surgery 0.000975609756097561 0.8239087409443188 0.0008038134057993353
operation 0.001951219512195122 0.958607314841775 0.0018704532972522439
successful 0.000975609756097561 0.4559319556497244 0.0004448116640485116
suffering 0.000975609756097561 0.7958800173440752 0.0007764683096039758
disease 0.000975609756097561 0.8860566476931633 0.0008644455099445495
home 0.000975609756097561 0.31875876262441283 0.0003109841586579637
lifetime 0.000975609756097561 0.7958800173440752 0.0007764683096039758
concert 0.000975609756097561 1.5228787452803376 0.0014857353612491098
longtime 0.000975609756097561 0.7447274948966939 0.0007265634096553111
mourned 0.000975609756097561 2.0 0.001951219512195122
passing 0.000975609756097561 1.045757490560675 0.0010202512103030976
stated 0.000975609756097561 0.7447274948966939 0.0007265634096553111
according 0.000975609756097561 0.638272163982407 0.0006227045502267386
york 0.000975609756097561 0.3467874862246563 0.00033832925485332324
came 0.000975609756097561 0.3010299956639812 0.0002936878006477865
goodbye 0.000975609756097561 1.5228787452803376 0.0014857353612491098
legend 0.000975609756097561 0.5686362358410126 0.0005547670593570855
funeral 0.000975609756097561 1.0969100130080565 0.0010701561102517624
willie 0.000975609756097561 1.3010299956639813 0.0012692975567453475
nelson 0.000975609756097561 0.9208187539523752 0.0008983597599535368
among 0.000975609756097561 0.35654732351381263 0.0003478510473305489
service 0.000975609756097561 0.5086383061657272 0.0004962324938202217
final 0.001951219512195122 0.6989700043360189 0.001363843910899549
company 0.000975609756097561 0.494850021680094 0.0004827805089561893
month 0.000975609756097561 0.431798275933005 0.0004212666106663464
consists 0.000975609756097561 1.3979400086720377 0.001363843910899549
duet 0.000975609756097561 1.6989700043360187 0.0016575317115473354
various 0.000975609756097561 0.958607314841775 0.0009352266486261219
admirer 0.000975609756097561 1.6989700043360187 0.0016575317115473354
story 0.003902439024390244 0.7332980331159121 0.002861650860940145
became 0.001951219512195122 0.07572071393811834 0.00014774773451340165
film 0.000975609756097561 0.6020599913279624 0.000587375601295573
entitled 0.000975609756097561 1.045757490560675 0.0010202512103030976
jamie 0.000975609756097561 2.0 0.001951219512195122
foxx 0.000975609756097561 2.0 0.001951219512195122
starred 0.000975609756097561 0.7695510786217261 0.0007507815401187572
performer 0.000975609756097561 1.2218487496163564 0.0011920475606013233
academy 0.000975609756097561 0.6020599913279624 0.000587375601295573
portrayal 0.000975609756097561 1.6989700043360187 0.0016575317115473354
check 0.000975609756097561 0.07058107428570728 6.885958466898272e-05
strive 0.000975609756097561 0.07058107428570728 6.885958466898272e-05
accuracy 0.000975609756097561 0.07058107428570728 6.885958466898272e-05
fairness 0.000975609756097561 0.07058107428570728 6.885958466898272e-05
see 0.001951219512195122 0.04575749056067514 8.928290841107344e-05
something 0.000975609756097561 0.07058107428570728 6.885958466898272e-05
look 0.000975609756097561 0.07058107428570728 6.885958466898272e-05
citation 0.000975609756097561 0.07058107428570728 6.885958466898272e-05
information 0.000975609756097561 0.07058107428570728 6.885958466898272e-05
article 0.000975609756097561 0.07058107428570728 6.885958466898272e-05
author 0.001951219512195122 0.06048074738138145 0.00011801121440269551
com 0.001951219512195122 0.06048074738138145 0.00011801121440269551
editor 0.000975609756097561 0.1023729087095586 9.987600849713034e-05
website 0.001951219512195122 0.0655015487564323 0.00012780790001255083
url 0.000975609756097561 0.07058107428570728 6.885958466898272e-05
access 0.000975609756097561 0.07058107428570728 6.885958466898272e-05
publisher 0.000975609756097561 0.07058107428570728 6.885958466898272e-05
e 0.001951219512195122 0.04575749056067514 8.928290841107344e-05
television 0.001951219512195122 0.04575749056067514 8.928290841107344e-05
network 0.001951219512195122 0.04575749056067514 8.928290841107344e-05
last 0.000975609756097561 0.0655015487564323 6.390395000627542e-05
updated 0.000975609756097561 0.07058107428570728 6.885958466898272e-05
april 0.001951219512195122 0.1549019599857432 0.00030224772680145014
original 0.000975609756097561 0.0655015487564323 6.390395000627542e-05
published 0.000975609756097561 0.07058107428570728 6.885958466898272e-05
receive 0.000975609756097561 0.05551732784983141 5.4163246682762355e-05
shaped 0.001951219512195122 0.05551732784983141 0.00010832649336552471
sign 0.000975609756097561 0.05551732784983141 5.4163246682762355e-05
person 0.00878048780487805 0.05060999335508724 0.00044438042945930267
vaughan 0.001951219512195122 1.6989700043360187 0.003315063423094671
preeminent 0.000975609756097561 2.0 0.001951219512195122
bluesman 0.000975609756097561 2.0 0.001951219512195122
winning 0.001951219512195122 0.4202164033831899 0.0008199344456257363
guitarist 0.000975609756097561 1.1549019599857433 0.0011267336194982862
singer 0.000975609756097561 0.4202164033831899 0.00040996722281286816
sugar 0.001951219512195122 1.6989700043360187 0.003315063423094671
considered 0.000975609756097561 0.721246399047171 0.0007036550234606546
greatest 0.000975609756097561 0.6777807052660807 0.0006612494685522738
boxer 0.001951219512195122 2.853871964321762 0.005568530662091242
held 0.000975609756097561 0.48148606012211254 0.0004697424976801098
welterweight 0.000975609756097561 2.0 0.001951219512195122
win 0.000975609756097561 0.585026652029182 0.000570757709296763
divisional 0.000975609756097561 2.0 0.001951219512195122
championship 0.000975609756097561 1.5228787452803376 0.0014857353612491098
five 0.000975609756097561 0.48148606012211254 0.0004697424976801098
coltrane 0.001951219512195122 1.5228787452803376 0.0029714707224982196
acclaimed 0.000975609756097561 0.7958800173440752 0.0007764683096039758
american 0.005853658536585366 0.1023729087095586 0.0005992560509827821
saxophonist 0.001951219512195122 1.3979400086720377 0.002727687821799098
bandleader 0.000975609756097561 1.5228787452803376 0.0014857353612491098
composer 0.000975609756097561 1.2218487496163564 0.0011920475606013233
becoming 0.000975609756097561 0.3372421683184259 0.0003290167495789521
iconic 0.000975609756097561 1.045757490560675 0.0010202512103030976
figure 0.001951219512195122 1.5016894462103996 0.002930125748703219
th 0.001951219512195122 0.2076083105017461 0.00040508938634487045
century 0.001951219512195122 0.494850021680094 0.0009655610179123786
giant 0.000975609756097561 1.3979400086720377 0.001363843910899549
step 0.000975609756097561 1.0969100130080565 0.0010701561102517624
favorite 0.000975609756097561 0.8239087409443188 0.0008038134057993353
thing 0.000975609756097561 0.6989700043360189 0.0006819219554497745
supreme 0.000975609756097561 0.585026652029182 0.000570757709296763
bradbury 0.001951219512195122 2.0 0.003902439024390244
fantasy 0.000975609756097561 1.5228787452803376 0.0014857353612491098
horror 0.000975609756097561 1.3010299956639813 0.0012692975567453475
best 0.001951219512195122 0.13667713987954408 0.0002666871022039884
novel 0.000975609756097561 1.2218487496163564 0.0011920475606013233
fahrenheit 0.000975609756097561 2.0 0.001951219512195122
illustrated 0.000975609756097561 2.0 0.001951219512195122
man 0.002926829268292683 0.37675070960209955 0.0011026850037134622
martian 0.000975609756097561 2.0 0.001951219512195122
chronicle 0.000975609756097561 2.0 0.001951219512195122
ella 0.002926829268292683 1.6989700043360187 0.004972595134642006
fitzgerald 0.001951219512195122 1.3979400086720377 0.002727687821799098
lady 0.001951219512195122 0.6575773191777938 0.0012830776959566709
immensely 0.000975609756097561 1.6989700043360187 0.0016575317115473354
popular 0.000975609756097561 0.4685210829577449 0.00045709373947097067
vocalist 0.000975609756097561 1.3010299956639813 0.0012692975567453475
interpreted 0.000975609756097561 1.6989700043360187 0.0016575317115473354
great 0.000975609756097561 0.5228787452803376 0.0005101256051515489
songbook 0.000975609756097561 2.0 0.001951219512195122
kroc 0.001951219512195122 2.0 0.003902439024390244
entrepreneur 0.000975609756097561 1.3979400086720377 0.001363843910899549
expanding 0.000975609756097561 1.045757490560675 0.0010202512103030976
mcdonald 0.000975609756097561 2.0 0.001951219512195122
local 0.000975609756097561 0.6989700043360189 0.0006819219554497745
chain 0.000975609756097561 2.0 0.001951219512195122
profitable 0.000975609756097561 2.0 0.001951219512195122
restaurant 0.000975609756097561 1.2218487496163564 0.0011920475606013233
franchise 0.000975609756097561 1.3979400086720377 0.001363843910899549
former 0.000975609756097561 0.27572413039921095 0.0002689991516089863
child 0.000975609756097561 0.2924298239020636 0.000285297389172745
prodigy 0.000975609756097561 1.3979400086720377 0.001363843910899549
cherie 0.000975609756097561 1.5228787452803376 0.0014857353612491098
amour 0.000975609756097561 1.5228787452803376 0.0014857353612491098
sunshine 0.000975609756097561 1.3979400086720377 0.001363843910899549
superstition 0.000975609756097561 1.5228787452803376 0.0014857353612491098
primarily 0.000975609756097561 1.045757490560675 0.0010202512103030976
photography 0.000975609756097561 1.5228787452803376 0.0014857353612491098
spanned 0.000975609756097561 1.3979400086720377 0.001363843910899549
dada 0.000975609756097561 1.6989700043360187 0.0016575317115473354
surrealism 0.000975609756097561 1.6989700043360187 0.0016575317115473354
movement 0.000975609756097561 1.3979400086720377 0.001363843910899549
charlie 0.001951219512195122 1.3010299956639813 0.002538595113490695
parker 0.001951219512195122 1.1549019599857433 0.0022534672389965724
dizzy 0.000975609756097561 1.5228787452803376 0.0014857353612491098
gillespie 0.000975609756097561 1.5228787452803376 0.0014857353612491098
invented 0.000975609756097561 1.5228787452803376 0.0014857353612491098
bop 0.000975609756097561 1.5228787452803376 0.0014857353612491098
bebop 0.000975609756097561 1.5228787452803376 0.0014857353612491098
loading 0.000975609756097561 0.04575749056067514 4.464145420553672e-05
logo 0.000975609756097561 0.04575749056067514 4.464145420553672e-05
registered 0.000975609756097561 0.04575749056067514 4.464145420553672e-05
trademark 0.000975609756097561 0.04575749056067514 4.464145420553672e-05
llc 0.000975609756097561 0.04575749056067514 4.464145420553672e-05
close 0.003902439024390244 0.04575749056067514 0.0001785658168221469
