activist 0.022108843537414966 1.494850021680094 0.03304940524122657
civil 0.011904761904761904 0.3467874862246563 0.004128422455055432
right 0.022108843537414966 0.32790214206428253 0.007249537154482437
woman 0.011904761904761904 0.7958800173440752 0.00947476211123899
activism 0.0017006802721088435 0.958607314841775 0.0016302845490506377
biography 0.008503401360544218 0.04575749056067514 0.0003890943074887342
skip 0.0017006802721088435 0.04575749056067514 7.781886149774684e-05
main 0.0017006802721088435 0.04575749056067514 7.781886149774684e-05
content 0.0017006802721088435 0.04575749056067514 7.781886149774684e-05
people 0.006802721088435374 0.04575749056067514 0.0003112754459909874
nostalgia 0.00510204081632653 0.04575749056067514 0.0002334565844932405
celebrity 0.00510204081632653 0.04575749056067514 0.0002334565844932405
history 0.00510204081632653 0.04575749056067514 0.0002334565844932405
culture 0.00510204081632653 0.04575749056067514 0.0002334565844932405
crime 0.00510204081632653 0.04575749056067514 0.0002334565844932405
scandal 0.00510204081632653 0.04575749056067514 0.0002334565844932405
video 0.00510204081632653 0.04575749056067514 0.0002334565844932405
contact 0.003401360544217687 0.04575749056067514 0.0001556377229954937
u 0.006802721088435374 0.20065945054641832 0.0013650302758259748
advertise 0.003401360544217687 0.04575749056067514 0.0001556377229954937
privacy 0.00510204081632653 0.04575749056067514 0.0002334565844932405
notice 0.003401360544217687 0.04575749056067514 0.0001556377229954937
term 0.003401360544217687 0.04575749056067514 0.0001556377229954937
use 0.003401360544217687 0.04575749056067514 0.0001556377229954937
copyright 0.003401360544217687 0.04575749056067514 0.0001556377229954937
policy 0.003401360544217687 0.04575749056067514 0.0001556377229954937
ad 0.003401360544217687 0.04575749056067514 0.0001556377229954937
choice 0.003401360544217687 0.04575749056067514 0.0001556377229954937
accessibility 0.003401360544217687 0.04575749056067514 0.0001556377229954937
support 0.003401360544217687 0.04575749056067514 0.0001556377229954937
setting 0.0017006802721088435 0.04575749056067514 7.781886149774684e-05
february 0.0017006802721088435 0.04575749056067514 7.781886149774684e-05
subscribe 0.003401360544217687 0.04575749056067514 0.0001556377229954937
newsletter 0.00510204081632653 1.5686362358410129 0.008003246101229657
photo 0.0017006802721088435 0.12493873660829993 0.00021248084457193864
central 0.0017006802721088435 0.9208187539523752 0.0015660182890346516
press 0.0017006802721088435 0.7958800173440752 0.0013535374444627129
getty 0.0017006802721088435 0.2291479883578558 0.0003897074631936323
image 0.0017006802721088435 0.2218487496163564 0.0003772937918645517
protesting 0.0017006802721088435 1.3979400086720377 0.0023774489943402
segregation 0.003401360544217687 0.9208187539523752 0.0031320365780693033
african 0.0017006802721088435 0.28399665636520083 0.0004829875108251715
american 0.015306122448979591 0.6552148773673394 0.010028799143377645
environmentalist 0.003401360544217687 3.6989700043360187 0.01258153062699326
fighting 0.0017006802721088435 0.7958800173440752 0.0013535374444627129
save 0.0017006802721088435 1.1549019599857433 0.0019641189795675906
planet 0.0017006802721088435 1.1549019599857433 0.0019641189795675906
feminist 0.0017006802721088435 1.6989700043360187 0.0028894047692789434
working 0.0017006802721088435 0.35654732351381263 0.0006063729991731507
secure 0.0017006802721088435 0.958607314841775 0.0016302845490506377
one 0.0017006802721088435 0.08092190762392613 0.0001376222918774254
goal 0.0017006802721088435 0.9208187539523752 0.0015660182890346516
common 0.0017006802721088435 1.0969100130080565 0.0018654932194014564
making 0.0017006802721088435 0.3979400086720376 0.0006767687222313564
world 0.00510204081632653 0.04575749056067514 0.0002334565844932405
better 0.0017006802721088435 0.638272163982407 0.0010854968775211003
place 0.003401360544217687 0.07572071393811834 0.00025755344876910997
raucous 0.0017006802721088435 2.0 0.003401360544217687
protest 0.0017006802721088435 0.8239087409443188 0.0014012053417420387
quiet 0.0017006802721088435 0.958607314841775 0.0016302845490506377
persistence 0.0017006802721088435 2.0 0.003401360544217687
face 0.0017006802721088435 0.7958800173440752 0.0013535374444627129
injustice 0.0017006802721088435 1.1549019599857433 0.0019641189795675906
martin 0.0017006802721088435 0.5686362358410126 0.0009670684283010418
luther 0.0017006802721088435 0.638272163982407 0.0010854968775211003
king 0.003401360544217687 0.4685210829577449 0.0015936091257066152
jr 0.0017006802721088435 0.32790214206428253 0.0005576567041909566
mahatma 0.0017006802721088435 1.5228787452803376 0.002589929838912139
gandhi 0.0017006802721088435 1.3979400086720377 0.0023774489943402
helen 0.0017006802721088435 1.6989700043360187 0.0028894047692789434
keller 0.0017006802721088435 2.0 0.003401360544217687
cesar 0.0017006802721088435 2.0 0.003401360544217687
chavez 0.0017006802721088435 2.0 0.003401360544217687
susan 0.0017006802721088435 1.2218487496163564 0.002077974063973395
b 0.00510204081632653 0.37675070960209955 0.0019221974979698956
anthony 0.0017006802721088435 1.1549019599857433 0.0019641189795675906
countless 0.0017006802721088435 1.0 0.0017006802721088435
others 0.0017006802721088435 0.494850021680094 0.0008415816695239694
devoted 0.0017006802721088435 1.0 0.0017006802721088435
life 0.00510204081632653 0.13679614097137055 0.0006979394947518905
betterment 0.0017006802721088435 2.0 0.003401360544217687
mankind 0.0017006802721088435 2.0 0.003401360544217687
person 0.04251700680272109 0.05060999335508724 0.0021517854317639135
sadie 0.003401360544217687 0.06048074738138145 0.00020571682782782804
alexander 0.003401360544217687 0.05551732784983141 0.00018883444846881433
economist 0.0017006802721088435 1.5228787452803376 0.002589929838912139
lawyer 0.0017006802721088435 0.48148606012211254 0.0008188538437450893
advocate 0.003401360544217687 0.9208187539523752 0.0031320365780693033
achieved 0.0017006802721088435 0.8239087409443188 0.0014012053417420387
multiple 0.0017006802721088435 0.721246399047171 0.0012266095221890663
first 0.0017006802721088435 1.3979400086720377 0.0023774489943402
black 0.006802721088435374 0.3872161432802645 0.0026341234236752684
th 0.0017006802721088435 0.2076083105017461 0.00035307535799616684
century 0.0017006802721088435 0.494850021680094 0.0008415816695239694
zaya 0.003401360544217687 1.6989700043360187 0.005778809538557887
wade 0.003401360544217687 1.5228787452803376 0.005179859677824278
stepped 0.0017006802721088435 1.0969100130080565 0.0018654932194014564
public 0.0017006802721088435 0.2596373105057561 0.0004415600518805376
arena 0.0017006802721088435 0.9208187539523752 0.0015660182890346516
trans 0.0017006802721088435 1.3010299956639813 0.002212636047047587
girl 0.00510204081632653 1.4948500216800942 0.007626785824898439
become 0.003401360544217687 0.3372421683184259 0.001147082205164714
well 0.0017006802721088435 0.20065945054641826 0.0003412575689564936
known 0.003401360544217687 0.06048074738138145 0.00020571682782782804
young 0.003401360544217687 0.3010299956639812 0.001023911549877487
member 0.0017006802721088435 0.3010299956639812 0.0005119557749387435
transgender 0.00510204081632653 1.0969100130080565 0.005596479658204369
community 0.00510204081632653 0.48148606012211254 0.002456561531235268
barbara 0.003401360544217687 1.045757490560675 0.00355699826721318
bush 0.006802721088435374 0.7447274948966939 0.005066173434671387
daughter 0.0017006802721088435 0.31875876262441283 0.0005421067391571646
former 0.0017006802721088435 0.27572413039921095 0.00046891858911430435
president 0.0017006802721088435 0.16749108729376372 0.00028484878791456414
george 0.0017006802721088435 0.4685210829577449 0.0007968045628533076
w 0.0017006802721088435 0.6989700043360189 0.0011887244971701
twin 0.0017006802721088435 1.2218487496163564 0.002077974063973395
sister 0.0017006802721088435 0.721246399047171 0.0012266095221890663
author 0.003401360544217687 0.06048074738138145 0.00020571682782782804
medium 0.0017006802721088435 0.5086383061657272 0.0008650311329349103
personality 0.0017006802721088435 0.853871964321762 0.0014521632046288469
jenna 0.0017006802721088435 1.3979400086720377 0.0023774489943402
hager 0.0017006802721088435 1.6989700043360187 0.0028894047692789434
randy 0.003401360544217687 0.9208187539523752 0.0031320365780693033
shilts 0.003401360544217687 2.0 0.006802721088435374
journalist 0.003401360544217687 1.3010299956639813 0.004425272094095174
covered 0.0017006802721088435 1.0969100130080565 0.0018654932194014564
issue 0.0017006802721088435 0.6989700043360189 0.0011887244971701
important 0.003401360544217687 0.8860566476931633 0.003013798121405317
lgbt 0.0017006802721088435 1.5228787452803376 0.002589929838912139
including 0.003401360544217687 0.2365720064370627 0.0008046666885614377
beginning 0.0017006802721088435 0.9208187539523752 0.0015660182890346516
aid 0.003401360544217687 1.2218487496163564 0.00415594812794679
epidemic 0.0017006802721088435 1.6989700043360187 0.0028894047692789434
united 0.003401360544217687 0.18708664335714445 0.0006363491270651171
state 0.0017006802721088435 0.20065945054641826 0.0003412575689564936
cleve 0.003401360544217687 2.0 0.006802721088435374
jones 0.003401360544217687 1.0 0.003401360544217687
mentored 0.0017006802721088435 1.6989700043360187 0.0028894047692789434
harvey 0.0017006802721088435 1.3979400086720377 0.0023774489943402
milk 0.0017006802721088435 1.6989700043360187 0.0028894047692789434
came 0.003401360544217687 0.3010299956639812 0.001023911549877487
idea 0.0017006802721088435 0.8239087409443188 0.0014012053417420387
name 0.003401360544217687 1.1012748184105063 0.0037458327156819943
project 0.0017006802721088435 1.045757490560675 0.00177849913360659
memorial 0.0017006802721088435 0.9208187539523752 0.0015660182890346516
quilt 0.0017006802721088435 2.0 0.003401360544217687
larry 0.003401360544217687 1.3979400086720377 0.0047548979886804
itliong 0.003401360544217687 2.0 0.006802721088435374
filipino 0.0017006802721088435 1.6989700043360187 0.0028894047692789434
organizer 0.003401360544217687 1.0969100130080565 0.0037309864388029128
leader 0.00510204081632653 0.37675070960209955 0.0019221974979698956
played 0.0017006802721088435 0.6575773191777938 0.0011183287741118942
role 0.003401360544217687 0.9863203027088074 0.003354830961594583
farm 0.003401360544217687 1.0969100130080565 0.0037309864388029128
labor 0.00510204081632653 0.8860566476931633 0.004520697182107975
movement 0.003401360544217687 0.48148606012211254 0.0016377076874901787
delano 0.0017006802721088435 1.5228787452803376 0.002589929838912139
grape 0.0017006802721088435 2.0 0.003401360544217687
strike 0.0017006802721088435 1.2218487496163564 0.002077974063973395
fred 0.006802721088435374 1.0 0.006802721088435374
korematsu 0.003401360544217687 1.3979400086720377 0.0047548979886804
japanese 0.003401360544217687 1.0 0.003401360544217687
citizen 0.0017006802721088435 0.9208187539523752 0.0015660182890346516
stood 0.0017006802721088435 0.8860566476931633 0.0015068990607026585
war 0.0017006802721088435 0.35654732351381263 0.0006063729991731507
ii 0.0017006802721088435 0.48148606012211254 0.0008188538437450893
government 0.0017006802721088435 0.494850021680094 0.0008415816695239694
detained 0.0017006802721088435 1.2218487496163564 0.002077974063973395
ancestry 0.0017006802721088435 1.3010299956639813 0.002212636047047587
bree 0.003401360544217687 2.0 0.006802721088435374
newsome 0.003401360544217687 2.0 0.006802721088435374
artist 0.0017006802721088435 0.619788758288394 0.0010540625140959081
entered 0.0017006802721088435 0.721246399047171 0.0012266095221890663
national 0.0017006802721088435 0.3010299956639812 0.0005119557749387435
spotlight 0.0017006802721088435 0.7958800173440752 0.0013535374444627129
climbed 0.0017006802721088435 1.3010299956639813 0.002212636047047587
flagpole 0.0017006802721088435 2.0 0.003401360544217687
south 0.0017006802721088435 0.40893539297350084 0.0006954683553971103
carolina 0.0017006802721088435 0.7958800173440752 0.0013535374444627129
capitol 0.0017006802721088435 1.0 0.0017006802721088435
ground 0.0017006802721088435 1.3010299956639813 0.002212636047047587
remove 0.0017006802721088435 1.0969100130080565 0.0018654932194014564
confederate 0.0017006802721088435 1.5228787452803376 0.002589929838912139
battle 0.0017006802721088435 0.721246399047171 0.0012266095221890663
flag 0.0017006802721088435 1.3010299956639813 0.002212636047047587
receive 0.00510204081632653 0.05551732784983141 0.00028325167270322146
story 0.003401360544217687 0.05551732784983141 0.00018883444846881433
shaped 0.003401360544217687 0.05551732784983141 0.00018883444846881433
sign 0.0017006802721088435 0.05551732784983141 9.441722423440717e-05
cecil 0.003401360544217687 1.5228787452803376 0.005179859677824278
moore 0.003401360544217687 1.3010299956639813 0.004425272094095174
work 0.0017006802721088435 0.2218487496163564 0.0003772937918645517
naacp 0.0017006802721088435 0.958607314841775 0.0016302845490506377
action 0.0017006802721088435 0.6777807052660807 0.001152688274262042
helped 0.003401360544217687 0.3372421683184259 0.001147082205164714
make 0.0017006802721088435 0.3872161432802645 0.0006585308559188171
philadelphia 0.0017006802721088435 1.045757490560675 0.00177849913360659
equitable 0.0017006802721088435 1.6989700043360187 0.0028894047692789434
live 0.0017006802721088435 0.431798275933005 0.0007343508094098725
resident 0.0017006802721088435 1.0969100130080565 0.0018654932194014564
hampton 0.003401360544217687 1.3979400086720377 0.0047548979886804
panther 0.0017006802721088435 1.3979400086720377 0.0023774489943402
party 0.0017006802721088435 0.3979400086720376 0.0006767687222313564
harassed 0.0017006802721088435 1.5228787452803376 0.002589929838912139
targeted 0.0017006802721088435 1.0969100130080565 0.0018654932194014564
local 0.0017006802721088435 0.6989700043360189 0.0011887244971701
law 0.0017006802721088435 0.3665315444204135 0.0006233529667013835
enforcement 0.0017006802721088435 1.045757490560675 0.00177849913360659
fbi 0.0017006802721088435 1.0 0.0017006802721088435
resulting 0.0017006802721088435 1.045757490560675 0.00177849913360659
murder 0.0017006802721088435 0.853871964321762 0.0014521632046288469
police 0.0017006802721088435 0.5376020021010439 0.0009142891192194624
raid 0.0017006802721088435 1.3010299956639813 0.002212636047047587
apartment 0.0017006802721088435 1.1549019599857433 0.0019641189795675906
december 0.0017006802721088435 0.40893539297350084 0.0006954683553971103
carole 0.003401360544217687 2.0 0.006802721088435374
baskin 0.003401360544217687 2.0 0.006802721088435374
animal 0.003401360544217687 1.6989700043360187 0.005778809538557887
run 0.0017006802721088435 1.5228787452803376 0.002589929838912139
big 0.0017006802721088435 0.5228787452803376 0.0008892495668032952
cat 0.0017006802721088435 1.1549019599857433 0.0019641189795675906
rescue 0.0017006802721088435 1.3010299956639813 0.002212636047047587
sanctuary 0.0017006802721088435 1.6989700043360187 0.0028894047692789434
appearance 0.0017006802721088435 0.8860566476931633 0.0015068990607026585
docuseries 0.0017006802721088435 2.0 0.003401360544217687
tiger 0.0017006802721088435 2.0 0.003401360544217687
brought 0.0017006802721088435 0.619788758288394 0.0010540625140959081
new 0.0017006802721088435 0.14266750356873154 0.00024263180879035973
attention 0.003401360544217687 0.6777807052660807 0.002305376548524084
advocacy 0.0017006802721088435 1.2218487496163564 0.002077974063973395
also 0.0017006802721088435 0.0861861476162833 0.00014657508098007364
spotlighted 0.0017006802721088435 2.0 0.003401360544217687
rivalry 0.0017006802721088435 1.6989700043360187 0.0028894047692789434
joe 0.0017006802721088435 0.5228787452803376 0.0008892495668032952
exotic 0.0017006802721088435 1.6989700043360187 0.0028894047692789434
disappearance 0.0017006802721088435 1.2218487496163564 0.002077974063973395
second 0.0017006802721088435 0.19382002601611284 0.0003296258945852259
husband 0.0017006802721088435 0.7447274948966939 0.0012665433586678467
emma 0.003401360544217687 1.5228787452803376 0.005179859677824278
tenayuca 0.003401360544217687 1.6989700043360187 0.005778809538557887
fought 0.0017006802721088435 0.7958800173440752 0.0013535374444627129
mexican 0.00510204081632653 1.2218487496163564 0.006233922191920185
worker 0.003401360544217687 0.958607314841775 0.0032605690981012754
san 0.0017006802721088435 0.8860566476931633 0.0015068990607026585
antonio 0.0017006802721088435 1.1549019599857433 0.0019641189795675906
texas 0.0017006802721088435 0.619788758288394 0.0010540625140959081
hector 0.003401360544217687 2.0 0.006802721088435374
garcia 0.003401360544217687 2.0 0.006802721088435374
dr 0.0017006802721088435 0.7958800173440752 0.0013535374444627129
physician 0.0017006802721088435 0.8239087409443188 0.0014012053417420387
military 0.0017006802721088435 0.5528419686577808 0.0009402074296901034
veteran 0.0017006802721088435 0.9208187539523752 0.0015660182890346516
christine 0.003401360544217687 1.6989700043360187 0.005778809538557887
jorgensen 0.003401360544217687 2.0 0.006802721088435374
made 0.0017006802721088435 0.1804560644581313 0.00030689806880634577
headline 0.0017006802721088435 0.8239087409443188 0.0014012053417420387
early 0.0017006802721088435 0.07572071393811834 0.00012877672438455499
sex 0.0017006802721088435 0.7958800173440752 0.0013535374444627129
reassignment 0.0017006802721088435 1.5228787452803376 0.002589929838912139
surgery 0.0017006802721088435 0.8239087409443188 0.0014012053417420387
greta 0.003401360544217687 2.0 0.006802721088435374
thunberg 0.003401360544217687 2.0 0.006802721088435374
swedish 0.0017006802721088435 1.5228787452803376 0.002589929838912139
climate 0.003401360544217687 1.045757490560675 0.00355699826721318
youth 0.0017006802721088435 0.958607314841775 0.0016302845490506377
received 0.0017006802721088435 0.28399665636520083 0.0004829875108251715
worldwide 0.0017006802721088435 1.045757490560675 0.00177849913360659
recognition 0.0017006802721088435 1.3979400086720377 0.0023774489943402
effort 0.0017006802721088435 0.5376020021010439 0.0009142891192194624
fight 0.0017006802721088435 0.5376020021010439 0.0009142891192194624
change 0.0017006802721088435 0.5686362358410126 0.0009670684283010418
sylvia 0.003401360544217687 2.0 0.006802721088435374
rivera 0.003401360544217687 2.0 0.006802721088435374
latina 0.0017006802721088435 1.5228787452803376 0.002589929838912139
drag 0.0017006802721088435 1.5228787452803376 0.002589929838912139
queen 0.0017006802721088435 0.9208187539523752 0.0015660182890346516
gay 0.0017006802721088435 1.045757490560675 0.00177849913360659
winnie 0.003401360544217687 1.5228787452803376 0.005179859677824278
mandela 0.00510204081632653 1.0969100130080565 0.005596479658204369
controversial 0.0017006802721088435 0.721246399047171 0.0012266095221890663
wife 0.0017006802721088435 0.3098039199714864 0.0005268774149174938
nelson 0.0017006802721088435 0.9208187539523752 0.0015660182890346516
spent 0.0017006802721088435 0.48148606012211254 0.0008188538437450893
varying 0.0017006802721088435 1.5228787452803376 0.002589929838912139
governmental 0.0017006802721088435 1.3979400086720377 0.0023774489943402
malala 0.003401360544217687 1.6989700043360187 0.005778809538557887
yousafzai 0.003401360544217687 1.6989700043360187 0.005778809538557887
defied 0.0017006802721088435 1.5228787452803376 0.002589929838912139
taliban 0.003401360544217687 1.6989700043360187 0.005778809538557887
pakistan 0.0017006802721088435 1.2218487496163564 0.002077974063973395
demanded 0.0017006802721088435 1.2218487496163564 0.002077974063973395
allowed 0.0017006802721088435 0.7958800173440752 0.0013535374444627129
education 0.003401360544217687 0.19382002601611284 0.0006592517891704518
shot 0.0017006802721088435 0.958607314841775 0.0016302845490506377
head 0.0017006802721088435 0.5228787452803376 0.0008892495668032952
gunman 0.0017006802721088435 1.6989700043360187 0.0028894047692789434
survived 0.0017006802721088435 1.0 0.0017006802721088435
became 0.003401360544217687 0.07572071393811834 0.00025755344876910997
youngest 0.0017006802721088435 0.5228787452803376 0.0008892495668032952
nobel 0.0017006802721088435 1.0969100130080565 0.0018654932194014564
peace 0.0017006802721088435 0.7695510786217261 0.0013087603377920512
prize 0.0017006802721088435 0.853871964321762 0.0014521632046288469
julian 0.003401360544217687 1.5228787452803376 0.005179859677824278
assange 0.003401360544217687 1.5228787452803376 0.005179859677824278
international 0.0017006802721088435 0.40893539297350084 0.0006954683553971103
founder 0.003401360544217687 0.7958800173440752 0.0027070748889254257
whistle 0.0017006802721088435 1.6989700043360187 0.0028894047692789434
blowing 0.0017006802721088435 1.6989700043360187 0.0028894047692789434
website 0.0017006802721088435 0.0655015487564323 0.00011139719176263996
wikileaks 0.0017006802721088435 1.3010299956639813 0.002212636047047587
linda 0.003401360544217687 1.3979400086720377 0.0047548979886804
brown 0.00510204081632653 0.8239087409443188 0.004203616025226116
child 0.0017006802721088435 0.2924298239020636 0.0004973296324865028
associated 0.0017006802721088435 1.1549019599857433 0.0019641189795675906
lead 0.0017006802721088435 0.5228787452803376 0.0008892495668032952
landmark 0.0017006802721088435 1.2218487496163564 0.002077974063973395
case 0.0017006802721088435 0.5228787452803376 0.0008892495668032952
v 0.0017006802721088435 0.8860566476931633 0.0015068990607026585
board 0.0017006802721088435 0.8239087409443188 0.0014012053417420387
led 0.0017006802721088435 0.37675070960209955 0.0006407324993232985
outlawing 0.0017006802721088435 1.5228787452803376 0.002589929838912139
school 0.0017006802721088435 0.14874165128092467 0.0002529619919743617
marjory 0.003401360544217687 1.5228787452803376 0.005179859677824278
stoneman 0.003401360544217687 1.5228787452803376 0.005179859677824278
douglas 0.003401360544217687 1.3010299956639813 0.004425272094095174
defend 0.0017006802721088435 0.853871964321762 0.0014521632046288469
florida 0.0017006802721088435 0.7447274948966939 0.0012665433586678467
everglades 0.0017006802721088435 2.0 0.003401360544217687
dolores 0.003401360544217687 1.6989700043360187 0.005778809538557887
huerta 0.003401360544217687 2.0 0.006802721088435374
co 0.0017006802721088435 0.4202164033831899 0.0007146537472503229
founded 0.0017006802721088435 0.619788758288394 0.0010540625140959081
would 0.0017006802721088435 0.2291479883578558 0.0003897074631936323
tarana 0.003401360544217687 1.6989700043360187 0.005778809538557887
burke 0.003401360544217687 1.6989700043360187 0.005778809538557887
original 0.0017006802721088435 0.0655015487564323 0.00011139719176263996
started 0.0017006802721088435 0.6020599913279624 0.001023911549877487
later 0.0017006802721088435 0.09151498112135023 0.00015563772299549358
global 0.0017006802721088435 0.8239087409443188 0.0014012053417420387
phenomenon 0.0017006802721088435 1.3979400086720377 0.0023774489943402
raised 0.0017006802721088435 0.585026652029182 0.000994943285763915
awareness 0.0017006802721088435 1.3010299956639813 0.002212636047047587
sexual 0.0017006802721088435 0.7958800173440752 0.0013535374444627129
harassment 0.0017006802721088435 1.0969100130080565 0.0018654932194014564
abuse 0.0017006802721088435 0.958607314841775 0.0016302845490506377
assault 0.0017006802721088435 0.958607314841775 0.0016302845490506377
society 0.0017006802721088435 0.7695510786217261 0.0013087603377920512
sojourner 0.003401360544217687 1.6989700043360187 0.005778809538557887
truth 0.003401360544217687 0.9208187539523752 0.0031320365780693033
abolitionist 0.0017006802721088435 1.0969100130080565 0.0018654932194014564
best 0.0017006802721088435 0.13667713987954408 0.0002324441154414015
speech 0.0017006802721088435 0.7447274948966939 0.0012665433586678467
racial 0.0017006802721088435 0.6989700043360189 0.0011887244971701
inequality 0.0017006802721088435 2.0 0.003401360544217687
delivered 0.0017006802721088435 0.8239087409443188 0.0014012053417420387
ohio 0.0017006802721088435 1.0 0.0017006802721088435
convention 0.0017006802721088435 0.9208187539523752 0.0015660182890346516
c 0.0017006802721088435 0.35654732351381263 0.0006063729991731507
loading 0.0017006802721088435 0.04575749056067514 7.781886149774684e-05
see 0.0017006802721088435 0.04575749056067514 7.781886149774684e-05
logo 0.0017006802721088435 0.04575749056067514 7.781886149774684e-05
registered 0.0017006802721088435 0.04575749056067514 7.781886149774684e-05
trademark 0.0017006802721088435 0.04575749056067514 7.781886149774684e-05
e 0.0017006802721088435 0.04575749056067514 7.781886149774684e-05
television 0.0017006802721088435 0.04575749056067514 7.781886149774684e-05
network 0.0017006802721088435 0.04575749056067514 7.781886149774684e-05
llc 0.0017006802721088435 0.04575749056067514 7.781886149774684e-05
close 0.006802721088435374 0.04575749056067514 0.0003112754459909874
