whitney 0.02155688622754491 1.1549019599857433 0.024896090155381294
young 0.03832335329341317 0.3010299956639812 0.011536478875745387
jr 0.025149700598802394 0.32790214206428253 0.008246640698622673
quote 0.0023952095808383233 0.3872161432802645 0.0009274638162401545
fact 0.003592814371257485 0.14116214857141457 0.0005071693960649625
death 0.00718562874251497 0.2365720064370627 0.0016999186091285943
biography 0.01317365269461078 1.744727494896694 0.02298443406450735
skip 0.0011976047904191617 0.04575749056067514 5.4799389893024125e-05
main 0.0011976047904191617 0.04575749056067514 5.4799389893024125e-05
content 0.0011976047904191617 0.04575749056067514 5.4799389893024125e-05
people 0.004790419161676647 0.04575749056067514 0.0002191975595720965
nostalgia 0.003592814371257485 0.04575749056067514 0.00016439816967907237
celebrity 0.003592814371257485 0.04575749056067514 0.00016439816967907237
history 0.003592814371257485 0.04575749056067514 0.00016439816967907237
culture 0.003592814371257485 0.04575749056067514 0.00016439816967907237
crime 0.003592814371257485 0.04575749056067514 0.00016439816967907237
scandal 0.004790419161676647 0.04575749056067514 0.0002191975595720965
video 0.003592814371257485 0.04575749056067514 0.00016439816967907237
contact 0.003592814371257485 0.04575749056067514 0.00016439816967907237
u 0.005988023952095809 0.20065945054641832 0.0012015535960863374
advertise 0.0023952095808383233 0.04575749056067514 0.00010959877978604825
privacy 0.003592814371257485 0.04575749056067514 0.00016439816967907237
notice 0.0023952095808383233 0.04575749056067514 0.00010959877978604825
term 0.0023952095808383233 0.04575749056067514 0.00010959877978604825
use 0.0023952095808383233 0.04575749056067514 0.00010959877978604825
copyright 0.0023952095808383233 0.04575749056067514 0.00010959877978604825
policy 0.003592814371257485 0.7670038896078462 0.0027557025973934594
ad 0.0023952095808383233 0.04575749056067514 0.00010959877978604825
choice 0.0023952095808383233 0.04575749056067514 0.00010959877978604825
accessibility 0.0023952095808383233 0.04575749056067514 0.00010959877978604825
support 0.003592814371257485 0.04575749056067514 0.00016439816967907237
setting 0.0011976047904191617 0.04575749056067514 5.4799389893024125e-05
february 0.0011976047904191617 0.04575749056067514 5.4799389893024125e-05
subscribe 0.0023952095808383233 0.04575749056067514 0.00010959877978604825
newsletter 0.003592814371257485 0.04575749056067514 0.00016439816967907237
photo 0.0011976047904191617 0.12493873660829993 0.0001496272294710179
ed 0.0011976047904191617 1.3010299956639813 0.001558119755286205
clarity 0.0011976047904191617 2.0 0.0023952095808383233
ny 0.0011976047904191617 1.6989700043360187 0.0020346946159712797
daily 0.0011976047904191617 1.0969100130080565 0.0013136646862371933
news 0.0011976047904191617 0.585026652029182 0.0007006307209930324
via 0.0011976047904191617 0.5086383061657272 0.0006091476720547632
getty 0.0011976047904191617 0.2291479883578558 0.0002744287285722824
image 0.0011976047904191617 0.2218487496163564 0.00026568712528904955
quick 0.0011976047904191617 0.07058107428570728 8.452823267749376e-05
name 0.003592814371257485 0.05551732784983141 0.0001994634533526877
birth 0.0023952095808383233 0.07058107428570728 0.0001690564653549875
date 0.005988023952095809 0.07058107428570728 0.0004226411633874688
july 0.0023952095808383233 0.37675070960209955 0.0009023969092265857
march 0.005988023952095809 0.27572413039921095 0.0016510426970012633
education 0.0011976047904191617 0.19382002601611284 0.00023211979163606327
university 0.004790419161676647 0.2596373105057561 0.0012437715473329633
minnesota 0.0023952095808383233 1.1549019599857433 0.00276623223948681
school 0.003592814371257485 0.14874165128092467 0.0005344011423266755
social 0.003592814371257485 0.5228787452803376 0.0018786062704682787
work 0.004790419161676647 0.2218487496163564 0.0010627485011561982
kentucky 0.004790419161676647 1.3010299956639813 0.00623247902114482
state 0.00718562874251497 0.4930892744484819 0.0035431564631028638
industrial 0.0023952095808383233 1.6989700043360187 0.004069389231942559
college 0.003592814371257485 0.40893539297350084 0.001469228956791021
massachusetts 0.0011976047904191617 0.7695510786217261 0.0009216180582296121
institute 0.003592814371257485 0.853871964321762 0.0030678034646290852
technology 0.0011976047904191617 1.3010299956639813 0.001558119755286205
harvard 0.0011976047904191617 0.7447274948966939 0.0008918892154451424
lincoln 0.004790419161676647 0.9208187539523752 0.004411107803364672
place 0.0023952095808383233 0.07572071393811834 0.00018136697949249902
ridge 0.0023952095808383233 2.0 0.004790419161676647
lagos 0.0023952095808383233 2.0 0.004790419161676647
nigeria 0.0023952095808383233 2.0 0.004790419161676647
aka 0.0011976047904191617 0.853871964321762 0.0010226011548763617
moore 0.0023952095808383233 1.3010299956639813 0.00311623951057241
full 0.0011976047904191617 0.3010299956639812 0.00036051496486704334
early 0.0023952095808383233 0.07572071393811834 0.00018136697949249902
life 0.004790419161676647 0.13679614097137055 0.0006553108549526733
national 0.005988023952095809 0.3010299956639812 0.0018025748243352168
urban 0.008383233532934131 0.9208187539523752 0.007719438655888175
league 0.013173652694610778 0.8239087409443188 0.010853887605254499
presidential 0.004790419161676647 0.3665315444204135 0.001755839733750484
adviser 0.003592814371257485 0.7447274948966939 0.002675667646335427
legacy 0.0023952095808383233 0.6989700043360189 0.0016741796511042367
cite 0.0011976047904191617 0.07058107428570728 8.452823267749376e-05
page 0.0011976047904191617 0.07058107428570728 8.452823267749376e-05
desire 0.0011976047904191617 1.0 0.0011976047904191617
pull 0.0011976047904191617 1.3979400086720377 0.0016741796511042367
bootstrap 0.0011976047904191617 2.0 0.0023952095808383233
past 0.0011976047904191617 0.6989700043360189 0.0008370898255521184
strap 0.0011976047904191617 2.0 0.0023952095808383233
case 0.0011976047904191617 0.958607314841775 0.0011480327123853593
boot 0.0011976047904191617 1.6989700043360187 0.0020346946159712797
anxious 0.0011976047904191617 2.0 0.0023952095808383233
loudest 0.0011976047904191617 2.0 0.0023952095808383233
voice 0.0023952095808383233 0.7447274948966939 0.0017837784308902848
popular 0.0023952095808383233 0.4685210829577449 0.0011222061867251375
would 0.0011976047904191617 0.2291479883578558 0.0002744287285722824
like 0.0011976047904191617 0.2365720064370627 0.00028331976818809904
think 0.0011976047904191617 0.585026652029182 0.0007006307209930324
crucial 0.0011976047904191617 1.3010299956639813 0.001558119755286205
moment 0.0011976047904191617 1.0 0.0011976047904191617
effective 0.0023952095808383233 1.3979400086720377 0.0033483593022084735
voiceless 0.0011976047904191617 2.0 0.0023952095808383233
hope 0.0011976047904191617 0.9208187539523752 0.001102776950841168
hopeless 0.0011976047904191617 2.0 0.0023952095808383233
holler 0.0011976047904191617 2.0 0.0023952095808383233
protest 0.0011976047904191617 0.7447274948966939 0.0008918892154451424
picket 0.0011976047904191617 2.0 0.0023952095808383233
demonstrate 0.0011976047904191617 1.5228787452803376 0.0018238068805752545
somebody 0.0011976047904191617 1.3979400086720377 0.0016741796511042367
must 0.0023952095808383233 0.8239087409443188 0.0019734341100462725
able 0.0011976047904191617 0.7447274948966939 0.0008918892154451424
sit 0.0011976047904191617 0.958607314841775 0.0011480327123853593
strategy 0.0023952095808383233 2.619788758288394 0.006274943133624896
conference 0.0023952095808383233 2.4948500216800937 0.005975688674682859
plot 0.0011976047904191617 1.3010299956639813 0.001558119755286205
course 0.0011976047904191617 0.853871964321762 0.0010226011548763617
researcher 0.0011976047904191617 1.5228787452803376 0.0018238068805752545
professional 0.0011976047904191617 1.3979400086720377 0.0016741796511042367
carry 0.0011976047904191617 1.3010299956639813 0.001558119755286205
program 0.0023952095808383233 0.5528419686577808 0.0013241723800186365
although 0.0011976047904191617 0.431798275933005 0.0005171236837521018
black 0.004790419161676647 2.0861861476162833 0.00999370609636543
tenth 0.0011976047904191617 2.0 0.0023952095808383233
population 0.0011976047904191617 1.1549019599857433 0.001383116119743405
account 0.0011976047904191617 1.3010299956639813 0.001558119755286205
fifth 0.0011976047904191617 1.2218487496163564 0.001463291915708211
land 0.0011976047904191617 0.853871964321762 0.0010226011548763617
troop 0.003592814371257485 1.0 0.003592814371257485
vietnam 0.0023952095808383233 0.9208187539523752 0.002205553901682336
higher 0.0011976047904191617 1.0969100130080565 0.0013136646862371933
percentage 0.0011976047904191617 1.6989700043360187 0.0020346946159712797
casualty 0.0011976047904191617 1.3979400086720377 0.0016741796511042367
frontline 0.0011976047904191617 1.5228787452803376 0.0018238068805752545
fighting 0.0011976047904191617 0.7958800173440752 0.00095314972137015
unit 0.0011976047904191617 1.5228787452803376 0.0018238068805752545
including 0.0011976047904191617 0.2365720064370627 0.00028331976818809904
many 0.0023952095808383233 0.28399665636520083 0.000680231512251978
elite 0.0011976047904191617 1.3979400086720377 0.0016741796511042367
percent 0.0011976047904191617 0.8860566476931633 0.0010611456858600759
publish 0.0011976047904191617 0.07058107428570728 8.452823267749376e-05
apr 0.0011976047904191617 0.5528419686577808 0.0006620861900093183
comment 0.0023952095808383233 0.07058107428570728 0.0001690564653549875
civil 0.00718562874251497 0.3467874862246563 0.0024918861285604045
right 0.008383233532934131 0.39848321634998984 0.003340577861616681
leader 0.003592814371257485 0.37675070960209955 0.0013535953638398786
head 0.0023952095808383233 0.5228787452803376 0.001252404180312186
forefront 0.0023952095808383233 1.0969100130080565 0.0026273293724743867
racial 0.004790419161676647 0.6989700043360189 0.0033483593022084735
integration 0.003592814371257485 1.1549019599857433 0.004149348359230216
african 0.003592814371257485 0.28399665636520083 0.001020347268377967
american 0.003592814371257485 0.6552148773673394 0.0023540654276670877
economic 0.0023952095808383233 0.585026652029182 0.0014012614419860647
empowerment 0.0023952095808383233 1.045757490560675 0.0025048083606243714
worked 0.0011976047904191617 0.3098039199714864 0.00037102265864848665
ran 0.0011976047904191617 0.48148606012211254 0.0005766300121222904
local 0.0011976047904191617 0.6989700043360189 0.0008370898255521184
branch 0.003592814371257485 2.8239087409443187 0.010145779907584378
becoming 0.0011976047904191617 0.3372421683184259 0.0004038828363094921
responsible 0.0011976047904191617 0.7695510786217261 0.0009216180582296121
greatly 0.0011976047904191617 1.5228787452803376 0.0018238068805752545
expanding 0.0011976047904191617 1.045757490560675 0.0012524041803121857
size 0.0023952095808383233 1.3979400086720377 0.0033483593022084735
organization 0.003592814371257485 0.6777807052660807 0.0024351402584410083
overseeing 0.0011976047904191617 1.5228787452803376 0.0018238068805752545
corporate 0.0011976047904191617 1.0969100130080565 0.0013136646862371933
workplace 0.0011976047904191617 2.0 0.0023952095808383233
faced 0.0011976047904191617 0.7695510786217261 0.0009216180582296121
critiqued 0.0011976047904191617 2.0 0.0023952095808383233
method 0.0011976047904191617 1.3010299956639813 0.001558119755286205
believed 0.0023952095808383233 0.6020599913279624 0.0014420598594681734
died 0.003592814371257485 0.31875876262441283 0.0011452410633212436
drowning 0.0011976047904191617 1.6989700043360187 0.0020346946159712797
born 0.0011976047904191617 0.09151498112135023 0.00010959877978604818
middle 0.0011976047904191617 0.585026652029182 0.0007006307209930324
child 0.003592814371257485 0.5000381344038097 0.0017965441954627894
two 0.0023952095808383233 0.11918640771920867 0.0002854764256747513
sister 0.0011976047904191617 1.3010299956639813 0.001558119755286205
mother 0.0011976047904191617 0.21467016498923297 0.0002570900179511772
teacher 0.0023952095808383233 0.6989700043360189 0.0016741796511042367
father 0.0023952095808383233 0.14874165128092467 0.00035626742821778367
principal 0.0011976047904191617 1.5228787452803376 0.0018238068805752545
preparatory 0.0011976047904191617 1.6989700043360187 0.0020346946159712797
attended 0.0011976047904191617 0.5376020021010439 0.0006438347330551424
working 0.0011976047904191617 0.35654732351381263 0.0004270027826512726
serving 0.0011976047904191617 0.48148606012211254 0.0005766300121222904
world 0.0023952095808383233 0.04575749056067514 0.00010959877978604825
war 0.003592814371257485 0.35654732351381263 0.0012810083479538178
ii 0.0011976047904191617 0.48148606012211254 0.0005766300121222904
overseas 0.0011976047904191617 1.2218487496163564 0.001463291915708211
acted 0.0011976047904191617 1.0969100130080565 0.0013136646862371933
bridge 0.0011976047904191617 1.1549019599857433 0.001383116119743405
white 0.003592814371257485 1.9100948885606022 0.006862616366085996
serviceman 0.0011976047904191617 1.6989700043360187 0.0020346946159712797
wed 0.0011976047904191617 1.045757490560675 0.0012524041803121857
sweetheart 0.0011976047904191617 1.6989700043360187 0.0020346946159712797
margaret 0.0011976047904191617 1.3979400086720377 0.0016741796511042367
buckner 0.0011976047904191617 2.0 0.0023952095808383233
couple 0.0011976047904191617 0.40893539297350084 0.000489742985597007
went 0.0023952095808383233 0.32790214206428253 0.0007853943522497785
upon 0.0011976047904191617 0.721246399047171 0.0008637681425714623
return 0.0011976047904191617 0.7447274948966939 0.0008918892154451424
earned 0.0011976047904191617 0.40893539297350084 0.000489742985597007
master 0.0011976047904191617 0.853871964321762 0.0010226011548763617
year 0.0011976047904191617 0.11918640771920867 0.00014273821283737565
st 0.0011976047904191617 0.721246399047171 0.0008637681425714623
paul 0.0011976047904191617 0.721246399047171 0.0008637681425714623
making 0.0011976047904191617 0.3979400086720376 0.000476574860685075
stride 0.0011976047904191617 1.5228787452803376 0.0018238068805752545
placing 0.0011976047904191617 1.6989700043360187 0.0020346946159712797
previously 0.0011976047904191617 0.7695510786217261 0.0009216180582296121
employee 0.0011976047904191617 1.5228787452803376 0.0018238068805752545
position 0.0023952095808383233 1.7166987712964503 0.004111853344422636
became 0.005988023952095809 0.07572071393811834 0.0004534174487312476
executive 0.0023952095808383233 0.5528419686577808 0.0013241723800186365
secretary 0.0011976047904191617 0.638272163982407 0.0007643978011765354
omaha 0.0011976047904191617 2.0 0.0023952095808383233
thus 0.0011976047904191617 1.3010299956639813 0.001558119755286205
region 0.0011976047904191617 1.2218487496163564 0.001463291915708211
mid 0.0011976047904191617 0.585026652029182 0.0007006307209930324
took 0.0011976047904191617 0.28399665636520083 0.000340115756125989
dean 0.0011976047904191617 0.958607314841775 0.0011480327123853593
atlanta 0.0023952095808383233 0.8239087409443188 0.0019734341100462725
remaining 0.0011976047904191617 1.0 0.0011976047904191617
actively 0.0011976047904191617 1.3010299956639813 0.001558119755286205
involved 0.0011976047904191617 0.4559319556497244 0.0005460262941912867
movement 0.003592814371257485 0.48148606012211254 0.0017298900363668713
heading 0.0011976047904191617 1.3979400086720377 0.0016741796511042367
naacp 0.0011976047904191617 0.958607314841775 0.0011480327123853593
appointed 0.0011976047904191617 0.6777807052660807 0.0008117134194803361
director 0.0011976047904191617 0.5686362358410126 0.000681001480049117
flair 0.0011976047904191617 2.0 0.0023952095808383233
enlisting 0.0011976047904191617 2.0 0.0023952095808383233
prominent 0.0011976047904191617 0.7447274948966939 0.0008918892154451424
businessmen 0.0011976047904191617 1.6989700043360187 0.0020346946159712797
instrumental 0.0011976047904191617 1.1549019599857433 0.001383116119743405
saving 0.0011976047904191617 1.6989700043360187 0.0020346946159712797
financial 0.0011976047904191617 0.8860566476931633 0.0010611456858600759
ruin 0.0011976047904191617 2.0 0.0023952095808383233
well 0.0023952095808383233 0.20065945054641826 0.00048062143843453475
handling 0.0011976047904191617 0.958607314841775 0.0011480327123853593
major 0.0023952095808383233 0.4202164033831899 0.001006506355408838
overhaul 0.0011976047904191617 2.0 0.0023952095808383233
structure 0.0011976047904191617 1.6989700043360187 0.0020346946159712797
grandly 0.0011976047904191617 2.0 0.0023952095808383233
increasing 0.0011976047904191617 0.958607314841775 0.0011480327123853593
budget 0.0011976047904191617 0.958607314841775 0.0011480327123853593
staff 0.0023952095808383233 0.9208187539523752 0.002205553901682336
read 0.0011976047904191617 0.0655015487564323 7.84449685705776e-05
next 0.0011976047904191617 0.07058107428570728 8.452823267749376e-05
bella 0.0011976047904191617 0.0655015487564323 7.84449685705776e-05
hadid 0.0011976047904191617 0.0655015487564323 7.84449685705776e-05
sadie 0.0011976047904191617 0.06048074738138145 7.24320327920736e-05
alexander 0.0011976047904191617 0.05551732784983141 6.648781778422924e-05
adrienne 0.0011976047904191617 0.0655015487564323 7.84449685705776e-05
kennedy 0.005988023952095809 0.06048074738138145 0.000362160163960368
behest 0.0011976047904191617 1.3979400086720377 0.0016741796511042367
despite 0.0011976047904191617 0.4202164033831899 0.000503253177704419
reservation 0.0011976047904191617 2.0 0.0023952095808383233
benefactor 0.0011976047904191617 2.0 0.0023952095808383233
co 0.0023952095808383233 0.4202164033831899 0.001006506355408838
sponsor 0.0011976047904191617 2.0 0.0023952095808383233
historic 0.0023952095808383233 0.6989700043360189 0.0016741796511042367
washington 0.0011976047904191617 0.3979400086720376 0.000476574860685075
also 0.004790419161676647 0.0861861476162833 0.0004128677730121356
factor 0.0011976047904191617 1.5228787452803376 0.0018238068805752545
process 0.0011976047904191617 0.7958800173440752 0.00095314972137015
racially 0.0011976047904191617 1.1549019599857433 0.001383116119743405
integrating 0.0011976047904191617 1.0969100130080565 0.0013136646862371933
variety 0.0011976047904191617 1.045757490560675 0.0012524041803121857
big 0.0011976047904191617 0.5228787452803376 0.000626202090156093
company 0.0011976047904191617 0.494850021680094 0.0005926347565031066
job 0.0011976047904191617 0.853871964321762 0.0010226011548763617
nationally 0.0011976047904191617 1.3979400086720377 0.0016741796511042367
politically 0.0011976047904191617 1.045757490560675 0.0012524041803121857
shrewd 0.0011976047904191617 1.3979400086720377 0.0016741796511042367
aware 0.0011976047904191617 1.3010299956639813 0.001558119755286205
access 0.0023952095808383233 0.07058107428570728 0.0001690564653549875
office 0.0023952095808383233 0.31875876262441283 0.0007634940422141625
close 0.005988023952095809 0.04575749056067514 0.00027399694946512066
lyndon 0.0011976047904191617 1.2218487496163564 0.001463291915708211
b 0.0023952095808383233 0.37675070960209955 0.0009023969092265857
johnson 0.0011976047904191617 0.853871964321762 0.0010226011548763617
known 0.003592814371257485 0.06048074738138145 0.00021729609837622076
domestic 0.0011976047904191617 1.045757490560675 0.0012524041803121857
marshall 0.0011976047904191617 1.1549019599857433 0.001383116119743405
plan 0.0011976047904191617 0.6989700043360189 0.0008370898255521184
thought 0.0011976047904191617 0.7958800173440752 0.00095314972137015
helped 0.0011976047904191617 0.3372421683184259 0.0004038828363094921
shape 0.0011976047904191617 1.3979400086720377 0.0016741796511042367
president 0.004790419161676647 0.16749108729376372 0.0008023525139821017
received 0.0011976047904191617 0.28399665636520083 0.000340115756125989
medal 0.0011976047904191617 0.6575773191777938 0.000787517747518316
freedom 0.0023952095808383233 0.619788758288394 0.001484523971948249
visiting 0.0011976047904191617 1.3010299956639813 0.001558119755286205
eventually 0.0011976047904191617 0.3979400086720376 0.000476574860685075
publicly 0.0011976047904191617 0.619788758288394 0.0007422619859741245
opposed 0.0011976047904191617 0.9208187539523752 0.001102776950841168
established 0.0011976047904191617 0.7447274948966939 0.0008918892154451424
veteran 0.0011976047904191617 0.9208187539523752 0.001102776950841168
affair 0.0011976047904191617 0.7695510786217261 0.0009216180582296121
department 0.0011976047904191617 0.7447274948966939 0.0008918892154451424
writer 0.0011976047904191617 0.6989700043360189 0.0008370898255521184
penned 0.0011976047904191617 1.2218487496163564 0.001463291915708211
book 0.0023952095808383233 0.721246399047171 0.0017275362851429247
equal 0.0011976047904191617 1.0969100130080565 0.0013136646862371933
beyond 0.0011976047904191617 1.045757490560675 0.0012524041803121857
racism 0.0011976047904191617 0.853871964321762 0.0010226011548763617
building 0.0023952095808383233 0.853871964321762 0.0020452023097527233
open 0.0011976047904191617 0.7447274948966939 0.0008918892154451424
society 0.0011976047904191617 0.7695510786217261 0.0009216180582296121
syndicated 0.0011976047904191617 1.6989700043360187 0.0020346946159712797
newspaper 0.0011976047904191617 1.0969100130080565 0.0013136646862371933
column 0.0011976047904191617 2.0 0.0023952095808383233
wife 0.0023952095808383233 0.3098039199714864 0.0007420453172969733
author 0.0023952095808383233 0.06048074738138145 0.0001448640655841472
writing 0.0011976047904191617 0.853871964321762 0.0010226011548763617
advent 0.0011976047904191617 1.6989700043360187 0.0020346946159712797
power 0.0011976047904191617 0.5376020021010439 0.0006438347330551424
often 0.0011976047904191617 0.5376020021010439 0.0006438347330551424
seen 0.0011976047904191617 0.619788758288394 0.0007422619859741245
conservative 0.0011976047904191617 0.8239087409443188 0.0009867170550231362
conciliatory 0.0011976047904191617 2.0 0.0023952095808383233
view 0.0011976047904191617 0.853871964321762 0.0010226011548763617
militant 0.0023952095808383233 1.2218487496163564 0.002926583831416422
faction 0.0011976047904191617 1.5228787452803376 0.0018238068805752545
yet 0.0011976047904191617 0.6777807052660807 0.0008117134194803361
adopt 0.0011976047904191617 1.3979400086720377 0.0016741796511042367
new 0.0023952095808383233 0.14266750356873154 0.0003417185714221115
thrust 0.0011976047904191617 2.0 0.0023952095808383233
late 0.0011976047904191617 0.3665315444204135 0.000438959933437621
focused 0.0011976047904191617 0.6989700043360189 0.0008370898255521184
direct 0.0011976047904191617 1.0969100130080565 0.0013136646862371933
actualization 0.0011976047904191617 2.0 0.0023952095808383233
community 0.0011976047904191617 1.045757490560675 0.0012524041803121857
age 0.0011976047904191617 0.11350927482751813 0.00013593925129044086
attending 0.0011976047904191617 0.9208187539523752 0.001102776950841168
drowned 0.0011976047904191617 1.6989700043360187 0.0020346946159712797
swimming 0.0011976047904191617 1.5228787452803376 0.0018238068805752545
beach 0.0011976047904191617 1.1549019599857433 0.001383116119743405
initial 0.0011976047904191617 0.8239087409443188 0.0009867170550231362
conflict 0.0011976047904191617 1.0969100130080565 0.0013136646862371933
cause 0.0011976047904191617 1.0 0.0011976047904191617
nigerian 0.0011976047904191617 2.0 0.0023952095808383233
coroner 0.0011976047904191617 1.045757490560675 0.0012524041803121857
stating 0.0011976047904191617 0.9208187539523752 0.001102776950841168
suffered 0.0011976047904191617 0.6575773191777938 0.000787517747518316
brain 0.0011976047904191617 1.0 0.0011976047904191617
hemorrhage 0.0011976047904191617 1.6989700043360187 0.0020346946159712797
include 0.0011976047904191617 0.619788758288394 0.0007422619859741245
struggle 0.0011976047904191617 0.9208187539523752 0.001102776950841168
nancy 0.0011976047904191617 1.0 0.0011976047904191617
wei 0.0011976047904191617 2.0 0.0023952095808383233
mediator 0.0011976047904191617 1.5228787452803376 0.0018238068805752545
dennis 0.0011976047904191617 1.6989700043360187 0.0020346946159712797
c 0.0011976047904191617 0.35654732351381263 0.0004270027826512726
dickerson 0.0011976047904191617 2.0 0.0023952095808383233
pb 0.0011976047904191617 1.3979400086720377 0.0016741796511042367
aired 0.0011976047904191617 1.2218487496163564 0.001463291915708211
documentary 0.0011976047904191617 0.8239087409443188 0.0009867170550231362
powerbroker 0.0011976047904191617 2.0 0.0023952095808383233
fight 0.0011976047904191617 0.5376020021010439 0.0006438347330551424
check 0.0011976047904191617 0.07058107428570728 8.452823267749376e-05
strive 0.0011976047904191617 0.07058107428570728 8.452823267749376e-05
accuracy 0.0011976047904191617 0.07058107428570728 8.452823267749376e-05
fairness 0.0011976047904191617 0.07058107428570728 8.452823267749376e-05
see 0.0023952095808383233 0.04575749056067514 0.00010959877978604825
something 0.0011976047904191617 0.07058107428570728 8.452823267749376e-05
look 0.0011976047904191617 0.07058107428570728 8.452823267749376e-05
citation 0.0011976047904191617 0.07058107428570728 8.452823267749376e-05
information 0.0011976047904191617 0.07058107428570728 8.452823267749376e-05
article 0.0011976047904191617 0.07058107428570728 8.452823267749376e-05
title 0.0011976047904191617 0.07058107428570728 8.452823267749376e-05
com 0.0023952095808383233 0.06048074738138145 0.0001448640655841472
editor 0.0011976047904191617 0.1023729087095586 0.0001226022858797109
website 0.0023952095808383233 0.0655015487564323 0.0001568899371411552
url 0.0011976047904191617 0.07058107428570728 8.452823267749376e-05
publisher 0.0011976047904191617 0.07058107428570728 8.452823267749376e-05
e 0.0023952095808383233 0.04575749056067514 0.00010959877978604825
television 0.0023952095808383233 0.04575749056067514 0.00010959877978604825
network 0.0023952095808383233 0.04575749056067514 0.00010959877978604825
last 0.0011976047904191617 0.0655015487564323 7.84449685705776e-05
updated 0.0011976047904191617 0.07058107428570728 8.452823267749376e-05
october 0.0011976047904191617 0.37675070960209955 0.00045119845461329285
original 0.0011976047904191617 0.0655015487564323 7.84449685705776e-05
published 0.0011976047904191617 0.07058107428570728 8.452823267749376e-05
april 0.0011976047904191617 0.1549019599857432 0.00018551132932424332
receive 0.0011976047904191617 0.05551732784983141 6.648781778422924e-05
story 0.003592814371257485 0.05551732784983141 0.0001994634533526877
shaped 0.0023952095808383233 0.05551732784983141 0.00013297563556845848
sign 0.0011976047904191617 0.05551732784983141 6.648781778422924e-05
person 0.010778443113772455 0.05060999335508724 0.0005454969343662099
gerald 0.0023952095808383233 1.045757490560675 0.0025048083606243714
ford 0.0023952095808383233 0.958607314841775 0.0022960654247707185
th 0.0011976047904191617 0.2076083105017461 0.0002486327071877199
united 0.003592814371257485 0.18708664335714445 0.0006721675809238723
following 0.0011976047904191617 0.2518119729937996 0.000301571225142275
richard 0.0011976047904191617 0.6777807052660807 0.0008117134194803361
nixon 0.0011976047904191617 0.8860566476931633 0.0010611456858600759
resignation 0.0011976047904191617 1.0969100130080565 0.0013136646862371933
aftermath 0.0011976047904191617 1.0 0.0011976047904191617
watergate 0.0011976047904191617 1.045757490560675 0.0012524041803121857
james 0.0023952095808383233 0.6020599913279624 0.0014420598594681734
farmer 0.0023952095808383233 1.045757490560675 0.0025048083606243714
headed 0.0011976047904191617 0.958607314841775 0.0011480327123853593
congress 0.003592814371257485 0.4202164033831899 0.0015097595331132572
equality 0.0011976047904191617 0.8239087409443188 0.0009867170550231362
core 0.0011976047904191617 1.045757490560675 0.0012524041803121857
organized 0.0011976047904191617 0.7958800173440752 0.00095314972137015
ride 0.0011976047904191617 1.2218487496163564 0.001463291915708211
john 0.005988023952095809 0.37675070960209955 0.0022559922730664645
rockefeller 0.004790419161676647 1.3010299956639813 0.00623247902114482
philanthropist 0.0011976047904191617 0.958607314841775 0.0011480327123853593
son 0.0011976047904191617 0.28399665636520083 0.000340115756125989
heir 0.0011976047904191617 1.0969100130080565 0.0013136646862371933
fortune 0.0011976047904191617 1.0969100130080565 0.0013136646862371933
center 0.0011976047904191617 0.585026652029182 0.0007006307209930324
york 0.0011976047904191617 0.3467874862246563 0.0004153143547600675
city 0.0011976047904191617 0.3665315444204135 0.000438959933437621
ike 0.0023952095808383233 1.5228787452803376 0.003647613761150509
turner 0.003592814371257485 1.3979400086720377 0.00502253895331271
made 0.0011976047904191617 0.1804560644581313 0.00021611504725524707
string 0.0011976047904191617 1.1549019599857433 0.001383116119743405
r 0.0011976047904191617 0.5086383061657272 0.0006091476720547632
hit 0.0011976047904191617 0.5086383061657272 0.0006091476720547632
singer 0.0011976047904191617 0.4202164033831899 0.000503253177704419
tina 0.0011976047904191617 1.3010299956639813 0.001558119755286205
struggled 0.0011976047904191617 0.853871964321762 0.0010226011548763617
drug 0.0011976047904191617 0.6575773191777938 0.000787517747518316
addiction 0.0011976047904191617 1.2218487496163564 0.001463291915708211
accidental 0.0011976047904191617 1.2218487496163564 0.001463291915708211
cocaine 0.0011976047904191617 1.5228787452803376 0.0018238068805752545
overdose 0.0011976047904191617 1.0969100130080565 0.0013136646862371933
junior 0.0023952095808383233 0.853871964321762 0.0020452023097527233
gotti 0.003592814371257485 1.3979400086720377 0.00502253895331271
mobster 0.0011976047904191617 1.5228787452803376 0.0018238068805752545
allegedly 0.0011976047904191617 0.853871964321762 0.0010226011548763617
served 0.0011976047904191617 0.2676062401770315 0.00032048651518207363
capo 0.0011976047904191617 1.5228787452803376 0.0018238068805752545
gambino 0.0011976047904191617 1.3979400086720377 0.0016741796511042367
family 0.0011976047904191617 0.11918640771920867 0.00014273821283737565
acting 0.0011976047904191617 0.6777807052660807 0.0008117134194803361
bos 0.0011976047904191617 1.045757490560675 0.0012524041803121857
prison 0.0011976047904191617 0.6020599913279624 0.0007210299297340867
robert 0.0023952095808383233 0.5528419686577808 0.0013241723800186365
f 0.0023952095808383233 0.721246399047171 0.0017275362851429247
attorney 0.0011976047904191617 0.494850021680094 0.0005926347565031066
vocal 0.0011976047904191617 0.853871964321762 0.0010226011548763617
environmental 0.0011976047904191617 1.0 0.0011976047904191617
activist 0.0023952095808383233 0.494850021680094 0.0011852695130062131
radio 0.0011976047904191617 0.8860566476931633 0.0010611456858600759
host 0.0011976047904191617 0.853871964321762 0.0010226011548763617
founder 0.0011976047904191617 0.7958800173440752 0.00095314972137015
river 0.0011976047904191617 1.1549019599857433 0.001383116119743405
alliance 0.0011976047904191617 1.2218487496163564 0.001463291915708211
ted 0.0023952095808383233 1.3010299956639813 0.00311623951057241
lion 0.0011976047904191617 1.2218487496163564 0.001463291915708211
senate 0.0011976047904191617 0.5686362358410126 0.000681001480049117
democrat 0.0011976047904191617 0.7958800173440752 0.00095314972137015
staunch 0.0011976047904191617 1.0 0.0011976047904191617
liberal 0.0011976047904191617 0.8860566476931633 0.0010611456858600759
elected 0.0011976047904191617 0.3665315444204135 0.000438959933437621
nine 0.0011976047904191617 0.8239087409443188 0.0009867170550231362
time 0.0011976047904191617 0.37675070960209955 0.00045119845461329285
spearheading 0.0011976047904191617 1.3010299956639813 0.001558119755286205
legislative 0.0011976047904191617 0.8239087409443188 0.0009867170550231362
reform 0.0011976047904191617 1.2218487496163564 0.001463291915708211
george 0.0023952095808383233 0.4685210829577449 0.0011222061867251375
w 0.0023952095808383233 0.6989700043360189 0.0016741796511042367
bush 0.0023952095808383233 0.7447274948966939 0.0017837784308902848
rd 0.0011976047904191617 1.3010299956639813 0.001558119755286205
led 0.0011976047904191617 0.37675070960209955 0.00045119845461329285
country 0.0011976047904191617 0.27572413039921095 0.0003302085394002526
response 0.0011976047904191617 0.853871964321762 0.0010226011548763617
attack 0.0011976047904191617 0.7447274948966939 0.0008918892154451424
initiated 0.0011976047904191617 1.2218487496163564 0.001463291915708211
iraq 0.0011976047904191617 0.853871964321762 0.0010226011548763617
andrew 0.0023952095808383233 0.7447274948966939 0.0017837784308902848
alongside 0.0011976047904191617 0.7695510786217261 0.0009216180582296121
martin 0.0011976047904191617 0.5686362358410126 0.000681001480049117
luther 0.0011976047904191617 0.638272163982407 0.0007643978011765354
king 0.0011976047904191617 0.4685210829577449 0.0005611030933625687
member 0.0011976047904191617 0.3010299956639812 0.00036051496486704334
mayor 0.0011976047904191617 0.6777807052660807 0.0008117134194803361
ambassador 0.0011976047904191617 0.8239087409443188 0.0009867170550231362
nation 0.0011976047904191617 0.6575773191777938 0.000787517747518316
loading 0.0011976047904191617 0.04575749056067514 5.4799389893024125e-05
logo 0.0011976047904191617 0.04575749056067514 5.4799389893024125e-05
registered 0.0011976047904191617 0.04575749056067514 5.4799389893024125e-05
trademark 0.0011976047904191617 0.04575749056067514 5.4799389893024125e-05
llc 0.0011976047904191617 0.04575749056067514 5.4799389893024125e-05
