robert 0.013176470588235295 0.5528419686577808 0.007284505939961348
mueller 0.027294117647058823 1.3979400086720377 0.03815553906022503
education 0.001411764705882353 0.19382002601611284 0.0002736282720227476
special 0.009411764705882352 0.638272163982407 0.006007267425716772
counsel 0.00988235294117647 2.657577319177794 0.02626311703658055
life 0.001411764705882353 0.13679614097137055 0.00019312396372428786
biography 0.004705882352941176 0.04575749056067514 0.00021532936734435358
skip 0.00047058823529411766 0.04575749056067514 2.1532936734435364e-05
main 0.00047058823529411766 0.04575749056067514 2.1532936734435364e-05
content 0.0009411764705882353 2.0457574905606752 0.0019254188146453416
people 0.0018823529411764706 0.04575749056067514 8.613174693774145e-05
nostalgia 0.001411764705882353 0.04575749056067514 6.459881020330609e-05
celebrity 0.001411764705882353 0.04575749056067514 6.459881020330609e-05
history 0.0018823529411764706 0.04575749056067514 8.613174693774145e-05
culture 0.0018823529411764706 0.04575749056067514 8.613174693774145e-05
crime 0.002823529411764706 0.04575749056067514 0.00012919762040661218
scandal 0.001411764705882353 0.04575749056067514 6.459881020330609e-05
video 0.001411764705882353 0.04575749056067514 6.459881020330609e-05
contact 0.0023529411764705885 1.744727494896694 0.00410524116446281
u 0.006588235294117647 0.20065945054641832 0.0013219916741881678
advertise 0.0009411764705882353 0.04575749056067514 4.306587346887073e-05
privacy 0.001411764705882353 0.04575749056067514 6.459881020330609e-05
notice 0.0009411764705882353 0.04575749056067514 4.306587346887073e-05
term 0.001411764705882353 0.04575749056067514 6.459881020330609e-05
use 0.001411764705882353 0.04575749056067514 6.459881020330609e-05
copyright 0.0009411764705882353 0.04575749056067514 4.306587346887073e-05
policy 0.001411764705882353 0.04575749056067514 6.459881020330609e-05
ad 0.0009411764705882353 0.04575749056067514 4.306587346887073e-05
choice 0.0009411764705882353 0.04575749056067514 4.306587346887073e-05
accessibility 0.0009411764705882353 0.04575749056067514 4.306587346887073e-05
support 0.0009411764705882353 0.04575749056067514 4.306587346887073e-05
setting 0.00047058823529411766 0.04575749056067514 2.1532936734435364e-05
february 0.001411764705882353 0.04575749056067514 6.459881020330609e-05
subscribe 0.0009411764705882353 0.04575749056067514 4.306587346887073e-05
newsletter 0.001411764705882353 0.04575749056067514 6.459881020330609e-05
photo 0.00047058823529411766 0.12493873660829993 5.8794699580376444e-05
saul 0.00047058823529411766 2.0 0.0009411764705882353
loeb 0.00047058823529411766 2.0 0.0009411764705882353
afp 0.00047058823529411766 1.5228787452803376 0.0007166488213083942
getty 0.00047058823529411766 0.2291479883578558 0.00010783434746252038
image 0.00047058823529411766 0.2218487496163564 0.00010439941158416772
quick 0.00047058823529411766 0.07058107428570728 3.3214623193274014e-05
fact 0.0009411764705882353 0.14116214857141457 0.00013285849277309606
name 0.001411764705882353 0.05551732784983141 7.837740402329141e-05
birth 0.0009411764705882353 0.07058107428570728 6.642924638654803e-05
date 0.0018823529411764706 0.07058107428570728 0.00013285849277309606
august 0.001411764705882353 0.494850021680094 0.000698611795313074
age 0.00047058823529411766 0.11350927482751813 5.341612933059677e-05
princeton 0.001411764705882353 1.6989700043360187 0.0023985458884743798
university 0.002823529411764706 0.2596373105057561 0.0007330935826044879
new 0.004705882352941176 0.14266750356873154 0.000671376487382266
york 0.002823529411764706 0.3467874862246563 0.000979164666987265
virginia 0.0009411764705882353 0.8239087409443188 0.0007754435208887706
school 0.0018823529411764706 0.14874165128092467 0.00027998428476409354
law 0.0018823529411764706 0.3665315444204135 0.0006899417306737196
place 0.00047058823529411766 0.07572071393811834 3.563327714734981e-05
zodiac 0.00047058823529411766 0.3010299956639812 0.0001416611744301088
sign 0.001411764705882353 0.05551732784983141 7.837740402329141e-05
leo 0.00047058823529411766 1.3979400086720377 0.0006578541217280178
cite 0.00047058823529411766 0.07058107428570728 3.3214623193274014e-05
page 0.001411764705882353 1.7695510786217261 0.002498189758054202
quote 0.00047058823529411766 0.3872161432802645 0.00018221936154365389
reward 0.00047058823529411766 2.0 0.0009411764705882353
public 0.0009411764705882353 0.2596373105057561 0.0002443645275348293
service 0.00047058823529411766 0.5086383061657272 0.00023935920290151872
outweigh 0.00047058823529411766 2.0 0.0009411764705882353
period 0.00047058823529411766 1.3979400086720377 0.0006578541217280178
criticism 0.0009411764705882353 0.9208187539523752 0.0008666529448963532
inevitably 0.00047058823529411766 2.0 0.0009411764705882353
get 0.001411764705882353 1.5406075122407692 0.002174975311398733
prosecution 0.001411764705882353 2.0 0.002823529411764706
creation 0.00047058823529411766 0.853871964321762 0.0004018221008572998
past 0.00047058823529411766 0.6989700043360189 0.0003289270608640089
prevention 0.00047058823529411766 1.5228787452803376 0.0007166488213083942
anticipation 0.00047058823529411766 2.0 0.0009411764705882353
future 0.001411764705882353 0.721246399047171 0.0010182302104195357
much 0.001411764705882353 0.37675070960209955 0.0005318833547323759
difficult 0.00047058823529411766 1.0 0.00047058823529411766
task 0.00047058823529411766 1.5228787452803376 0.0007166488213083942
publish 0.00047058823529411766 0.07058107428570728 3.3214623193274014e-05
apr 0.00047058823529411766 0.5528419686577808 0.000260160926427191
comment 0.0018823529411764706 1.2254830342714507 0.0023067915939227308
served 0.002823529411764706 0.2676062401770315 0.0007555940899116184
director 0.0037647058823529413 0.5686362358410126 0.0021407481819896946
fbi 0.006588235294117647 1.0 0.006588235294117647
named 0.002352941176470588 0.494850021680094 0.0011643529921884564
investigate 0.00047058823529411766 1.6989700043360187 0.0007995152961581264
russian 0.0075294117647058826 2.3565473235138126 0.01774341514175106
interference 0.002352941176470588 1.3010299956639813 0.0030612470486211323
presidential 0.0042352941176470585 0.3665315444204135 0.0015523688940158689
election 0.0037647058823529413 0.44369749923271273 0.0016703905853466833
attended 0.0009411764705882353 0.5376020021010439 0.0005059783549186296
distinction 0.0009411764705882353 1.2218487496163564 0.0011499752937565706
vietnam 0.001411764705882353 0.9208187539523752 0.0012999794173445297
became 0.002352941176470588 0.07572071393811834 0.00017816638573674902
assistant 0.001411764705882353 0.8860566476931633 0.0012509035026256423
attorney 0.010352941176470589 2.0177287669604316 0.020889427234413883
northern 0.001411764705882353 1.3979400086720377 0.0019735623651840535
district 0.0032941176470588237 0.721246399047171 0.0023758704909789164
california 0.001411764705882353 0.5528419686577808 0.000780482779281573
next 0.0009411764705882353 0.07058107428570728 6.642924638654803e-05
two 0.0051764705882352945 0.11918640771920867 0.0006169649340759038
plus 0.00047058823529411766 1.0969100130080565 0.0005161929472979089
decade 0.00047058823529411766 0.638272163982407 0.0003003633712858386
also 0.0042352941176470585 0.0861861476162833 0.00036502368402190576
took 0.002823529411764706 0.28399665636520083 0.0008018729120899789
prominent 0.001411764705882353 0.7447274948966939 0.0010513799927953326
role 0.0009411764705882353 0.619788758288394 0.0005833305960361356
massachusetts 0.0009411764705882353 0.7695510786217261 0.0007242833681145658
department 0.0018823529411764706 0.7447274948966939 0.0014018399903937767
justice 0.0042352941176470585 0.5376020021010439 0.0022769025971338328
immediately 0.00047058823529411766 0.853871964321762 0.0004018221008572998
confronted 0.00047058823529411766 1.3979400086720377 0.0006578541217280178
attack 0.001411764705882353 0.7447274948966939 0.0010513799927953326
subsequently 0.0018823529411764706 0.7695510786217261 0.0014485667362291316
overhauled 0.00047058823529411766 2.0 0.0009411764705882353
bureau 0.001411764705882353 1.3010299956639813 0.0018367482291726796
meet 0.0009411764705882353 0.9208187539523752 0.0008666529448963532
demand 0.0009411764705882353 1.3010299956639813 0.001224498819448453
posed 0.00047058823529411766 1.5228787452803376 0.0007166488213083942
st 0.0009411764705882353 0.721246399047171 0.0006788201402796904
century 0.00047058823529411766 0.494850021680094 0.0002328705984376913
terrorist 0.0018823529411764706 1.0 0.0018823529411764706
activity 0.00047058823529411766 1.5228787452803376 0.0007166488213083942
left 0.00047058823529411766 0.2924298239020636 0.0001376140347774417
post 0.0032941176470588237 0.6989700043360189 0.0023024894260480623
returned 0.001411764705882353 0.5086383061657272 0.0007180776087045562
spotlight 0.0009411764705882353 0.7958800173440752 0.0007490635457356002
four 0.001411764705882353 0.28399665636520083 0.00040093645604498944
year 0.0032941176470588237 0.24995468798823245 0.0008233801486671187
later 0.0037647058823529413 0.09151498112135023 0.0003445269877509656
charge 0.004705882352941177 1.8794260687941502 0.008844357970796001
investigating 0.00047058823529411766 1.3010299956639813 0.0006122494097242265
possible 0.0018823529411764706 0.7695510786217261 0.0014485667362291316
tie 0.001411764705882353 0.9208187539523752 0.0012999794173445297
associate 0.0023529411764705885 2.4436974992327127 0.005749876468782854
president 0.010352941176470589 0.16749108729376372 0.0017340253743354363
xa 0.01647058823529412 0.17392519729917358 0.002864650308456977
donald 0.0018823529411764706 0.494850021680094 0.0009314823937507653
trump 0.016 0.5086383061657272 0.008138212898651636
early 0.002823529411764706 0.07572071393811834 0.00021379966288409885
swan 0.00047058823529411766 1.6989700043360187 0.0007995152961581264
iii 0.00047058823529411766 1.045757490560675 0.000492121172028553
born 0.0009411764705882353 0.09151498112135023 8.61317469377414e-05
city 0.00047058823529411766 0.3665315444204135 0.0001724854326684299
grew 0.00047058823529411766 0.494850021680094 0.0002328705984376913
outside 0.00047058823529411766 0.6989700043360189 0.0003289270608640089
philadelphia 0.00047058823529411766 1.045757490560675 0.000492121172028553
prestigious 0.00047058823529411766 1.1549019599857433 0.0005434832752874086
paul 0.001411764705882353 0.721246399047171 0.0010182302104195357
hampshire 0.00047058823529411766 1.045757490560675 0.000492121172028553
captained 0.00047058823529411766 2.0 0.0009411764705882353
soccer 0.00047058823529411766 1.3979400086720377 0.0006578541217280178
lacrosse 0.00047058823529411766 2.0 0.0009411764705882353
hockey 0.00047058823529411766 2.0 0.0009411764705882353
team 0.005647058823529412 2.318758762624413 0.013094167130114333
latter 0.00047058823529411766 1.045757490560675 0.000492121172028553
alongside 0.00047058823529411766 0.7695510786217261 0.0003621416840572829
secretary 0.001411764705882353 0.638272163982407 0.0009010901138575159
state 0.0023529411764705885 0.4930892744484819 0.0011602100575258398
john 0.001411764705882353 0.37675070960209955 0.0005318833547323759
kerry 0.00047058823529411766 1.2218487496163564 0.0005749876468782853
followed 0.0009411764705882353 0.5528419686577808 0.000520321852854382
father 0.00047058823529411766 0.14874165128092467 6.999607119102338e-05
graduating 0.00047058823529411766 0.5528419686577808 0.000260160926427191
bachelor 0.00047058823529411766 1.3010299956639813 0.0006122494097242265
politics 0.00047058823529411766 0.4685210829577449 0.0002204805096271741
earned 0.0009411764705882353 0.40893539297350084 0.0003848803698574126
master 0.00047058823529411766 0.853871964321762 0.0004018221008572998
international 0.00047058823529411766 0.40893539297350084 0.0001924401849287063
relation 0.00047058823529411766 0.7958800173440752 0.0003745317728678001
following 0.0018823529411764706 0.2518119729937996 0.00047399900798832865
receiving 0.00047058823529411766 0.619788758288394 0.0002916652980180678
bronze 0.00047058823529411766 1.6989700043360187 0.0007995152961581264
star 0.00047058823529411766 0.32790214206428253 0.0001543068903831918
navy 0.00047058823529411766 0.958607314841775 0.0004511093246314235
commendation 0.00047058823529411766 2.0 0.0009411764705882353
medal 0.00047058823529411766 1.6989700043360187 0.0007995152961581264
purple 0.00047058823529411766 1.5228787452803376 0.0007166488213083942
heart 0.00047058823529411766 0.5228787452803376 0.00024606058601427653
vietnamese 0.00047058823529411766 2.0 0.0009411764705882353
cross 0.00047058823529411766 1.3010299956639813 0.0006122494097242265
gallantry 0.00047058823529411766 2.0 0.0009411764705882353
officer 0.00047058823529411766 1.0969100130080565 0.0005161929472979089
marine 0.00047058823529411766 1.3010299956639813 0.0006122494097242265
corp 0.00047058823529411766 1.0969100130080565 0.0005161929472979089
returning 0.00047058823529411766 0.8860566476931633 0.0004169678342085474
stateside 0.00047058823529411766 1.6989700043360187 0.0007995152961581264
resumed 0.0009411764705882353 1.3010299956639813 0.001224498819448453
serving 0.002352941176470588 0.48148606012211254 0.0011329083767579117
review 0.0009411764705882353 1.045757490560675 0.000984242344057106
earning 0.00047058823529411766 0.6989700043360189 0.0003289270608640089
j 0.0018823529411764706 0.7958800173440752 0.0014981270914712003
criminal 0.002352941176470588 0.9208187539523752 0.0021666323622408826
unable 0.001411764705882353 1.0969100130080565 0.001548578841893727
achieve 0.00047058823529411766 1.5228787452803376 0.0007166488213083942
initial 0.00047058823529411766 0.8239087409443188 0.0003877217604443853
goal 0.001411764705882353 0.9208187539523752 0.0012999794173445297
position 0.00047058823529411766 0.619788758288394 0.0002916652980180678
united 0.0018823529411764706 0.18708664335714445 0.0003521630933781543
office 0.0028235294117647056 1.7166987712964505 0.00484714947189586
joined 0.0009411764705882353 0.4685210829577449 0.0004409610192543482
san 0.00047058823529411766 0.8860566476931633 0.0004169678342085474
francisco 0.00047058823529411766 1.3979400086720377 0.0006578541217280178
firm 0.0018823529411764706 0.6020599913279624 0.0011332893954408704
pillsbury 0.00047058823529411766 2.0 0.0009411764705882353
madison 0.00047058823529411766 1.0969100130080565 0.0005161929472979089
sutro 0.00047058823529411766 2.0 0.0009411764705882353
fulfilled 0.00047058823529411766 1.3010299956639813 0.0006122494097242265
becoming 0.00047058823529411766 0.3372421683184259 0.00015870219685572984
rising 0.0009411764705882353 0.8860566476931633 0.0008339356684170948
chief 0.0009411764705882353 0.5686362358410126 0.0005351870454974237
division 0.001411764705882353 1.2218487496163564 0.001724962940634856
acting 0.0018823529411764706 0.6777807052660807 0.0012758225040302696
boston 0.0009411764705882353 1.2218487496163564 0.0011499752937565706
hill 0.00047058823529411766 0.8860566476931633 0.0004169678342085474
barlow 0.00047058823529411766 2.0 0.0009411764705882353
spearhead 0.00047058823529411766 2.0 0.0009411764705882353
panamanian 0.00047058823529411766 2.0 0.0009411764705882353
dictator 0.00047058823529411766 1.2218487496163564 0.0005749876468782853
manuel 0.00047058823529411766 1.6989700043360187 0.0007995152961581264
noriega 0.00047058823529411766 2.0 0.0009411764705882353
doj 0.00047058823529411766 1.6989700043360187 0.0007995152961581264
oversaw 0.00047058823529411766 1.1549019599857433 0.0005434832752874086
lockerbie 0.00047058823529411766 1.6989700043360187 0.0007995152961581264
bombing 0.001411764705882353 3.221848749616356 0.004548492352399562
case 0.001411764705882353 1.4814860601221125 0.0020915097319371
formed 0.00047058823529411766 0.721246399047171 0.0003394100701398452
agency 0.00047058823529411766 1.0 0.00047058823529411766
first 0.004705882352941176 0.0655015487564323 0.0003082425823832108
cyber 0.00047058823529411766 2.0 0.0009411764705882353
dedicated 0.00047058823529411766 1.045757490560675 0.000492121172028553
unit 0.00047058823529411766 1.5228787452803376 0.0007166488213083942
private 0.0009411764705882353 0.6020599913279624 0.0005666446977204352
practice 0.00047058823529411766 0.9208187539523752 0.0004333264724481766
partner 0.00047058823529411766 0.8860566476931633 0.0004169678342085474
hale 0.00047058823529411766 2.0 0.0009411764705882353
dorr 0.00047058823529411766 2.0 0.0009411764705882353
known 0.002823529411764706 0.06048074738138145 0.00017076916907684175
wilmerhale 0.0009411764705882353 2.0 0.0018823529411764706
however 0.0018823529411764706 0.32790214206428253 0.0006172275615327671
blood 0.00047058823529411766 1.045757490560675 0.000492121172028553
lower 0.00047058823529411766 0.958607314841775 0.0004511093246314235
level 0.00047058823529411766 1.2218487496163564 0.0005749876468782853
job 0.002352941176470588 0.5686362358410126 0.001337967613743559
homicide 0.0009411764705882353 1.0969100130080565 0.0010323858945958178
columbia 0.00047058823529411766 0.8239087409443188 0.0003877217604443853
soon 0.0009411764705882353 0.40893539297350084 0.0003848803698574126
orthodox 0.00047058823529411766 1.6989700043360187 0.0007995152961581264
career 0.00047058823529411766 0.17392519729917358 8.184715167019934e-05
path 0.00047058823529411766 1.0 0.00047058823529411766
deputy 0.001411764705882353 0.9208187539523752 0.0012999794173445297
general 0.004705882352941176 0.4559319556497244 0.002145562144233997
george 0.0009411764705882353 0.4685210829577449 0.0004409610192543482
w 0.00047058823529411766 0.6989700043360189 0.0003289270608640089
bush 0.001411764705882353 0.7447274948966939 0.0010513799927953326
administration 0.001411764705882353 0.6575773191777938 0.0009283444506039442
july 0.001411764705882353 0.37675070960209955 0.0005318833547323759
nominated 0.00047058823529411766 0.853871964321762 0.0004018221008572998
replace 0.00047058823529411766 1.0969100130080565 0.0005161929472979089
outgoing 0.00047058823529411766 1.3979400086720377 0.0006578541217280178
louis 0.00047058823529411766 1.0969100130080565 0.0005161929472979089
freeh 0.00047058823529411766 2.0 0.0009411764705882353
unanimously 0.0009411764705882353 1.5228787452803376 0.0014332976426167884
approved 0.0009411764705882353 1.045757490560675 0.000984242344057106
senate 0.0018823529411764706 0.5686362358410126 0.0010703740909948473
officially 0.00047058823529411766 0.6989700043360189 0.0003289270608640089
sixth 0.00047058823529411766 1.1549019599857433 0.0005434832752874086
september 0.0018823529411764706 0.5086383061657272 0.0009574368116060749
one 0.0009411764705882353 0.08092190762392613 7.6161795410754e-05
week 0.0009411764705882353 1.5654310959658013 0.001473346913850166
month 0.002823529411764706 1.016824927962187 0.0028710350907167636
acknowledged 0.00047058823529411766 1.2218487496163564 0.0005749876468782853
might 0.00047058823529411766 0.853871964321762 0.0004018221008572998
prevented 0.00047058823529411766 1.0969100130080565 0.0005161929472979089
headquarters 0.00047058823529411766 1.2218487496163564 0.0005749876468782853
tip 0.00047058823529411766 2.0 0.0009411764705882353
field 0.00047058823529411766 1.0 0.00047058823529411766
set 0.0009411764705882353 0.494850021680094 0.0004657411968753826
dramatically 0.00047058823529411766 1.3979400086720377 0.0006578541217280178
reorganizing 0.00047058823529411766 1.6989700043360187 0.0007995152961581264
uprooting 0.00047058823529411766 2.0 0.0009411764705882353
domestic 0.0009411764705882353 1.045757490560675 0.000984242344057106
fighting 0.00047058823529411766 0.7958800173440752 0.0003745317728678001
install 0.00047058823529411766 2.0 0.0009411764705882353
high 0.001411764705882353 0.27572413039921095 0.0003892575958577096
tech 0.00047058823529411766 1.5228787452803376 0.0007166488213083942
global 0.00047058823529411766 0.8239087409443188 0.0003877217604443853
operation 0.00047058823529411766 0.958607314841775 0.0004511093246314235
designed 0.00047058823529411766 1.3979400086720377 0.0006578541217280178
head 0.00047058823529411766 0.5228787452803376 0.00024606058601427653
threat 0.00047058823529411766 1.0969100130080565 0.0005161929472979089
pressed 0.00047058823529411766 2.0 0.0009411764705882353
expanded 0.00047058823529411766 0.9208187539523752 0.0004333264724481766
surveillance 0.00047058823529411766 1.3979400086720377 0.0006578541217280178
power 0.0009411764705882353 1.6925039620867872 0.001592944905493447
nearly 0.00047058823529411766 0.721246399047171 0.0003394100701398452
quit 0.00047058823529411766 1.1549019599857433 0.0005434832752874086
viewed 0.0009411764705882353 1.3010299956639813 0.001224498819448453
abuse 0.0009411764705882353 0.958607314841775 0.000902218649262847
ashcroft 0.0009411764705882353 2.0 0.0018823529411764706
hospitalized 0.00047058823529411766 1.0969100130080565 0.0005161929472979089
official 0.0018823529411764706 1.767003889607846 0.0033261249686735925
attempted 0.0009411764705882353 1.045757490560675 0.000984242344057106
override 0.00047058823529411766 2.0 0.0009411764705882353
james 0.00047058823529411766 0.6020599913279624 0.0002833223488602176
comey 0.0018823529411764706 1.6989700043360187 0.0031980611846325058
gain 0.00047058823529411766 0.958607314841775 0.0004511093246314235
extension 0.0009411764705882353 2.0 0.0018823529411764706
illegal 0.00047058823529411766 1.0969100130080565 0.0005161929472979089
wiretapping 0.00047058823529411766 1.3979400086720377 0.0006578541217280178
program 0.00047058823529411766 0.5528419686577808 0.000260160926427191
intended 0.0009411764705882353 1.0 0.0009411764705882353
resign 0.0009411764705882353 1.0 0.0009411764705882353
cooling 0.00047058823529411766 2.0 0.0009411764705882353
compromise 0.00047058823529411766 1.3010299956639813 0.0006122494097242265
reached 0.00047058823529411766 0.721246399047171 0.0003394100701398452
lauded 0.00047058823529411766 1.5228787452803376 0.0007166488213083942
success 0.00047058823529411766 0.431798275933005 0.00020319918867435532
modernizing 0.00047058823529411766 2.0 0.0009411764705882353
accepted 0.0009411764705882353 0.619788758288394 0.0005833305960361356
barack 0.00047058823529411766 0.3872161432802645 0.00018221936154365389
obama 0.00047058823529411766 0.37675070960209955 0.00017729445157745863
offer 0.00047058823529411766 1.2218487496163564 0.0005749876468782853
remain 0.00047058823529411766 0.853871964321762 0.0004018221008572998
additional 0.00047058823529411766 0.853871964321762 0.0004018221008572998
confirmed 0.00047058823529411766 0.8860566476931633 0.0004169678342085474
shortly 0.002352941176470588 0.585026652029182 0.0013765332988921928
conclusion 0.0009411764705882353 3.6989700043360187 0.0034813835334927237
faced 0.001411764705882353 0.7695510786217261 0.0010864250521718487
another 0.001411764705882353 0.40893539297350084 0.0005773205547861188
event 0.00047058823529411766 0.721246399047171 0.0003394100701398452
marathon 0.00047058823529411766 1.3979400086720377 0.0006578541217280178
april 0.002352941176470588 0.1549019599857432 0.00036447519996645454
revealed 0.0018823529411764706 0.5086383061657272 0.0009574368116060749
previously 0.00047058823529411766 0.7695510786217261 0.0003621416840572829
investigated 0.00047058823529411766 1.5228787452803376 0.0007166488213083942
older 0.00047058823529411766 0.721246399047171 0.0003394100701398452
brother 0.0009411764705882353 1.2907300390241692 0.0012148047426109828
involved 0.00047058823529411766 0.4559319556497244 0.00021455621442339971
though 0.0018823529411764706 0.3665315444204135 0.0006899417306737196
make 0.00047058823529411766 0.3872161432802645 0.00018221936154365389
arrest 0.00047058823529411766 0.8860566476931633 0.0004169678342085474
part 0.001411764705882353 0.3372421683184259 0.00047610659056718956
due 0.00047058823529411766 0.6777807052660807 0.0003189556260075674
lack 0.0009411764705882353 1.1549019599857433 0.0010869665505748173
cooperation 0.00047058823529411766 1.3010299956639813 0.0006122494097242265
provide 0.00047058823529411766 0.958607314841775 0.0004511093246314235
evidence 0.002823529411764706 1.0 0.002823529411764706
stepping 0.00047058823529411766 1.5228787452803376 0.0007166488213083942
longest 0.001411764705882353 0.958607314841775 0.0013533279738942707
since 0.00047058823529411766 0.3372421683184259 0.00015870219685572984
edgar 0.00047058823529411766 1.5228787452803376 0.0007166488213083942
hoover 0.00047058823529411766 1.5228787452803376 0.0007166488213083942
teaching 0.00047058823529411766 1.1549019599857433 0.0005434832752874086
stanford 0.00047058823529411766 1.3979400086720377 0.0006578541217280178
rejoined 0.00047058823529411766 1.5228787452803376 0.0007166488213083942
old 0.00047058823529411766 0.28399665636520083 0.0001336454853483298
important 0.00047058823529411766 0.8860566476931633 0.0004169678342085474
including 0.001411764705882353 0.2365720064370627 0.0003339840090876179
investigation 0.007058823529411765 0.958607314841775 0.006766639869471353
nfl 0.00047058823529411766 1.5228787452803376 0.0007166488213083942
controversial 0.00047058823529411766 0.721246399047171 0.0003394100701398452
suspension 0.00047058823529411766 1.3010299956639813 0.0006122494097242265
player 0.00047058823529411766 0.958607314841775 0.0004511093246314235
ray 0.00047058823529411766 1.0969100130080565 0.0005161929472979089
rice 0.00047058823529411766 1.3010299956639813 0.0006122494097242265
russia 0.002352941176470588 0.853871964321762 0.0020091105042864986
longtime 0.001411764705882353 0.7447274948966939 0.0010513799927953326
prosecutor 0.001411764705882353 2.677780705266081 0.0037803962897874086
may 0.0009411764705882353 0.3098039199714864 0.0002915801599731637
oversee 0.00047058823529411766 1.5228787452803376 0.0007166488213083942
appointment 0.0009411764705882353 0.958607314841775 0.000902218649262847
drew 0.0009411764705882353 0.8239087409443188 0.0007754435208887706
praise 0.00047058823529411766 1.0969100130080565 0.0005161929472979089
side 0.00047058823529411766 0.9208187539523752 0.0004333264724481766
aisle 0.00047058823529411766 1.2218487496163564 0.0005749876468782853
october 0.0009411764705882353 0.37675070960209955 0.00035458890315491725
federal 0.001411764705882353 0.6020599913279624 0.0008499670465806528
grand 0.002352941176470588 1.3979400086720377 0.0032892706086400884
jury 0.002352941176470588 0.853871964321762 0.0020091105042864986
former 0.0018823529411764706 0.27572413039921095 0.0005190101278102795
campaign 0.0037647058823529413 0.3872161432802645 0.001457754892349231
chairman 0.0009411764705882353 2.585026652029182 0.0024329662607333476
manafort 0.0042352941176470585 1.5228787452803376 0.006449839391775547
rick 0.00047058823529411766 1.2218487496163564 0.0005749876468782853
gate 0.0009411764705882353 1.5228787452803376 0.0014332976426167884
indicted 0.001411764705882353 1.3979400086720377 0.0019735623651840535
series 0.00047058823529411766 0.37675070960209955 0.00017729445157745863
tax 0.00047058823529411766 0.7958800173440752 0.0003745317728678001
fraud 0.00047058823529411766 1.045757490560675 0.000492121172028553
money 0.0009411764705882353 0.6575773191777938 0.0006188963004026295
laundering 0.00047058823529411766 1.5228787452803376 0.0007166488213083942
foreign 0.001411764705882353 0.7447274948966939 0.0010513799927953326
lobbying 0.0009411764705882353 1.6989700043360187 0.0015990305923162529
violation 0.00047058823529411766 1.3010299956639813 0.0006122494097242265
day 0.0032941176470588237 0.7013652168755644 0.002310379537943036
brought 0.0009411764705882353 0.619788758288394 0.0005833305960361356
news 0.002352941176470588 0.585026652029182 0.0013765332988921928
papadopoulos 0.00047058823529411766 2.0 0.0009411764705882353
adviser 0.001411764705882353 0.7447274948966939 0.0010513799927953326
pleaded 0.001411764705882353 1.1549019599857433 0.001630449825862226
guilty 0.001411764705882353 0.7958800173440752 0.0011235953186034004
lying 0.001411764705882353 1.5228787452803376 0.002149946463925183
revelation 0.001411764705882353 1.5228787452803376 0.002149946463925183
revived 0.0009411764705882353 1.3979400086720377 0.0013157082434560356
talk 0.00047058823529411766 0.6989700043360189 0.0003289270608640089
potentially 0.00047058823529411766 1.3979400086720377 0.0006578541217280178
cutting 0.00047058823529411766 1.3010299956639813 0.0006122494097242265
budget 0.00047058823529411766 0.958607314841775 0.0004511093246314235
even 0.0009411764705882353 0.3665315444204135 0.0003449708653368598
firing 0.001411764705882353 3.3010299956639813 0.004660277640937386
several 0.00047058823529411766 0.32790214206428253 0.0001543068903831918
white 0.002352941176470588 0.3872161432802645 0.0009110968077182694
house 0.0042352941176470585 0.32790214206428253 0.0013887620134487258
aide 0.00047058823529411766 1.3010299956639813 0.0006122494097242265
republican 0.00047058823529411766 0.9208187539523752 0.0004333264724481766
rejected 0.0009411764705882353 1.1549019599857433 0.0010869665505748173
idea 0.00047058823529411766 0.8239087409443188 0.0003877217604443853
legal 0.0009411764705882353 0.5086383061657272 0.00047871840580303743
process 0.00047058823529411766 0.7958800173440752 0.0003745317728678001
working 0.00047058823529411766 0.35654732351381263 0.00016778697577120595
let 0.0009411764705882353 0.6777807052660807 0.0006379112520151348
work 0.0009411764705882353 0.2218487496163564 0.00020879882316833545
said 0.004705882352941176 0.2518119729937996 0.0011849975199708215
south 0.00047058823529411766 0.40893539297350084 0.0001924401849287063
carolina 0.00047058823529411766 0.7958800173440752 0.0003745317728678001
senator 0.0018823529411764706 1.5228787452803376 0.0028665952852335768
lindsey 0.00047058823529411766 1.6989700043360187 0.0007995152961581264
graham 0.00047058823529411766 1.3010299956639813 0.0006122494097242265
ditch 0.00047058823529411766 1.5228787452803376 0.0007166488213083942
something 0.0009411764705882353 0.07058107428570728 6.642924638654803e-05
happens 0.00047058823529411766 1.3010299956639813 0.0006122494097242265
november 0.0009411764705882353 0.24412514432750856 0.00022976484172000807
surfaced 0.001411764705882353 1.045757490560675 0.0014763635160856589
gathered 0.00047058823529411766 1.3010299956639813 0.0006122494097242265
enough 0.0009411764705882353 0.6575773191777938 0.0006188963004026295
bring 0.00047058823529411766 0.7447274948966939 0.0003504599975984442
national 0.0009411764705882353 2.0 0.0018823529411764706
security 0.0009411764705882353 0.853871964321762 0.0008036442017145996
michael 0.001411764705882353 0.494850021680094 0.000698611795313074
flynn 0.0037647058823529413 1.5228787452803376 0.0057331905704671535
son 0.0009411764705882353 0.28399665636520083 0.0002672909706966596
according 0.0018823529411764706 0.638272163982407 0.0012014534851433544
report 0.00988235294117647 1.593459819566045 0.015747132334535032
investigator 0.0018823529411764706 1.5228787452803376 0.0028665952852335768
examining 0.0009411764705882353 1.6989700043360187 0.0015990305923162529
well 0.0009411764705882353 0.20065945054641826 0.00018885595345545248
involvement 0.00047058823529411766 0.958607314841775 0.0004511093246314235
attempt 0.001411764705882353 0.7958800173440752 0.0011235953186034004
arrange 0.00047058823529411766 1.5228787452803376 0.0007166488213083942
removal 0.00047058823529411766 1.5228787452803376 0.0007166488213083942
opponent 0.00047058823529411766 0.958607314841775 0.0004511093246314235
turkish 0.00047058823529411766 1.6989700043360187 0.0007995152961581264
recep 0.00047058823529411766 1.6989700043360187 0.0007995152961581264
erdogan 0.00047058823529411766 1.6989700043360187 0.0007995152961581264
home 0.00047058823529411766 0.31875876262441283 0.00015000412358795898
send 0.00047058823529411766 1.5228787452803376 0.0007166488213083942
back 0.002352941176470588 0.4202164033831899 0.000988744478548682
turkey 0.00047058823529411766 1.3979400086720377 0.0006578541217280178
afterward 0.00047058823529411766 0.853871964321762 0.0004018221008572998
wall 0.00047058823529411766 0.5528419686577808 0.000260160926427191
street 0.00047058823529411766 0.8239087409443188 0.0003877217604443853
journal 0.00047058823529411766 1.3010299956639813 0.0006122494097242265
issued 0.0009411764705882353 1.045757490560675 0.000984242344057106
subpoena 0.0032941176470588232 3.5228787452803374 0.011604777043276405
dozen 0.0009411764705882353 1.3010299956639813 0.001224498819448453
move 0.00047058823529411766 0.721246399047171 0.0003394100701398452
caught 0.00047058823529411766 1.1549019599857433 0.0005434832752874086
guard 0.00047058823529411766 0.9208187539523752 0.0004333264724481766
none 0.00047058823529411766 1.5228787452803376 0.0007166488213083942
received 0.00047058823529411766 0.28399665636520083 0.0001336454853483298
compelled 0.00047058823529411766 1.3979400086720377 0.0006578541217280178
testify 0.001411764705882353 1.5228787452803376 0.002149946463925183
plea 0.002352941176470588 1.6989700043360187 0.003997576480790632
deal 0.002352941176470588 0.5528419686577808 0.0013008046321359547
increased 0.0009411764705882353 0.9208187539523752 0.0008666529448963532
pressure 0.0009411764705882353 0.9208187539523752 0.0008666529448963532
december 0.001411764705882353 0.40893539297350084 0.0005773205547861188
conversation 0.00047058823529411766 1.3010299956639813 0.0006122494097242265
ambassador 0.00047058823529411766 0.8239087409443188 0.0003877217604443853
formally 0.00047058823529411766 1.0969100130080565 0.0005161929472979089
additionally 0.0009411764705882353 0.9208187539523752 0.0008666529448963532
instruction 0.00047058823529411766 1.5228787452803376 0.0007166488213083942
x 0.0009411764705882353 0.4559319556497244 0.00042911242884679943
c 0.001411764705882353 0.35654732351381263 0.0005033609273136178
senior 0.00047058823529411766 1.0 0.00047058823529411766
member 0.0023529411764705885 0.8386319977650252 0.001973251759447118
transition 0.0009411764705882353 1.0969100130080565 0.0010323858945958178
seemingly 0.0009411764705882353 1.2218487496163564 0.0011499752937565706
closer 0.00047058823529411766 1.2218487496163564 0.0005749876468782853
inner 0.00047058823529411766 1.5228787452803376 0.0007166488213083942
circle 0.00047058823529411766 1.3979400086720377 0.0006578541217280178
accusation 0.00047058823529411766 1.1549019599857433 0.0005434832752874086
biased 0.00047058823529411766 1.6989700043360187 0.0007995152961581264
agent 0.00047058823529411766 1.3010299956639813 0.0006122494097242265
assigned 0.00047058823529411766 1.1549019599857433 0.0005434832752874086
probe 0.0018823529411764706 1.5228787452803376 0.0028665952852335768
shared 0.00047058823529411766 0.7695510786217261 0.0003621416840572829
text 0.0009411764705882353 3.6989700043360187 0.0034813835334927237
message 0.00047058823529411766 1.5228787452803376 0.0007166488213083942
mocked 0.00047058823529411766 1.6989700043360187 0.0007995152961581264
insulted 0.00047058823529411766 2.0 0.0009411764705882353
made 0.00047058823529411766 0.1804560644581313 8.492050092147356e-05
available 0.0009411764705882353 1.3010299956639813 0.001224498819448453
lawmaker 0.001411764705882353 1.2218487496163564 0.001724962940634856
prompted 0.00047058823529411766 1.2218487496163564 0.0005749876468782853
call 0.00047058823529411766 1.2218487496163564 0.0005749876468782853
either 0.00047058823529411766 1.1549019599857433 0.0005434832752874086
revamp 0.00047058823529411766 1.5228787452803376 0.0007166488213083942
investigative 0.00047058823529411766 2.0 0.0009411764705882353
step 0.00047058823529411766 0.7958800173440752 0.0003745317728678001
letter 0.0009411764705882353 1.0969100130080565 0.0010323858945958178
lawyer 0.0018823529411764706 0.48148606012211254 0.0009063267014063296
accused 0.00047058823529411766 0.8239087409443188 0.0003877217604443853
illegally 0.00047058823529411766 1.6989700043360187 0.0007995152961581264
obtaining 0.00047058823529411766 1.6989700043360187 0.0007995152961581264
using 0.00047058823529411766 0.7958800173440752 0.0003745317728678001
email 0.00047058823529411766 1.3979400086720377 0.0006578541217280178
generated 0.00047058823529411766 1.3979400086720377 0.0006578541217280178
heightened 0.00047058823529411766 1.5228787452803376 0.0007166488213083942
tension 0.00047058823529411766 1.3010299956639813 0.0006122494097242265
fueled 0.00047058823529411766 1.3979400086720377 0.0006578541217280178
speculation 0.00047058823529411766 1.045757490560675 0.000492121172028553
would 0.002352941176470588 0.2291479883578558 0.0005391717373126018
find 0.00047058823529411766 0.7958800173440752 0.0003745317728678001
way 0.0009411764705882353 0.431798275933005 0.00040639837734871064
dismissed 0.00047058823529411766 1.3979400086720377 0.0006578541217280178
spokespeople 0.00047058823529411766 2.0 0.0009411764705882353
remained 0.0009411764705882353 0.585026652029182 0.0005506133195568772
publicly 0.00047058823529411766 0.619788758288394 0.0002916652980180678
committed 0.001411764705882353 0.9208187539523752 0.0012999794173445297
cooperating 0.0009411764705882353 1.6989700043360187 0.0015990305923162529
complication 0.00047058823529411766 1.3010299956639813 0.0006122494097242265
arose 0.00047058823529411766 2.0 0.0009411764705882353
january 0.0018823529411764706 0.2676062401770315 0.0005037293932744122
filed 0.0009411764705882353 0.7958800173440752 0.0007490635457356002
lawsuit 0.00047058823529411766 0.853871964321762 0.0004018221008572998
alleging 0.00047058823529411766 1.3979400086720377 0.0006578541217280178
overstepped 0.00047058823529411766 2.0 0.0009411764705882353
bound 0.0009411764705882353 3.3979400086720375 0.0031980611846325058
charging 0.0009411764705882353 1.6989700043360187 0.0015990305923162529
conduct 0.0009411764705882353 1.0969100130080565 0.0010323858945958178
unrelated 0.00047058823529411766 2.0 0.0009411764705882353
breaching 0.00047058823529411766 1.6989700043360187 0.0007995152961581264
start 0.00047058823529411766 0.7695510786217261 0.0003621416840572829
seemed 0.00047058823529411766 0.9208187539523752 0.0004333264724481766
zeroing 0.00047058823529411766 2.0 0.0009411764705882353
mid 0.00047058823529411766 0.585026652029182 0.0002753066597784386
interviewed 0.00047058823529411766 1.3979400086720377 0.0006578541217280178
jeff 0.00047058823529411766 1.6989700043360187 0.0007995152961581264
session 0.0009411764705882353 1.2218487496163564 0.0011499752937565706
cabinet 0.00047058823529411766 0.958607314841775 0.0004511093246314235
submit 0.00047058823529411766 1.3979400086720377 0.0006578541217280178
questioning 0.0009411764705882353 1.3979400086720377 0.0013157082434560356
washington 0.00047058823529411766 0.3979400086720376 0.00018726588643390004
reported 0.0018823529411764706 0.7447274948966939 0.0014018399903937767
aiming 0.00047058823529411766 1.6989700043360187 0.0007995152961581264
sit 0.00047058823529411766 0.958607314841775 0.0004511093246314235
coming 0.00047058823529411766 0.8239087409443188 0.0003877217604443853
inquire 0.00047058823529411766 1.6989700043360187 0.0007995152961581264
decision 0.0009411764705882353 1.9829666607012197 0.0018663215630129128
dismiss 0.00047058823529411766 2.0 0.0009411764705882353
expressed 0.00047058823529411766 0.8239087409443188 0.0003877217604443853
willingness 0.00047058823529411766 1.1549019599857433 0.0005434832752874086
clear 0.00047058823529411766 0.9208187539523752 0.0004333264724481766
looking 0.0009411764705882353 0.853871964321762 0.0008036442017145996
forward 0.00047058823529411766 0.7695510786217261 0.0003621416840572829
actually 0.00047058823529411766 1.045757490560675 0.000492121172028553
sought 0.00047058823529411766 0.721246399047171 0.0003394100701398452
fired 0.001411764705882353 1.045757490560675 0.0014763635160856589
previous 0.00047058823529411766 1.1549019599857433 0.0005434832752874086
june 0.0018823529411764706 0.28399665636520083 0.0005345819413933192
backing 0.00047058823529411766 1.5228787452803376 0.0007166488213083942
f 0.0009411764705882353 0.721246399047171 0.0006788201402796904
mcgahn 0.00047058823529411766 2.0 0.0009411764705882353
threatened 0.00047058823529411766 0.958607314841775 0.0004511093246314235
protest 0.00047058823529411766 0.7447274948966939 0.0003504599975984442
result 0.00047058823529411766 0.7695510786217261 0.0003621416840572829
democratic 0.0009411764705882353 0.3872161432802645 0.00036443872308730777
leader 0.0009411764705882353 0.48148606012211254 0.0004531633507031648
congress 0.0018823529411764706 0.4202164033831899 0.0007909955828389457
pas 0.00047058823529411766 1.1549019599857433 0.0005434832752874086
legislation 0.0009411764705882353 0.8239087409443188 0.0007754435208887706
protect 0.00047058823529411766 0.721246399047171 0.0003394100701398452
read 0.00047058823529411766 0.0655015487564323 3.082425823832108e-05
bella 0.00047058823529411766 0.0655015487564323 3.082425823832108e-05
hadid 0.00047058823529411766 0.0655015487564323 3.082425823832108e-05
sadie 0.00047058823529411766 0.06048074738138145 2.8461528179473625e-05
alexander 0.00047058823529411766 0.05551732784983141 2.6125801341097135e-05
adrienne 0.00047058823529411766 0.0655015487564323 3.082425823832108e-05
kennedy 0.0018823529411764706 0.06048074738138145 0.0001138461127178945
indictment 0.0018823529411764706 1.5228787452803376 0.0028665952852335768
announced 0.001411764705882353 0.40893539297350084 0.0005773205547861188
three 0.00047058823529411766 0.2076083105017461 9.769802847140993e-05
entity 0.00047058823529411766 2.0 0.0009411764705882353
interfering 0.00047058823529411766 1.6989700043360187 0.0007995152961581264
conspiracy 0.0009411764705882353 1.5228787452803376 0.0014332976426167884
defraud 0.00047058823529411766 1.6989700043360187 0.0007995152961581264
defendant 0.00047058823529411766 2.0 0.0009411764705882353
allegedly 0.00047058823529411766 0.853871964321762 0.0004018221008572998
created 0.00047058823529411766 0.721246399047171 0.0003394100701398452
false 0.0009411764705882353 1.3979400086720377 0.0013157082434560356
persona 0.00047058823529411766 2.0 0.0009411764705882353
operated 0.00047058823529411766 1.5228787452803376 0.0007166488213083942
social 0.00047058823529411766 0.5228787452803376 0.00024606058601427653
medium 0.00047058823529411766 0.5086383061657272 0.00023935920290151872
group 0.0009411764705882353 1.2306226739238615 0.0011582331048695168
attract 0.00047058823529411766 1.5228787452803376 0.0007166488213083942
american 0.0018823529411764706 0.1023729087095586 0.00019270194580622797
audience 0.00047058823529411766 1.1549019599857433 0.0005434832752874086
strategic 0.00047058823529411766 1.2218487496163564 0.0005749876468782853
sow 0.00047058823529411766 2.0 0.0009411764705882353
discord 0.00047058823529411766 2.0 0.0009411764705882353
political 0.001411764705882353 0.3098039199714864 0.0004373702399597455
system 0.00047058823529411766 0.7958800173440752 0.0003745317728678001
notable 0.00047058823529411766 1.045757490560675 0.000492121172028553
allegation 0.00047058823529411766 1.0969100130080565 0.0005161929472979089
knowingly 0.00047058823529411766 2.0 0.0009411764705882353
participated 0.00047058823529411766 1.1549019599857433 0.0005434832752874086
outcome 0.0009411764705882353 1.3979400086720377 0.0013157082434560356
vindication 0.00047058823529411766 2.0 0.0009411764705882353
released 0.0009411764705882353 0.3010299956639812 0.0002833223488602176
statement 0.0009411764705882353 1.8601209135987635 0.0017507020363282482
glad 0.00047058823529411766 2.0 0.0009411764705882353
see 0.001411764705882353 0.04575749056067514 6.459881020330609e-05
indicates 0.00047058823529411766 2.0 0.0009411764705882353
collusion 0.00047058823529411766 1.6989700043360187 0.0007995152961581264
changed 0.00047058823529411766 0.6989700043360189 0.0003289270608640089
affected 0.00047058823529411766 1.045757490560675 0.000492121172028553
march 0.0018823529411764706 0.27572413039921095 0.0005190101278102795
gathering 0.00047058823529411766 1.1549019599857433 0.0005434832752874086
show 0.00047058823529411766 0.494850021680094 0.0002328705984376913
meeting 0.0018823529411764706 0.8860566476931633 0.0016678713368341897
seychelles 0.00047058823529411766 2.0 0.0009411764705882353
inauguration 0.00047058823529411766 1.0 0.00047058823529411766
effort 0.0009411764705882353 1.391473966422806 0.0013096225566332292
establish 0.0009411764705882353 1.0969100130080565 0.0010323858945958178
channel 0.00047058823529411766 1.3979400086720377 0.0006578541217280178
company 0.00047058823529411766 0.494850021680094 0.0002328705984376913
founder 0.00047058823529411766 0.7958800173440752 0.0003745317728678001
erik 0.00047058823529411766 2.0 0.0009411764705882353
prince 0.0009411764705882353 0.6989700043360189 0.0006578541217280178
supposedly 0.00047058823529411766 2.0 0.0009411764705882353
chance 0.00047058823529411766 0.853871964321762 0.0004018221008572998
encounter 0.00047058823529411766 1.5228787452803376 0.0007166488213083942
businessman 0.00047058823529411766 0.958607314841775 0.0004511093246314235
contradicted 0.00047058823529411766 2.0 0.0009411764705882353
claim 0.00047058823529411766 1.045757490560675 0.000492121172028553
testimony 0.002352941176470588 1.3979400086720377 0.0032892706086400884
saying 0.00047058823529411766 0.7958800173440752 0.0003745317728678001
deliberately 0.00047058823529411766 2.0 0.0009411764705882353
forge 0.00047058823529411766 1.3979400086720377 0.0006578541217280178
line 0.00047058823529411766 0.853871964321762 0.0004018221008572998
communication 0.00047058823529411766 1.3010299956639813 0.0006122494097242265
kremlin 0.00047058823529411766 1.6989700043360187 0.0007995152961581264
around 0.0009411764705882353 0.4559319556497244 0.00042911242884679943
time 0.0023529411764705885 0.4791236183116582 0.0011273496901450782
muller 0.00047058823529411766 2.0 0.0009411764705882353
subpoenaed 0.00047058823529411766 1.6989700043360187 0.0007995152961581264
organization 0.00047058823529411766 0.6777807052660807 0.0003189556260075674
turn 0.00047058823529411766 0.7958800173440752 0.0003745317728678001
document 0.00047058823529411766 1.0969100130080565 0.0005161929472979089
pertained 0.00047058823529411766 2.0 0.0009411764705882353
speculated 0.00047058823529411766 1.6989700043360187 0.0007995152961581264
broadening 0.00047058823529411766 2.0 0.0009411764705882353
inquiry 0.00047058823529411766 1.6989700043360187 0.0007995152961581264
fund 0.00047058823529411766 1.0969100130080565 0.0005161929472979089
interest 0.0009411764705882353 1.8664610916297826 0.0017566692627103836
sentencing 0.00047058823529411766 1.5228787452803376 0.0007166488213083942
dutch 0.00047058823529411766 1.6989700043360187 0.0007995152961581264
alex 0.00047058823529411766 1.5228787452803376 0.0007166488213083942
van 0.0009411764705882353 1.3010299956639813 0.001224498819448453
der 0.0009411764705882353 1.6989700043360187 0.0015990305923162529
zwaan 0.0009411764705882353 2.0 0.0018823529411764706
person 0.004705882352941176 0.05060999335508724 0.00023816467461217525
face 0.001411764705882353 0.7958800173440752 0.0011235953186034004
punishment 0.00047058823529411766 1.2218487496163564 0.0005749876468782853
drawing 0.00047058823529411766 1.0969100130080565 0.0005161929472979089
prison 0.00047058823529411766 0.6020599913279624 0.0002833223488602176
sentence 0.0009411764705882353 0.8239087409443188 0.0007754435208887706
fine 0.00047058823529411766 1.3979400086720377 0.0006578541217280178
lied 0.00047058823529411766 1.6989700043360187 0.0007995152961581264
individual 0.001411764705882353 1.9208187539523753 0.002711744123226883
intelligence 0.0009411764705882353 0.958607314841775 0.000902218649262847
meanwhile 0.00047058823529411766 1.0969100130080565 0.0005161929472979089
informed 0.00047058823529411766 1.5228787452803376 0.0007166488213083942
considered 0.00047058823529411766 0.721246399047171 0.0003394100701398452
target 0.00047058823529411766 1.045757490560675 0.000492121172028553
continued 0.00047058823529411766 0.3372421683184259 0.00015870219685572984
pursuing 0.0009411764705882353 1.0969100130080565 0.0010323858945958178
interview 0.001411764705882353 0.585026652029182 0.0008259199793353159
considering 0.0009411764705882353 1.5228787452803376 0.0014332976426167884
issuing 0.00047058823529411766 1.6989700043360187 0.0007995152961581264
finding 0.00047058823529411766 1.5228787452803376 0.0007166488213083942
stage 0.00047058823529411766 1.6989700043360187 0.0007995152961581264
focused 0.00047058823529411766 0.6989700043360189 0.0003289270608640089
action 0.00047058823529411766 0.6777807052660807 0.0003189556260075674
whether 0.0009411764705882353 0.8860566476931633 0.0008339356684170948
obstruct 0.00047058823529411766 2.0 0.0009411764705882353
executed 0.00047058823529411766 1.5228787452803376 0.0007166488213083942
search 0.00047058823529411766 1.2218487496163564 0.0005749876468782853
warrant 0.00047058823529411766 1.6989700043360187 0.0007995152961581264
manhattan 0.00047058823529411766 1.1549019599857433 0.0005434832752874086
hotel 0.00047058823529411766 1.045757490560675 0.000492121172028553
room 0.00047058823529411766 0.8860566476931633 0.0004169678342085474
cohen 0.0009411764705882353 1.5228787452803376 0.0014332976426167884
believed 0.00047058823529411766 0.6020599913279624 0.0002833223488602176
referral 0.00047058823529411766 2.0 0.0009411764705882353
rod 0.00047058823529411766 1.6989700043360187 0.0007995152961581264
rosenstein 0.0009411764705882353 1.6989700043360187 0.0015990305923162529
appointed 0.00047058823529411766 0.6777807052660807 0.0003189556260075674
shut 0.00047058823529411766 0.958607314841775 0.0004511093246314235
learning 0.00047058823529411766 0.958607314841775 0.0004511093246314235
round 0.00047058823529411766 1.2218487496163564 0.0005749876468782853
inaccurate 0.00047058823529411766 1.5228787452803376 0.0007166488213083942
rattled 0.00047058823529411766 2.0 0.0009411764705882353
prompting 0.00047058823529411766 1.2218487496163564 0.0005749876468782853
bi 0.00047058823529411766 2.0 0.0009411764705882353
partisan 0.00047058823529411766 1.5228787452803376 0.0007166488213083942
cobble 0.00047058823529411766 2.0 0.0009411764705882353
together 0.00047058823529411766 0.431798275933005 0.00020319918867435532
give 0.00047058823529411766 0.721246399047171 0.0003394100701398452
window 0.00047058823529411766 1.3010299956639813 0.0006122494097242265
could 0.001411764705882353 0.4202164033831899 0.0005932466871292093
seek 0.00047058823529411766 1.045757490560675 0.000492121172028553
expedited 0.00047058823529411766 2.0 0.0009411764705882353
judicial 0.00047058823529411766 1.1549019599857433 0.0005434832752874086
dismissal 0.00047058823529411766 1.3979400086720377 0.0006578541217280178
obtained 0.00047058823529411766 1.5228787452803376 0.0007166488213083942
published 0.0009411764705882353 0.07058107428570728 6.642924638654803e-05
list 0.00047058823529411766 0.958607314841775 0.0004511093246314235
question 0.001411764705882353 2.0757207139381184 0.0029304292432067555
submitted 0.001411764705882353 1.5228787452803376 0.002149946463925183
hoped 0.00047058823529411766 1.1549019599857433 0.0005434832752874086
answered 0.00047058823529411766 2.0 0.0009411764705882353
approximately 0.00047058823529411766 1.3010299956639813 0.0006122494097242265
covered 0.00047058823529411766 1.0969100130080565 0.0005161929472979089
array 0.00047058823529411766 1.3979400086720377 0.0006578541217280178
topic 0.00047058823529411766 1.0969100130080565 0.0005161929472979089
profile 0.0009411764705882353 0.853871964321762 0.0008036442017145996
infamous 0.00047058823529411766 1.045757490560675 0.000492121172028553
tower 0.00047058823529411766 1.5228787452803376 0.0007166488213083942
promised 0.00047058823529411766 0.8860566476931633 0.0004169678342085474
dirt 0.00047058823529411766 1.5228787452803376 0.0007166488213083942
hillary 0.00047058823529411766 0.853871964321762 0.0004018221008572998
clinton 0.00047058823529411766 0.5228787452803376 0.00024606058601427653
interaction 0.00047058823529411766 1.6989700043360187 0.0007995152961581264
trial 0.0018823529411764706 2.744727494896694 0.0051665458727467185
claiming 0.00047058823529411766 1.045757490560675 0.000492121172028553
honcho 0.00047058823529411766 2.0 0.0009411764705882353
attempting 0.00047058823529411766 1.1549019599857433 0.0005434832752874086
tamper 0.00047058823529411766 2.0 0.0009411764705882353
witness 0.0009411764705882353 1.3979400086720377 0.0013157082434560356
held 0.00047058823529411766 0.48148606012211254 0.0002265816753515824
resulted 0.00047058823529411766 0.8860566476931633 0.0004169678342085474
conviction 0.00047058823529411766 1.045757490560675 0.000492121172028553
eight 0.00047058823529411766 0.6989700043360189 0.0003289270608640089
second 0.00047058823529411766 0.19382002601611284 9.120942400758252e-05
scheduled 0.00047058823529411766 1.0969100130080565 0.0005161929472979089
begin 0.00047058823529411766 1.0 0.00047058823529411766
reduced 0.00047058823529411766 1.5228787452803376 0.0007166488213083942
agreed 0.001411764705882353 0.9208187539523752 0.0012999794173445297
cooperate 0.00047058823529411766 1.3979400086720377 0.0006578541217280178
court 0.00047058823529411766 0.4202164033831899 0.00019774889570973642
order 0.00047058823529411766 0.494850021680094 0.0002328705984376913
claimed 0.00047058823529411766 0.7447274948966939 0.0003504599975984442
violated 0.00047058823529411766 1.3979400086720377 0.0006578541217280178
repeatedly 0.00047058823529411766 1.2218487496163564 0.0005749876468782853
judge 0.0009411764705882353 0.585026652029182 0.0005506133195568772
ruling 0.00047058823529411766 0.9208187539523752 0.0004333264724481766
longer 0.00047058823529411766 0.8239087409443188 0.0003877217604443853
separate 0.00047058823529411766 1.3979400086720377 0.0006578541217280178
hearing 0.00047058823529411766 1.2218487496163564 0.0005749876468782853
wound 0.00047058823529411766 1.5228787452803376 0.0007166488213083942
combined 0.00047058823529411766 1.3979400086720377 0.0006578541217280178
behind 0.00047058823529411766 0.6777807052660807 0.0003189556260075674
bar 0.00047058823529411766 1.3979400086720377 0.0006578541217280178
closing 0.00047058823529411766 1.1549019599857433 0.0005434832752874086
roger 0.0009411764705882353 1.3010299956639813 0.001224498819448453
stone 0.002352941176470588 1.0969100130080565 0.0025809647364895445
man 0.001411764705882353 0.37675070960209955 0.0005318833547323759
andrew 0.00047058823529411766 0.7447274948966939 0.0003504599975984442
miller 0.0009411764705882353 1.2218487496163564 0.0011499752937565706
worked 0.00047058823529411766 0.3098039199714864 0.00014579007998658184
marked 0.00047058823529411766 0.8860566476931633 0.0004169678342085474
third 0.00047058823529411766 0.4202164033831899 0.00019774889570973642
called 0.0009411764705882353 0.3010299956639812 0.0002833223488602176
suggesting 0.00047058823529411766 2.0 0.0009411764705882353
particular 0.00047058823529411766 1.0969100130080565 0.0005161929472979089
relationship 0.00047058823529411766 0.5228787452803376 0.00024606058601427653
contested 0.00047058823529411766 1.3979400086720377 0.0006578541217280178
ground 0.00047058823529411766 1.3010299956639813 0.0006122494097242265
illegitimate 0.00047058823529411766 1.6989700043360187 0.0007995152961581264
challenge 0.00047058823529411766 0.853871964321762 0.0004018221008572998
reeled 0.00047058823529411766 1.5228787452803376 0.0007166488213083942
wanted 0.00047058823529411766 0.5528419686577808 0.000260160926427191
included 0.0009411764705882353 0.48148606012211254 0.0004531633507031648
obstruction 0.001411764705882353 1.5228787452803376 0.002149946463925183
proceeding 0.00047058823529411766 2.0 0.0009411764705882353
making 0.00047058823529411766 0.3979400086720376 0.00018726588643390004
tampering 0.00047058823529411766 2.0 0.0009411764705882353
completed 0.00047058823529411766 1.1549019599857433 0.0005434832752874086
came 0.00047058823529411766 0.3010299956639812 0.0001416611744301088
close 0.002352941176470588 0.04575749056067514 0.00010766468367217679
confidential 0.00047058823529411766 2.0 0.0009411764705882353
william 0.00047058823529411766 0.8239087409443188 0.0003877217604443853
barr 0.0018823529411764706 1.6989700043360187 0.0031980611846325058
democrat 0.001411764705882353 0.7695510786217261 0.0010864250521718487
immediate 0.00047058823529411766 1.0969100130080565 0.0005161929472979089
release 0.0009411764705882353 0.5686362358410126 0.0005351870454974237
transparency 0.00047058823529411766 1.6989700043360187 0.0007995152961581264
suggested 0.00047058823529411766 0.8239087409443188 0.0003877217604443853
brief 0.00047058823529411766 1.0969100130080565 0.0005161929472979089
congressional 0.00047058823529411766 0.721246399047171 0.0003394100701398452
principal 0.00047058823529411766 1.5228787452803376 0.0007166488213083942
within 0.00047058823529411766 0.8239087409443188 0.0003877217604443853
ranking 0.00047058823529411766 1.5228787452803376 0.0007166488213083942
judiciary 0.0018823529411764706 1.045757490560675 0.001968484688114212
committee 0.0023529411764705885 1.7351821769904636 0.004082781592918738
outlined 0.00047058823529411766 1.3010299956639813 0.0006122494097242265
summarized 0.00047058823529411766 1.3979400086720377 0.0006578541217280178
scope 0.0009411764705882353 1.5228787452803376 0.0014332976426167884
found 0.00047058823529411766 0.3372421683184259 0.00015870219685572984
coordinated 0.00047058823529411766 1.2218487496163564 0.0005749876468782853
influence 0.00047058823529411766 0.6989700043360189 0.0003289270608640089
major 0.00047058823529411766 0.4202164033831899 0.00019774889570973642
victory 0.00047058823529411766 0.5686362358410126 0.00026759352274871183
supporter 0.00047058823529411766 0.9208187539523752 0.0004333264724481766
devoted 0.00047058823529411766 1.0 0.00047058823529411766
section 0.00047058823529411766 1.1549019599857433 0.0005434832752874086
obstructed 0.00047058823529411766 1.5228787452803376 0.0007166488213083942
declined 0.00047058823529411766 1.2218487496163564 0.0005749876468782853
deliver 0.00047058823529411766 1.3979400086720377 0.0006578541217280178
prosecutorial 0.00047058823529411766 2.0 0.0009411764705882353
judgment 0.00047058823529411766 1.5228787452803376 0.0007166488213083942
matter 0.00047058823529411766 0.853871964321762 0.0004018221008572998
writing 0.00047058823529411766 0.853871964321762 0.0004018221008572998
conclude 0.00047058823529411766 1.6989700043360187 0.0007995152961581264
exonerate 0.0009411764705882353 1.6989700043360187 0.0015990305923162529
hand 0.00047058823529411766 1.1549019599857433 0.0005434832752874086
wrote 0.00047058823529411766 0.5528419686577808 0.000260160926427191
conferred 0.00047058823529411766 2.0 0.0009411764705882353
ultimately 0.00047058823529411766 0.9208187539523752 0.0004333264724481766
determined 0.00047058823529411766 0.7695510786217261 0.0003621416840572829
offense 0.00047058823529411766 2.0 0.0009411764705882353
information 0.001411764705882353 0.07058107428570728 9.964386957982206e-05
redacted 0.00047058823529411766 1.6989700043360187 0.0007995152961581264
form 0.00047058823529411766 0.7447274948966939 0.0003504599975984442
determination 0.00047058823529411766 2.0 0.0009411764705882353
expected 0.00047058823529411766 0.8860566476931633 0.0004169678342085474
benefit 0.00047058823529411766 1.1549019599857433 0.0005434832752874086
electorally 0.00047058823529411766 2.0 0.0009411764705882353
stolen 0.00047058823529411766 1.6989700043360187 0.0007995152961581264
reasoning 0.00047058823529411766 1.6989700043360187 0.0007995152961581264
via 0.00047058823529411766 0.5086383061657272 0.00023935920290151872
create 0.00047058823529411766 0.8239087409443188 0.0003877217604443853
lengthy 0.00047058823529411766 1.045757490560675 0.000492121172028553
delay 0.00047058823529411766 1.5228787452803376 0.0007166488213083942
showed 0.00047058823529411766 0.8239087409443188 0.0003877217604443853
aware 0.00047058823529411766 1.3010299956639813 0.0006122494097242265
fire 0.00047058823529411766 0.958607314841775 0.0004511093246314235
limit 0.00047058823529411766 1.1549019599857433 0.0005434832752874086
sparked 0.00047058823529411766 1.0 0.00047058823529411766
louder 0.00047058823529411766 2.0 0.0009411764705882353
outcry 0.00047058823529411766 1.5228787452803376 0.0007166488213083942
felt 0.00047058823529411766 0.6020599913279624 0.0002833223488602176
significant 0.00047058823529411766 1.3010299956639813 0.0006122494097242265
especially 0.00047058823529411766 1.0 0.00047058823529411766
unhappy 0.00047058823529411766 2.0 0.0009411764705882353
summary 0.00047058823529411766 1.6989700043360187 0.0007995152961581264
tough 0.00047058823529411766 0.8860566476931633 0.0004169678342085474
handling 0.00047058823529411766 0.958607314841775 0.0004511093246314235
getting 0.00047058823529411766 0.7695510786217261 0.0003621416840572829
delivering 0.00047058823529411766 1.3979400086720377 0.0006578541217280178
late 0.00047058823529411766 0.3665315444204135 0.0001724854326684299
reiterated 0.00047058823529411766 1.5228787452803376 0.0007166488213083942
confident 0.00047058823529411766 1.5228787452803376 0.0007166488213083942
commit 0.00047058823529411766 1.5228787452803376 0.0007166488213083942
added 0.00047058823529411766 0.853871964321762 0.0004018221008572998
constrained 0.00047058823529411766 2.0 0.0009411764705882353
rule 0.00047058823529411766 1.0 0.00047058823529411766
prohibit 0.00047058823529411766 1.6989700043360187 0.0007995152961581264
sitting 0.00047058823529411766 1.1549019599857433 0.0005434832752874086
intend 0.00047058823529411766 1.5228787452803376 0.0007166488213083942
appear 0.00047058823529411766 1.1549019599857433 0.0005434832752874086
stating 0.00047058823529411766 0.9208187539523752 0.0004333264724481766
reversed 0.00047058823529411766 1.3010299956639813 0.0006122494097242265
course 0.00047058823529411766 0.853871964321762 0.0004018221008572998
passed 0.00047058823529411766 0.6777807052660807 0.0003189556260075674
without 0.00047058823529411766 0.7695510786217261 0.0003621416840572829
bombshell 0.00047058823529411766 2.0 0.0009411764705882353
often 0.00047058823529411766 0.5376020021010439 0.0002529891774593148
referred 0.00047058823529411766 1.0 0.00047058823529411766
simply 0.00047058823529411766 1.045757490560675 0.000492121172028553
refused 0.00047058823529411766 0.7447274948966939 0.0003504599975984442
elaborate 0.00047058823529411766 1.5228787452803376 0.0007166488213083942
answer 0.00047058823529411766 1.6989700043360187 0.0007995152961581264
speaking 0.00047058823529411766 0.9208187539523752 0.0004333264724481766
haltingly 0.00047058823529411766 2.0 0.0009411764705882353
requiring 0.00047058823529411766 1.3979400086720377 0.0006578541217280178
repeated 0.00047058823529411766 1.3010299956639813 0.0006122494097242265
nevertheless 0.00047058823529411766 1.2218487496163564 0.0005749876468782853
provided 0.00047058823529411766 0.958607314841775 0.0004511093246314235
ammunition 0.00047058823529411766 1.6989700043360187 0.0007995152961581264
agreeing 0.00047058823529411766 1.5228787452803376 0.0007166488213083942
always 0.00047058823529411766 0.638272163982407 0.0003003633712858386
truthful 0.00047058823529411766 1.6989700043360187 0.0007995152961581264
written 0.00047058823529411766 1.0 0.00047058823529411766
response 0.00047058823529411766 1.6989700043360187 0.0007995152961581264
pushed 0.00047058823529411766 0.7958800173440752 0.0003745317728678001
witch 0.00047058823529411766 1.3979400086720377 0.0006578541217280178
hunt 0.00047058823529411766 1.3979400086720377 0.0006578541217280178
filled 0.00047058823529411766 1.1549019599857433 0.0005434832752874086
destroy 0.00047058823529411766 1.2218487496163564 0.0005749876468782853
strove 0.00047058823529411766 1.6989700043360187 0.0007995152961581264
hire 0.00047058823529411766 1.6989700043360187 0.0007995152961581264
business 0.0009411764705882353 0.6989700043360189 0.0006578541217280178
almost 0.00047058823529411766 0.8860566476931633 0.0004169678342085474
occasion 0.00047058823529411766 2.0 0.0009411764705882353
ask 0.00047058823529411766 1.0969100130080565 0.0005161929472979089
somebody 0.00047058823529411766 1.3979400086720377 0.0006578541217280178
affiliation 0.00047058823529411766 1.6989700043360187 0.0007995152961581264
done 0.00047058823529411766 0.958607314841775 0.0004511093246314235
care 0.00047058823529411766 0.5376020021010439 0.0002529891774593148
capability 0.00047058823529411766 2.0 0.0009411764705882353
quickly 0.00047058823529411766 0.619788758288394 0.0002916652980180678
seriously 0.00047058823529411766 1.3979400086720377 0.0006578541217280178
integrity 0.00047058823529411766 1.1549019599857433 0.0005434832752874086
check 0.00047058823529411766 0.07058107428570728 3.3214623193274014e-05
strive 0.00047058823529411766 0.07058107428570728 3.3214623193274014e-05
accuracy 0.00047058823529411766 0.07058107428570728 3.3214623193274014e-05
fairness 0.00047058823529411766 0.07058107428570728 3.3214623193274014e-05
look 0.00047058823529411766 0.07058107428570728 3.3214623193274014e-05
right 0.00047058823529411766 0.07058107428570728 3.3214623193274014e-05
citation 0.00047058823529411766 0.07058107428570728 3.3214623193274014e-05
article 0.00047058823529411766 0.07058107428570728 3.3214623193274014e-05
title 0.00047058823529411766 0.07058107428570728 3.3214623193274014e-05
author 0.00047058823529411766 0.06048074738138145 2.8461528179473625e-05
com 0.0009411764705882353 0.06048074738138145 5.692305635894725e-05
editor 0.00047058823529411766 0.1023729087095586 4.817548645155699e-05
website 0.0009411764705882353 0.0655015487564323 6.164851647664216e-05
url 0.00047058823529411766 0.07058107428570728 3.3214623193274014e-05
access 0.00047058823529411766 0.07058107428570728 3.3214623193274014e-05
publisher 0.00047058823529411766 0.07058107428570728 3.3214623193274014e-05
e 0.0009411764705882353 0.04575749056067514 4.306587346887073e-05
television 0.0009411764705882353 0.04575749056067514 4.306587346887073e-05
network 0.0009411764705882353 0.04575749056067514 4.306587346887073e-05
last 0.00047058823529411766 0.0655015487564323 3.082425823832108e-05
updated 0.00047058823529411766 0.07058107428570728 3.3214623193274014e-05
original 0.00047058823529411766 0.0655015487564323 3.082425823832108e-05
receive 0.00047058823529411766 0.05551732784983141 2.6125801341097135e-05
story 0.001411764705882353 0.05551732784983141 7.837740402329141e-05
shaped 0.0009411764705882353 0.05551732784983141 5.225160268219427e-05
world 0.00047058823529411766 0.04575749056067514 2.1532936734435364e-05
assassinated 0.00047058823529411766 1.0969100130080565 0.0005161929472979089
run 0.00047058823529411766 0.4559319556497244 0.00021455621442339971
presidency 0.00047058823529411766 0.4685210829577449 0.0002204805096271741
mcnamara 0.0009411764705882353 2.0 0.0018823529411764706
executive 0.00047058823529411766 0.5528419686577808 0.000260160926427191
eighth 0.00047058823529411766 1.2218487496163564 0.0005749876468782853
defense 0.00047058823529411766 0.7695510786217261 0.0003621416840572829
best 0.001411764705882353 0.13667713987954408 0.00019295596218288577
helping 0.00047058823529411766 0.958607314841775 0.0004511093246314235
lead 0.00047058823529411766 0.5228787452803376 0.00024606058601427653
war 0.0009411764705882353 0.35654732351381263 0.0003355739515424119
todd 0.0009411764705882353 1.5228787452803376 0.0014332976426167884
lincoln 0.001411764705882353 0.9208187539523752 0.0012999794173445297
abraham 0.00047058823529411766 1.0969100130080565 0.0005161929472979089
byrd 0.0009411764705882353 2.0 0.0018823529411764706
mugabe 0.0009411764705882353 1.6989700043360187 0.0015990305923162529
prime 0.00047058823529411766 0.7958800173440752 0.0003745317728678001
minister 0.00047058823529411766 0.5376020021010439 0.0002529891774593148
zimbabwe 0.00047058823529411766 1.6989700043360187 0.0007995152961581264
country 0.00047058823529411766 0.27572413039921095 0.00012975253195256987
forced 0.00047058823529411766 0.721246399047171 0.0003394100701398452
resignation 0.00047058823529411766 1.0969100130080565 0.0005161929472979089
durst 0.0009411764705882353 1.6989700043360187 0.0015990305923162529
real 0.00047058823529411766 0.6989700043360189 0.0003289270608640089
estate 0.00047058823529411766 0.853871964321762 0.0004018221008572998
scion 0.00047058823529411766 1.6989700043360187 0.0007995152961581264
notoriety 0.00047058823529411766 1.2218487496163564 0.0005749876468782853
disappearance 0.00047058823529411766 1.2218487496163564 0.0005749876468782853
wife 0.00047058823529411766 0.3098039199714864 0.00014579007998658184
acquittal 0.00047058823529411766 1.3010299956639813 0.0006122494097242265
murder 0.0009411764705882353 2.2518119729937998 0.0021193524451706353
texas 0.00047058823529411766 0.619788758288394 0.0002916652980180678
charged 0.00047058823529411766 0.7695510786217261 0.0003621416840572829
murdering 0.00047058823529411766 1.6989700043360187 0.0007995152961581264
friend 0.00047058823529411766 0.638272163982407 0.0003003633712858386
kardashian 0.0009411764705882353 1.3010299956639813 0.001224498819448453
helped 0.00047058823529411766 0.3372421683184259 0.00015870219685572984
defend 0.00047058823529411766 0.853871964321762 0.0004018221008572998
simpson 0.001411764705882353 1.5228787452803376 0.002149946463925183
nicole 0.00047058823529411766 1.3979400086720377 0.0006578541217280178
brown 0.00047058823529411766 0.8239087409443188 0.0003877217604443853
ron 0.00047058823529411766 1.2218487496163564 0.0005749876468782853
goldman 0.00047058823529411766 1.3979400086720377 0.0006578541217280178
redford 0.0009411764705882353 2.0 0.0018823529411764706
actor 0.00047058823529411766 0.4685210829577449 0.0002204805096271741
hollywood 0.00047058823529411766 0.7958800173440752 0.0003745317728678001
legend 0.00047058823529411766 0.5686362358410126 0.00026759352274871183
acclaimed 0.00047058823529411766 0.7958800173440752 0.0003745317728678001
film 0.00047058823529411766 0.721246399047171 0.0003394100701398452
like 0.00047058823529411766 0.2365720064370627 0.00011132800302920597
sting 0.00047058823529411766 1.6989700043360187 0.0007995152961581264
accomplished 0.00047058823529411766 1.3979400086720377 0.0006578541217280178
producer 0.00047058823529411766 0.8239087409443188 0.0003877217604443853
entrepreneur 0.00047058823529411766 1.3979400086720377 0.0006578541217280178
started 0.00047058823529411766 0.6020599913279624 0.0002833223488602176
sundance 0.00047058823529411766 1.3979400086720377 0.0006578541217280178
institute 0.00047058823529411766 0.853871964321762 0.0004018221008572998
shapiro 0.0009411764705882353 2.0 0.0018823529411764706
representing 0.00047058823529411766 0.8860566476931633 0.0004169678342085474
many 0.00047058823529411766 0.28399665636520083 0.0001336454853483298
client 0.00047058823529411766 1.5228787452803376 0.0007166488213083942
notably 0.00047058823529411766 1.2218487496163564 0.0005749876468782853
loading 0.00047058823529411766 0.04575749056067514 2.1532936734435364e-05
logo 0.00047058823529411766 0.04575749056067514 2.1532936734435364e-05
registered 0.00047058823529411766 0.04575749056067514 2.1532936734435364e-05
trademark 0.00047058823529411766 0.04575749056067514 2.1532936734435364e-05
llc 0.00047058823529411766 0.04575749056067514 2.1532936734435364e-05
