sadie 0.010905125408942203 0.06048074738138145 0.0006595501350205174
alexander 0.04252998909487459 0.05551732784983141 0.0023611513480299075
career 0.003271537622682661 0.17392519729917358 0.000569002826496751
fact 0.0032715376226826612 0.14116214857141457 0.0004618172799501022
economist 0.003271537622682661 1.5228787452803376 0.004982155109968389
biography 0.010905125408942203 0.04575749056067514 0.0004989911729626515
skip 0.0010905125408942203 0.04575749056067514 4.989911729626515e-05
main 0.0010905125408942203 0.04575749056067514 4.989911729626515e-05
content 0.0010905125408942203 0.04575749056067514 4.989911729626515e-05
people 0.004362050163576881 0.04575749056067514 0.0001995964691850606
nostalgia 0.003271537622682661 0.04575749056067514 0.00014969735188879546
celebrity 0.003271537622682661 0.04575749056067514 0.00014969735188879546
history 0.004362050163576881 0.04575749056067514 0.0001995964691850606
culture 0.003271537622682661 0.04575749056067514 0.00014969735188879546
crime 0.003271537622682661 0.04575749056067514 0.00014969735188879546
scandal 0.003271537622682661 0.04575749056067514 0.00014969735188879546
video 0.003271537622682661 0.04575749056067514 0.00014969735188879546
contact 0.003271537622682661 0.04575749056067514 0.00014969735188879546
u 0.003271537622682661 0.04575749056067514 0.00014969735188879546
advertise 0.0021810250817884407 0.04575749056067514 9.97982345925303e-05
privacy 0.003271537622682661 0.04575749056067514 0.00014969735188879546
notice 0.0021810250817884407 0.04575749056067514 9.97982345925303e-05
term 0.003271537622682661 0.04575749056067514 0.00014969735188879546
use 0.0021810250817884407 0.04575749056067514 9.97982345925303e-05
copyright 0.0021810250817884407 0.04575749056067514 9.97982345925303e-05
policy 0.0021810250817884407 0.04575749056067514 9.97982345925303e-05
ad 0.0021810250817884407 0.04575749056067514 9.97982345925303e-05
choice 0.0021810250817884407 0.04575749056067514 9.97982345925303e-05
accessibility 0.0021810250817884407 0.04575749056067514 9.97982345925303e-05
support 0.003271537622682661 0.04575749056067514 0.00014969735188879546
setting 0.0010905125408942203 0.04575749056067514 4.989911729626515e-05
february 0.004362050163576881 0.04575749056067514 0.0001995964691850606
subscribe 0.0021810250817884407 0.04575749056067514 9.97982345925303e-05
newsletter 0.003271537622682661 0.04575749056067514 0.00014969735188879546
photo 0.0010905125408942203 0.12493873660829993 0.0001362472591148309
afro 0.0010905125408942203 1.6989700043360187 0.0018527480963315363
american 0.011995637949836423 0.6552148773673394 0.007859720448245075
newspaper 0.0010905125408942203 1.6989700043360187 0.0018527480963315363
gado 0.0010905125408942203 2.0 0.0021810250817884407
getty 0.0010905125408942203 0.2291479883578558 0.00024988875502492456
image 0.0010905125408942203 0.2218487496163564 0.0002419288436383385
quick 0.0010905125408942203 0.07058107428570728 7.696954665835037e-05
name 0.0021810250817884407 0.05551732784983141 0.00012108468451435422
birth 0.0021810250817884407 0.07058107428570728 0.00015393909331670074
date 0.0054525627044711015 0.07058107428570728 0.0003848477332917518
january 0.003271537622682661 0.2676062401770315 0.0008754838828038108
death 0.003271537622682661 0.2365720064370627 0.0007739542195323752
november 0.0021810250817884407 0.24412514432750856 0.0005324430628735193
place 0.003271537622682661 0.07572071393811834 0.0002477231644649455
philadelphia 0.008724100327153763 1.045757490560675 0.009123293265523883
pennsylvania 0.010905125408942203 0.8860566476931633 0.009662558862520865
cite 0.0010905125408942203 0.07058107428570728 7.696954665835037e-05
page 0.0010905125408942203 0.07058107428570728 7.696954665835037e-05
publish 0.0010905125408942203 0.07058107428570728 7.696954665835037e-05
feb 0.0010905125408942203 1.0969100130080565 0.0011961941254177279
comment 0.0021810250817884407 0.07058107428570728 0.00015393909331670074
lawyer 0.0010905125408942203 0.48148606012211254 0.0005250665868289123
civil 0.015267175572519083 0.3467874862246563 0.005294465438544371
right 0.016357688113413305 0.39848321634998984 0.006518264171482931
advocate 0.0010905125408942203 0.9208187539523752 0.0010041643990756546
achieved 0.0010905125408942203 0.8239087409443188 0.000898482814552147
multiple 0.0010905125408942203 0.721246399047171 0.0007865282432357372
first 0.015267175572519083 1.46344155742847 0.02234261919738122
black 0.020719738276990186 0.3872161432802645 0.008023017145392611
woman 0.010905125408942203 0.7958800173440752 0.008679171399608237
th 0.003271537622682661 0.2076083105017461 0.0006791983985880461
century 0.003271537622682661 0.494850021680094 0.0016189204635117579
tanner 0.004362050163576881 2.0 0.008724100327153763
mossell 0.0054525627044711015 2.0 0.010905125408942203
broke 0.0010905125408942203 0.853871964321762 0.0009311580854108638
barrier 0.0010905125408942203 1.5228787452803376 0.0016607183699894632
throughout 0.0010905125408942203 0.6020599913279624 0.0006565539709138085
life 0.004362050163576881 0.13679614097137055 0.000596711629100853
born 0.003271537622682661 0.09151498112135023 0.0002993947037775907
end 0.0010905125408942203 0.44369749923271273 0.00048385768727667695
get 0.0021810250817884407 0.44369749923271273 0.0009677153745533539
ph 0.006543075245365322 1.3979400086720377 0.009146826665247793
economics 0.007633587786259542 1.3010299956639813 0.009931526684457872
second 0.0021810250817884407 0.19382002601611284 0.0004227263380940302
earn 0.0010905125408942203 0.9208187539523752 0.0010041643990756546
receiving 0.0010905125408942203 0.619788758288394 0.0006758874136187503
day 0.0010905125408942203 0.2924298239020636 0.0003188983902966888
addition 0.0021810250817884407 0.6777807052660807 0.0014782567181375807
graduate 0.004362050163576881 1.045757490560675 0.004561646632761942
university 0.0054525627044711015 0.2596373105057561 0.0014156887159528686
law 0.009814612868047983 1.2873502983727887 0.012634844804094983
school 0.011995637949836423 0.14874165128092467 0.0017842509968267954
admitted 0.0010905125408942203 0.7958800173440752 0.0008679171399608236
bar 0.003271537622682661 1.3979400086720377 0.0045734133326238964
used 0.0021810250817884407 0.5086383061657272 0.0011093529033058393
skill 0.0010905125408942203 1.045757490560675 0.0011404116581904854
fight 0.0010905125408942203 0.5376020021010439 0.0005862617253010293
served 0.004362050163576881 0.2676062401770315 0.0011673118437384145
president 0.007633587786259542 0.16749108729376372 0.0012785579182730054
harry 0.0010905125408942203 1.3010299956639813 0.0014187895263511247
truman 0.0021810250817884407 1.3979400086720377 0.0030489422217492646
committee 0.003271537622682661 0.638272163982407 0.0020881313979795213
also 0.004362050163576881 0.0861861476162833 0.0003759482993076698
appointed 0.003271537622682661 0.6777807052660807 0.0022173850772063707
white 0.0054525627044711015 1.9100948885606022 0.010414912151366425
house 0.0021810250817884407 0.32790214206428253 0.0007151627962143567
conference 0.0021810250817884407 0.7958800173440752 0.0017358342799216472
aging 0.0021810250817884407 1.5228787452803376 0.0033214367399789263
jimmy 0.0010905125408942203 1.045757490560675 0.0011404116581904854
carter 0.0021810250817884407 1.2218487496163564 0.0026648827690651175
early 0.0010905125408942203 0.07572071393811834 8.257438815498184e-05
education 0.004362050163576881 0.19382002601611284 0.0008454526761880604
aaron 0.0010905125408942203 1.5228787452803376 0.0016607183699894632
mary 0.0021810250817884407 1.0 0.0021810250817884407
grew 0.0010905125408942203 0.494850021680094 0.0005396401545039193
without 0.0010905125408942203 0.7695510786217261 0.0008392051020956664
father 0.004362050163576881 1.5466816599529625 0.006746702987799182
left 0.0010905125408942203 0.2924298239020636 0.0003188983902966888
family 0.004362050163576881 0.11918640771920867 0.0005198970892877151
baby 0.0010905125408942203 0.8860566476931633 0.0009662558862520865
child 0.0032715376226826612 0.5000381344038097 0.0016358935694781127
spent 0.0010905125408942203 0.48148606012211254 0.0005250665868289123
time 0.0021810250817884407 0.1023729087095586 0.00022327788159118563
washington 0.0021810250817884407 0.3979400086720376 0.0008679171399608236
c 0.0010905125408942203 0.35654732351381263 0.0003888193277140814
graduated 0.0021810250817884407 0.6575773191777938 0.0014341926263419713
street 0.0010905125408942203 0.8239087409443188 0.000898482814552147
high 0.0021810250817884407 0.27572413039921095 0.0006013612440549858
later 0.0021810250817884407 0.09151498112135023 0.00019959646918506048
became 0.006543075245365322 0.07572071393811834 0.000495446328929891
dunbar 0.0010905125408942203 2.0 0.0021810250817884407
next 0.003271537622682661 0.07058107428570728 0.00023090863997505108
step 0.0010905125408942203 0.7958800173440752 0.0008679171399608236
enroll 0.0010905125408942203 1.6989700043360187 0.0018527480963315363
ostracized 0.0010905125408942203 1.6989700043360187 0.0018527480963315363
classmate 0.0010905125408942203 1.3979400086720377 0.0015244711108746323
informed 0.0010905125408942203 1.5228787452803376 0.0016607183699894632
borrow 0.0010905125408942203 2.0 0.0021810250817884407
book 0.0021810250817884407 1.306273051076353 0.0028490142880618387
library 0.0010905125408942203 1.3979400086720377 0.0015244711108746323
however 0.0010905125408942203 0.32790214206428253 0.00035758139810717834
racism 0.0021810250817884407 0.853871964321762 0.0018623161708217276
keep 0.0021810250817884407 0.6575773191777938 0.0014341926263419713
graduating 0.0010905125408942203 0.5528419686577808 0.0006028810999539595
honor 0.0021810250817884407 1.728158393463501 0.0037691568014471123
member 0.0032715376226826612 0.8386319977650252 0.0027436161322738012
accomplished 0.0010905125408942203 1.3979400086720377 0.0015244711108746323
grandfather 0.0010905125408942203 1.0 0.0010905125408942203
bishop 0.0010905125408942203 2.0 0.0021810250817884407
benjamin 0.0054525627044711015 0.958607314841775 0.0052268664931394496
tucker 0.0010905125408942203 2.0 0.0021810250817884407
leader 0.0010905125408942203 0.37675070960209955 0.0004108513736118861
african 0.0021810250817884407 0.28399665636520083 0.0006194038306765558
methodist 0.0021810250817884407 1.3979400086720377 0.0030489422217492646
episcopal 0.0021810250817884407 1.6989700043360187 0.0037054961926630725
church 0.003271537622682661 0.619788758288394 0.0020276622408562507
one 0.004362050163576881 0.08092190762392613 0.00035298542038790027
uncle 0.0021810250817884407 1.3979400086720377 0.0030489422217492646
henry 0.0010905125408942203 1.0969100130080565 0.0011961941254177279
ossawa 0.0010905125408942203 2.0 0.0021810250817884407
acclaimed 0.0021810250817884407 0.7958800173440752 0.0017358342799216472
painter 0.0010905125408942203 1.6989700043360187 0.0018527480963315363
another 0.0010905125408942203 0.40893539297350084 0.0004459491744531089
nathan 0.0010905125408942203 1.5228787452803376 0.0016607183699894632
f 0.0010905125408942203 0.721246399047171 0.0007865282432357372
medical 0.0010905125408942203 0.7447274948966939 0.0008121346727335811
worked 0.0021810250817884407 0.3098039199714864 0.0006756901198941906
surgeon 0.0010905125408942203 2.0 0.0021810250817884407
co 0.0021810250817884407 0.4202164033831899 0.0009165025155576661
founded 0.0021810250817884407 0.619788758288394 0.0013517748272375005
would 0.0021810250817884407 0.2291479883578558 0.0004997775100498491
become 0.0010905125408942203 0.3372421683184259 0.00036776681386960295
mercy 0.0010905125408942203 1.6989700043360187 0.0018527480963315363
douglas 0.0010905125408942203 1.6989700043360187 0.0018527480963315363
hospital 0.0010905125408942203 0.8239087409443188 0.000898482814552147
obtaining 0.0010905125408942203 1.6989700043360187 0.0018527480963315363
bachelor 0.0010905125408942203 1.3010299956639813 0.0014187895263511247
degree 0.003271537622682661 0.5228787452803376 0.0017106174872857283
remained 0.0010905125408942203 0.585026652029182 0.0006379789007951821
study 0.0010905125408942203 0.853871964321762 0.0009311580854108638
received 0.0010905125408942203 0.28399665636520083 0.0003097019153382779
master 0.0010905125408942203 0.853871964321762 0.0009311580854108638
awarded 0.0010905125408942203 0.8239087409443188 0.000898482814552147
obtain 0.0010905125408942203 1.0969100130080565 0.0011961941254177279
subject 0.0010905125408942203 1.045757490560675 0.0011404116581904854
unfortunately 0.0010905125408942203 1.2218487496163564 0.0013324413845325588
sexism 0.0010905125408942203 1.6989700043360187 0.0018527480963315363
kept 0.0010905125408942203 0.8860566476931633 0.0009662558862520865
landing 0.0010905125408942203 1.6989700043360187 0.0018527480963315363
challenging 0.0010905125408942203 1.2218487496163564 0.0013324413845325588
job 0.0010905125408942203 0.5686362358410126 0.0006201049463915078
assistant 0.0021810250817884407 0.8860566476931633 0.001932511772504173
actuary 0.0010905125408942203 2.0 0.0021810250817884407
north 0.0010905125408942203 0.6777807052660807 0.0007391283590687904
carolina 0.0010905125408942203 0.7958800173440752 0.0008679171399608236
mutual 0.0010905125408942203 2.0 0.0021810250817884407
insurance 0.0010905125408942203 1.0 0.0010905125408942203
company 0.0010905125408942203 0.494850021680094 0.0005396401545039193
legal 0.003271537622682661 0.5086383061657272 0.0016640293549587586
decided 0.0010905125408942203 0.494850021680094 0.0005396401545039193
pursue 0.0010905125408942203 0.8860566476931633 0.0009662558862520865
hope 0.0010905125408942203 1.0969100130080565 0.0011961941254177279
using 0.0010905125408942203 0.7958800173440752 0.0008679171399608236
court 0.0010905125408942203 1.3010299956639813 0.0014187895263511247
legislation 0.0021810250817884407 0.8239087409443188 0.001796965629104294
open 0.0010905125408942203 0.7447274948966939 0.0008121346727335811
door 0.0010905125408942203 0.9208187539523752 0.0010041643990756546
closed 0.0010905125408942203 1.045757490560675 0.0011404116581904854
enrolled 0.0010905125408942203 1.0 0.0010905125408942203
attending 0.0010905125408942203 0.9208187539523752 0.0010041643990756546
following 0.0010905125408942203 0.2518119729937996 0.0002746041144970552
footstep 0.0010905125408942203 1.1549019599857433 0.0012594350708677682
though 0.003271537622682661 0.3665315444204135 0.0011991217374713637
dean 0.0010905125408942203 0.958607314841775 0.0010453732986278898
objected 0.0010905125408942203 1.6989700043360187 0.0018527480963315363
review 0.0010905125408942203 1.045757490560675 0.0011404116581904854
able 0.0021810250817884407 0.7447274948966939 0.0016242693454671623
join 0.0010905125408942203 0.9208187539523752 0.0010041643990756546
female 0.0010905125408942203 0.6020599913279624 0.0006565539709138085
gain 0.0010905125408942203 0.958607314841775 0.0010453732986278898
admittance 0.0010905125408942203 2.0 0.0021810250817884407
work 0.004362050163576881 0.2218487496163564 0.000967715374553354
much 0.0010905125408942203 0.37675070960209955 0.0004108513736118861
expertise 0.0010905125408942203 2.0 0.0021810250817884407
bring 0.0010905125408942203 0.7447274948966939 0.0008121346727335811
case 0.0010905125408942203 0.958607314841775 0.0010453732986278898
along 0.0010905125408942203 0.4202164033831899 0.00045825125777883307
husband 0.003271537622682661 0.7447274948966939 0.002436404018200743
fought 0.003271537622682661 0.7958800173440752 0.0026037514198824704
philadelphians 0.0010905125408942203 2.0 0.0021810250817884407
allowed 0.0010905125408942203 0.7958800173440752 0.0008679171399608236
access 0.0021810250817884407 0.07058107428570728 0.00015393909331670074
restaurant 0.0010905125408942203 1.6989700043360187 0.0018527480963315363
hotel 0.0010905125408942203 1.6989700043360187 0.0018527480963315363
movie 0.0010905125408942203 0.7447274948966939 0.0008121346727335811
theater 0.0010905125408942203 1.6989700043360187 0.0018527480963315363
released 0.0010905125408942203 0.3010299956639812 0.00032827698545690424
report 0.003271537622682661 0.8239087409443188 0.002695448443656441
secure 0.0010905125408942203 0.958607314841775 0.0010453732986278898
recommendation 0.0010905125408942203 1.3979400086720377 0.0015244711108746323
included 0.0010905125408942203 0.48148606012211254 0.0005250665868289123
adding 0.0010905125408942203 0.958607314841775 0.0010453732986278898
section 0.0010905125408942203 2.0 0.0021810250817884407
executive 0.0010905125408942203 0.5528419686577808 0.0006028810999539595
branch 0.0010905125408942203 1.3010299956639813 0.0014187895263511247
fbi 0.0010905125408942203 1.0 0.0010905125408942203
called 0.0010905125408942203 0.3010299956639812 0.00032827698545690424
reorganizing 0.0010905125408942203 1.6989700043360187 0.0018527480963315363
division 0.0010905125408942203 1.2218487496163564 0.0013324413845325588
department 0.0010905125408942203 0.7447274948966939 0.0008121346727335811
justice 0.0010905125408942203 0.5376020021010439 0.0005862617253010293
suggested 0.0010905125408942203 0.8239087409443188 0.000898482814552147
need 0.0010905125408942203 0.638272163982407 0.0006960437993265071
federal 0.0021810250817884407 0.6020599913279624 0.001313107941827617
protect 0.0010905125408942203 0.721246399047171 0.0007865282432357372
assault 0.0010905125408942203 1.5228787452803376 0.0016607183699894632
individual 0.0010905125408942203 1.0969100130080565 0.0011961941254177279
state 0.0021810250817884407 0.4930892744484819 0.001075440075133003
sanctioned 0.0010905125408942203 1.6989700043360187 0.0018527480963315363
abuse 0.0010905125408942203 1.3010299956639813 0.0014187895263511247
police 0.0010905125408942203 0.5376020021010439 0.0005862617253010293
brutality 0.0010905125408942203 1.3010299956639813 0.0014187895263511247
poll 0.0010905125408942203 1.2218487496163564 0.0013324413845325588
tax 0.0010905125408942203 1.0969100130080565 0.0011961941254177279
followed 0.0010905125408942203 0.5528419686577808 0.0006028810999539595
laid 0.0010905125408942203 1.3979400086720377 0.0015244711108746323
groundwork 0.0010905125408942203 2.0 0.0021810250817884407
future 0.0010905125408942203 0.721246399047171 0.0007865282432357372
action 0.0032715376226826612 1.2628073572952627 0.004131321779591917
read 0.0010905125408942203 0.0655015487564323 7.143026036688364e-05
adrienne 0.0010905125408942203 0.0655015487564323 7.143026036688364e-05
kennedy 0.0010905125408942203 0.06048074738138145 6.595501350205175e-05
amanda 0.0010905125408942203 1.6989700043360187 0.0018527480963315363
gorman 0.0010905125408942203 1.6989700043360187 0.0018527480963315363
commission 0.0021810250817884407 1.2218487496163564 0.0026648827690651175
human 0.0010905125408942203 0.8860566476931633 0.0009662558862520865
relation 0.0010905125408942203 0.7958800173440752 0.0008679171399608236
city 0.0021810250817884407 0.3665315444204135 0.0007994144916475759
liberty 0.0021810250817884407 2.4814860601221125 0.0054121833372347055
union 0.0010905125408942203 0.7447274948966939 0.0008121346727335811
democratic 0.0010905125408942203 0.3872161432802645 0.0004222640602838217
national 0.0054525627044711015 0.3010299956639812 0.0016413849272845212
urban 0.0021810250817884407 0.9208187539523752 0.002008328798151309
league 0.0021810250817884407 0.8239087409443188 0.001796965629104294
martin 0.0010905125408942203 0.5686362358410126 0.0006201049463915078
luther 0.0010905125408942203 0.638272163982407 0.0006960437993265071
king 0.0010905125408942203 0.4685210829577449 0.0005109281166387622
jr 0.0010905125408942203 0.32790214206428253 0.00035758139810717834
led 0.0010905125408942203 0.37675070960209955 0.0004108513736118861
march 0.0010905125408942203 0.27572413039921095 0.0003006806220274929
alabama 0.0010905125408942203 0.7447274948966939 0.0008121346727335811
selma 0.0010905125408942203 1.2218487496163564 0.0013324413845325588
montgomery 0.0010905125408942203 1.045757490560675 0.0011404116581904854
presented 0.0010905125408942203 1.0 0.0010905125408942203
replica 0.0010905125408942203 2.0 0.0021810250817884407
bell 0.0010905125408942203 2.0 0.0021810250817884407
continued 0.0010905125408942203 0.3372421683184259 0.00036776681386960295
harness 0.0010905125408942203 1.6989700043360187 0.0018527480963315363
knowledge 0.0010905125408942203 1.5228787452803376 0.0016607183699894632
area 0.0010905125408942203 0.7447274948966939 0.0008121346727335811
felt 0.0010905125408942203 0.6020599913279624 0.0006565539709138085
government 0.0010905125408942203 0.494850021680094 0.0005396401545039193
supported 0.0010905125408942203 0.6989700043360189 0.0007622355554373161
program 0.0010905125408942203 0.5528419686577808 0.0006028810999539595
full 0.0021810250817884407 0.3010299956639812 0.0006565539709138085
employment 0.0021810250817884407 1.3010299956639813 0.0028375790527022495
solution 0.0010905125408942203 1.3979400086720377 0.0015244711108746323
economic 0.0010905125408942203 0.585026652029182 0.0006379789007951821
subjugation 0.0010905125408942203 2.0 0.0021810250817884407
negro 0.0021810250817884407 1.5228787452803376 0.0033214367399789263
great 0.0010905125408942203 0.5228787452803376 0.0005702058290952428
mass 0.0010905125408942203 1.5228787452803376 0.0016607183699894632
labor 0.0010905125408942203 0.8860566476931633 0.0009662558862520865
believed 0.0010905125408942203 0.6020599913279624 0.0006565539709138085
discriminate 0.0010905125408942203 2.0 0.0021810250817884407
employee 0.0010905125408942203 1.3979400086720377 0.0015244711108746323
specialized 0.0010905125408942203 1.5228787452803376 0.0016607183699894632
estate 0.0010905125408942203 0.853871964321762 0.0009311580854108638
two 0.004362050163576881 0.11918640771920867 0.0005198970892877151
solicitor 0.0010905125408942203 1.5228787452803376 0.0016607183699894632
soon 0.0010905125408942203 0.40893539297350084 0.0004459491744531089
started 0.0010905125408942203 0.6020599913279624 0.0006565539709138085
firm 0.0010905125408942203 0.6020599913279624 0.0006565539709138085
judge 0.0010905125408942203 0.585026652029182 0.0006379789007951821
launched 0.0010905125408942203 0.6777807052660807 0.0007391283590687904
practice 0.0010905125408942203 0.9208187539523752 0.0010041643990756546
counsel 0.0010905125408942203 0.958607314841775 0.0010453732986278898
atkinson 0.0010905125408942203 2.0 0.0021810250817884407
myers 0.0010905125408942203 1.5228787452803376 0.0016607183699894632
archie 0.0010905125408942203 2.0 0.0021810250817884407
retired 0.0010905125408942203 1.2218487496163564 0.0013324413845325588
accomplishment 0.0010905125408942203 0.8860566476931633 0.0009662558862520865
delta 0.0010905125408942203 1.5228787452803376 0.0016607183699894632
sigma 0.0010905125408942203 2.0 0.0021810250817884407
theta 0.0010905125408942203 2.0 0.0021810250817884407
sorority 0.0010905125408942203 2.0 0.0021810250817884407
secretary 0.0010905125408942203 0.638272163982407 0.0006960437993265071
association 0.0021810250817884407 0.8239087409443188 0.001796965629104294
hold 0.0010905125408942203 1.0 0.0010905125408942203
role 0.0010905125408942203 0.3665315444204135 0.00039970724582378793
organization 0.0021810250817884407 0.6777807052660807 0.0014782567181375807
chose 0.0010905125408942203 1.2218487496163564 0.0013324413845325588
year 0.0010905125408942203 0.1307682802690238 0.00014260444958454066
comic 0.0010905125408942203 1.6989700043360187 0.0018527480963315363
hero 0.0010905125408942203 2.0 0.0021810250817884407
chairperson 0.0010905125408942203 1.5228787452803376 0.0016607183699894632
legacy 0.0010905125408942203 0.6989700043360189 0.0007622355554373161
passed 0.0010905125408942203 0.6777807052660807 0.0007391283590687904
away 0.0010905125408942203 0.5376020021010439 0.0005862617253010293
retirement 0.0010905125408942203 1.1549019599857433 0.0012594350708677682
community 0.0010905125408942203 0.48148606012211254 0.0005250665868289123
pneumonia 0.0010905125408942203 1.6989700043360187 0.0018527480963315363
well 0.0010905125408942203 0.20065945054641826 0.00021882164726981274
alzheimer 0.0010905125408942203 2.0 0.0021810250817884407
disease 0.0010905125408942203 0.8860566476931633 0.0009662558862520865
collective 0.0010905125408942203 1.2218487496163564 0.0013324413845325588
named 0.0010905125408942203 0.494850021680094 0.0005396401545039193
formed 0.0010905125408942203 0.721246399047171 0.0007865282432357372
encourages 0.0010905125408942203 1.6989700043360187 0.0018527480963315363
enter 0.0010905125408942203 1.045757490560675 0.0011404116581904854
data 0.0010905125408942203 1.5228787452803376 0.0016607183699894632
driven 0.0010905125408942203 1.3010299956639813 0.0014187895263511247
field 0.0010905125408942203 1.3979400086720377 0.0015244711108746323
marriage 0.0010905125408942203 0.5376020021010439 0.0005862617253010293
wed 0.0010905125408942203 1.045757490560675 0.0011404116581904854
attorney 0.0010905125408942203 0.494850021680094 0.0005396401545039193
raymond 0.0010905125408942203 1.6989700043360187 0.0018527480963315363
pace 0.0021810250817884407 1.6989700043360187 0.0037054961926630725
together 0.0010905125408942203 0.431798275933005 0.00047088143504144496
daughter 0.0010905125408942203 0.8239087409443188 0.000898482814552147
elizabeth 0.0010905125408942203 0.7695510786217261 0.0008392051020956664
rae 0.0010905125408942203 1.6989700043360187 0.0018527480963315363
check 0.0010905125408942203 0.07058107428570728 7.696954665835037e-05
strive 0.0010905125408942203 0.07058107428570728 7.696954665835037e-05
accuracy 0.0010905125408942203 0.07058107428570728 7.696954665835037e-05
fairness 0.0010905125408942203 0.07058107428570728 7.696954665835037e-05
see 0.0021810250817884407 0.04575749056067514 9.97982345925303e-05
something 0.0010905125408942203 0.07058107428570728 7.696954665835037e-05
look 0.0010905125408942203 0.07058107428570728 7.696954665835037e-05
citation 0.0010905125408942203 0.07058107428570728 7.696954665835037e-05
information 0.0010905125408942203 0.07058107428570728 7.696954665835037e-05
article 0.0010905125408942203 0.07058107428570728 7.696954665835037e-05
title 0.0010905125408942203 0.07058107428570728 7.696954665835037e-05
author 0.0010905125408942203 0.06048074738138145 6.595501350205175e-05
com 0.0021810250817884407 0.06048074738138145 0.0001319100270041035
editor 0.0010905125408942203 0.1023729087095586 0.00011163894079559281
website 0.0021810250817884407 0.0655015487564323 0.00014286052073376727
url 0.0010905125408942203 0.07058107428570728 7.696954665835037e-05
publisher 0.0021810250817884407 0.07058107428570728 0.00015393909331670074
e 0.004362050163576881 0.04575749056067514 0.0001995964691850606
television 0.0021810250817884407 0.04575749056067514 9.97982345925303e-05
network 0.0021810250817884407 0.04575749056067514 9.97982345925303e-05
last 0.0010905125408942203 0.0655015487564323 7.143026036688364e-05
updated 0.0010905125408942203 0.07058107428570728 7.696954665835037e-05
original 0.0010905125408942203 0.0655015487564323 7.143026036688364e-05
published 0.0010905125408942203 0.07058107428570728 7.696954665835037e-05
receive 0.0010905125408942203 0.05551732784983141 6.054234225717711e-05
story 0.003271537622682661 0.05551732784983141 0.00018162702677153132
shaped 0.0021810250817884407 0.05551732784983141 0.00012108468451435422
world 0.0021810250817884407 0.04575749056067514 9.97982345925303e-05
sign 0.0010905125408942203 0.05551732784983141 6.054234225717711e-05
person 0.009814612868047983 0.05060999335508724 0.0004967174920346622
betsy 0.0021810250817884407 2.0 0.004362050163576881
ross 0.0021810250817884407 1.3010299956639813 0.0028375790527022495
according 0.0010905125408942203 0.638272163982407 0.0006960437993265071
legend 0.0010905125408942203 0.5686362358410126 0.0006201049463915078
made 0.0010905125408942203 0.1804560644581313 0.000196789601372008
flag 0.0010905125408942203 1.3010299956639813 0.0014187895263511247
despite 0.0010905125408942203 0.4202164033831899 0.00045825125777883307
lack 0.0010905125408942203 1.1549019599857433 0.0012594350708677682
credible 0.0010905125408942203 1.6989700043360187 0.0018527480963315363
evidence 0.0010905125408942203 1.0 0.0010905125408942203
remains 0.0010905125408942203 1.2218487496163564 0.0013324413845325588
icon 0.0010905125408942203 1.0 0.0010905125408942203
richard 0.0021810250817884407 0.6777807052660807 0.0014782567181375807
allen 0.0021810250817884407 1.3979400086720377 0.0030489422217492646
slavery 0.0010905125408942203 1.0 0.0010905125408942203
bought 0.0010905125408942203 1.1549019599857433 0.0012594350708677682
freedom 0.0010905125408942203 0.619788758288394 0.0006758874136187503
went 0.0010905125408942203 0.32790214206428253 0.00035758139810717834
found 0.0010905125408942203 0.3372421683184259 0.00036776681386960295
united 0.0010905125408942203 0.18708664335714445 0.0002040203308147704
cecil 0.0021810250817884407 1.5228787452803376 0.0033214367399789263
b 0.0021810250817884407 0.37675070960209955 0.0008217027472237722
moore 0.0021810250817884407 1.3010299956639813 0.0028375790527022495
activist 0.0021810250817884407 0.494850021680094 0.0010792803090078386
naacp 0.0010905125408942203 0.958607314841775 0.0010453732986278898
helped 0.0021810250817884407 0.3372421683184259 0.0007355336277392059
make 0.0010905125408942203 0.3872161432802645 0.0004222640602838217
equitable 0.0010905125408942203 1.6989700043360187 0.0018527480963315363
live 0.0010905125408942203 0.431798275933005 0.00047088143504144496
resident 0.0010905125408942203 1.0969100130080565 0.0011961941254177279
paul 0.0021810250817884407 0.721246399047171 0.0015730564864714744
robeson 0.0021810250817884407 2.0 0.004362050163576881
performer 0.0010905125408942203 1.2218487496163564 0.0013324413845325588
known 0.003271537622682661 0.06048074738138145 0.00019786504050615524
production 0.0010905125408942203 1.2218487496163564 0.0013324413845325588
like 0.0010905125408942203 0.2365720064370627 0.0002579847398441251
emperor 0.0010905125408942203 1.5228787452803376 0.0016607183699894632
jones 0.0010905125408942203 1.0 0.0010905125408942203
othello 0.0010905125408942203 2.0 0.0021810250817884407
international 0.0010905125408942203 0.40893539297350084 0.0004459491744531089
rush 0.0021810250817884407 1.3979400086720377 0.0030489422217492646
best 0.0021810250817884407 0.13667713987954408 0.0002980962701843928
political 0.0010905125408942203 0.3098039199714864 0.0003378450599470953
activity 0.0010905125408942203 1.0969100130080565 0.0011961941254177279
revolution 0.0010905125408942203 1.0 0.0010905125408942203
including 0.0010905125408942203 0.2365720064370627 0.0002579847398441251
signing 0.0010905125408942203 1.045757490560675 0.0011404116581904854
declaration 0.0010905125408942203 1.045757490560675 0.0011404116581904854
independence 0.0010905125408942203 0.958607314841775 0.0010453732986278898
lucretia 0.0021810250817884407 2.0 0.004362050163576881
mott 0.0021810250817884407 2.0 0.004362050163576881
leading 0.0010905125408942203 0.5228787452803376 0.0005702058290952428
social 0.0010905125408942203 0.5228787452803376 0.0005702058290952428
reformer 0.0010905125408942203 1.6989700043360187 0.0018527480963315363
form 0.0010905125408942203 0.7447274948966939 0.0008121346727335811
free 0.0021810250817884407 0.6989700043360189 0.0015244711108746323
religious 0.0010905125408942203 0.958607314841775 0.0010453732986278898
france 0.0021810250817884407 2.0 0.004362050163576881
w 0.0021810250817884407 0.6989700043360189 0.0015244711108746323
harper 0.0021810250817884407 1.2218487496163564 0.0026648827690651175
poet 0.0010905125408942203 1.2218487496163564 0.0013324413845325588
orator 0.0010905125408942203 1.6989700043360187 0.0018527480963315363
parent 0.0010905125408942203 0.4559319556497244 0.0004971995154304519
publicly 0.0010905125408942203 0.619788758288394 0.0006758874136187503
advocated 0.0010905125408942203 1.0969100130080565 0.0011961941254177279
abolition 0.0010905125408942203 2.0 0.0021810250817884407
speech 0.0010905125408942203 1.045757490560675 0.0011404116581904854
publication 0.0010905125408942203 2.0 0.0021810250817884407
franklin 0.0021810250817884407 0.8239087409443188 0.001796965629104294
founding 0.0010905125408942203 0.6777807052660807 0.0007391283590687904
never 0.0010905125408942203 0.431798275933005 0.00047088143504144496
respected 0.0010905125408942203 1.3979400086720377 0.0015244711108746323
inventor 0.0010905125408942203 1.5228787452803376 0.0016607183699894632
scientist 0.0010905125408942203 1.6989700043360187 0.0018527480963315363
diplomat 0.0010905125408942203 1.2218487496163564 0.0013324413845325588
joe 0.0021810250817884407 0.5228787452803376 0.0011404116581904856
frazier 0.0021810250817884407 1.5228787452803376 0.0033214367399789263
heavyweight 0.0010905125408942203 1.5228787452803376 0.0016607183699894632
boxing 0.0010905125408942203 1.3010299956639813 0.0014187895263511247
champion 0.0010905125408942203 1.0969100130080565 0.0011961941254177279
famous 0.0010905125408942203 0.494850021680094 0.0005396401545039193
thrilla 0.0010905125408942203 1.6989700043360187 0.0018527480963315363
manila 0.0010905125408942203 1.6989700043360187 0.0018527480963315363
loading 0.0010905125408942203 0.04575749056067514 4.989911729626515e-05
logo 0.0010905125408942203 0.04575749056067514 4.989911729626515e-05
registered 0.0010905125408942203 0.04575749056067514 4.989911729626515e-05
trademark 0.0010905125408942203 0.04575749056067514 4.989911729626515e-05
llc 0.0010905125408942203 0.04575749056067514 4.989911729626515e-05
close 0.004362050163576881 0.04575749056067514 0.0001995964691850606
