james 0.020100502512562814 0.6020599913279624 0.012101708368401255
patterson 0.04020100502512563 2.0 0.08040201005025126
book 0.02135678391959799 1.306273051076353 0.027897791291831658
life 0.00628140703517588 0.13679614097137055 0.0008592722422824784
fact 0.0037688442211055275 0.14116214857141457 0.0005320181478822157
biography 0.01256281407035176 0.04575749056067514 0.0005748428462396375
skip 0.001256281407035176 0.04575749056067514 5.748428462396375e-05
main 0.001256281407035176 0.04575749056067514 5.748428462396375e-05
content 0.001256281407035176 0.04575749056067514 5.748428462396375e-05
people 0.005025125628140704 0.04575749056067514 0.000229937138495855
nostalgia 0.0037688442211055275 0.04575749056067514 0.00017245285387189124
celebrity 0.0037688442211055275 0.04575749056067514 0.00017245285387189124
history 0.0037688442211055275 0.04575749056067514 0.00017245285387189124
culture 0.0037688442211055275 0.04575749056067514 0.00017245285387189124
crime 0.0037688442211055275 0.04575749056067514 0.00017245285387189124
scandal 0.0037688442211055275 0.04575749056067514 0.00017245285387189124
video 0.0037688442211055275 0.04575749056067514 0.00017245285387189124
contact 0.0037688442211055275 0.04575749056067514 0.00017245285387189124
u 0.007537688442211055 0.20065945054641832 0.001512508421204158
advertise 0.002512562814070352 0.04575749056067514 0.0001149685692479275
privacy 0.0037688442211055275 0.04575749056067514 0.00017245285387189124
notice 0.002512562814070352 0.04575749056067514 0.0001149685692479275
term 0.002512562814070352 0.04575749056067514 0.0001149685692479275
use 0.002512562814070352 0.04575749056067514 0.0001149685692479275
copyright 0.002512562814070352 0.04575749056067514 0.0001149685692479275
policy 0.002512562814070352 0.04575749056067514 0.0001149685692479275
ad 0.005025125628140704 0.04575749056067514 0.000229937138495855
choice 0.002512562814070352 0.04575749056067514 0.0001149685692479275
accessibility 0.002512562814070352 0.04575749056067514 0.0001149685692479275
support 0.002512562814070352 0.04575749056067514 0.0001149685692479275
setting 0.001256281407035176 0.04575749056067514 5.748428462396375e-05
february 0.001256281407035176 0.04575749056067514 5.748428462396375e-05
subscribe 0.002512562814070352 0.04575749056067514 0.0001149685692479275
newsletter 0.0037688442211055275 0.04575749056067514 0.00017245285387189124
quick 0.001256281407035176 0.07058107428570728 8.866969131370261e-05
name 0.005025125628140704 0.05551732784983141 0.0002789815469840775
birth 0.002512562814070352 0.07058107428570728 0.00017733938262740523
date 0.005025125628140704 0.07058107428570728 0.00035467876525481046
march 0.0037688442211055275 0.27572413039921095 0.0010391612954744132
age 0.001256281407035176 0.11350927482751813 0.00014259959149185694
place 0.002512562814070352 0.07572071393811834 0.00019025305009577473
newburgh 0.002512562814070352 2.0 0.005025125628140704
new 0.007537688442211055 0.14266750356873154 0.0010753831927291322
york 0.007537688442211055 0.3467874862246563 0.0026139760268190176
full 0.002512562814070352 0.3010299956639812 0.0007563567730250784
zodiac 0.001256281407035176 0.3010299956639812 0.0003781783865125392
sign 0.002512562814070352 0.05551732784983141 0.00013949077349203874
aries 0.001256281407035176 1.5228787452803376 0.0019131642528647458
early 0.0037688442211055275 0.07572071393811834 0.00028537957514366207
year 0.007537688442211055 0.24995468798823245 0.0018840805627253702
cite 0.001256281407035176 0.07058107428570728 8.866969131370261e-05
page 0.002512562814070352 0.07058107428570728 0.00017733938262740523
publish 0.001256281407035176 0.07058107428570728 8.866969131370261e-05
mar 0.001256281407035176 0.958607314841775 0.0012042805462836369
comment 0.002512562814070352 0.07058107428570728 0.00017733938262740523
prolific 0.005025125628140704 2.0 0.010050251256281407
author 0.015075376884422112 1.5833594926617192 0.023869741095402804
thriller 0.005025125628140704 2.795880017344075 0.014049648328362186
mystery 0.002512562814070352 3.6989700043360187 0.00929389448325633
young 0.002512562814070352 0.3010299956639812 0.0007563567730250784
adult 0.002512562814070352 0.8860566476931633 0.0022262729841536766
novel 0.008793969849246231 2.318758762624413 0.020391094646194586
first 0.008793969849246231 0.0655015487564323 0.0005760186448429975
successful 0.001256281407035176 0.4559319556497244 0.0005727788387559352
series 0.005025125628140704 0.37675070960209955 0.0018932196462417064
featured 0.002512562814070352 0.7695510786217261 0.0019335454236726788
psychologist 0.001256281407035176 2.0 0.002512562814070352
alex 0.005025125628140704 1.5228787452803376 0.007652657011458983
cross 0.007537688442211055 1.3010299956639813 0.00980675876128629
written 0.0037688442211055275 1.0 0.0037688442211055275
detective 0.0037688442211055275 2.0 0.007537688442211055
story 0.008793969849246231 0.7332980331159121 0.006448600793732896
science 0.0037688442211055275 0.7958800173440752 0.002999547804060585
fiction 0.00628140703517588 1.3979400086720377 0.008781030205226368
romance 0.002512562814070352 1.5228787452803376 0.0038263285057294916
xa 0.005025125628140704 0.17392519729917358 0.0008739959663275055
published 0.007537688442211055 0.07058107428570728 0.0005320181478822157
continued 0.001256281407035176 0.3372421683184259 0.00042367106572666573
moving 0.001256281407035176 0.8860566476931633 0.0011131364920768383
rank 0.002512562814070352 1.2218487496163564 0.003069971732704413
advertising 0.001256281407035176 1.3979400086720377 0.0017562060410452735
world 0.005025125628140704 0.04575749056067514 0.000229937138495855
decided 0.001256281407035176 0.494850021680094 0.0006216708815076558
leave 0.001256281407035176 0.6575773191777938 0.0008261021597710978
executive 0.002512562814070352 0.5528419686577808 0.001389050172506987
focus 0.002512562814070352 0.7695510786217261 0.0019335454236726788
writing 0.007537688442211055 0.853871964321762 0.006436220836596196
time 0.008793969849246231 0.4791236183116582 0.004213398653494482
hold 0.001256281407035176 1.0 0.001256281407035176
guinness 0.0037688442211055275 2.0 0.007537688442211055
record 0.005025125628140704 1.193820026016113 0.005999095608121171
best 0.00628140703517588 0.13667713987954408 0.000858524747987086
seller 0.0037688442211055275 3.3010299956639813 0.0124410678228542
list 0.001256281407035176 0.958607314841775 0.0012042805462836369
born 0.001256281407035176 0.09151498112135023 0.00011496856924792743
good 0.001256281407035176 0.585026652029182 0.000734958105564299
student 0.001256281407035176 0.6020599913279624 0.0007563567730250784
enjoy 0.001256281407035176 1.6989700043360187 0.0021343844275578125
reading 0.002512562814070352 1.3010299956639813 0.0032689195870954303
graduated 0.001256281407035176 0.6575773191777938 0.0008261021597710978
high 0.001256281407035176 0.27572413039921095 0.00034638709849147103
school 0.0037688442211055275 0.14874165128092467 0.0005605841128678065
attended 0.001256281407035176 0.5376020021010439 0.000675379399624427
manhattan 0.001256281407035176 1.1549019599857433 0.001450881859278572
college 0.001256281407035176 0.40893539297350084 0.0005137379308712322
undergraduate 0.001256281407035176 1.3010299956639813 0.0016344597935477152
starting 0.001256281407035176 0.958607314841775 0.0012042805462836369
coursework 0.001256281407035176 2.0 0.002512562814070352
master 0.001256281407035176 0.853871964321762 0.0010727034727660326
degree 0.001256281407035176 0.5228787452803376 0.0006568828458295699
english 0.001256281407035176 1.045757490560675 0.0013137656916591394
literature 0.001256281407035176 1.5228787452803376 0.0019131642528647458
vanderbilt 0.002512562814070352 2.0 0.005025125628140704
university 0.001256281407035176 0.2596373105057561 0.00032617752576100014
left 0.002512562814070352 0.2924298239020636 0.0007347483012614664
took 0.001256281407035176 0.28399665636520083 0.00035677971905175986
job 0.001256281407035176 0.5686362358410126 0.0007143671304535334
copywriter 0.001256281407035176 2.0 0.002512562814070352
agency 0.001256281407035176 1.0 0.001256281407035176
j 0.0037688442211055275 0.7958800173440752 0.002999547804060585
walter 0.001256281407035176 1.2218487496163564 0.0015349858663522065
thompson 0.001256281407035176 1.5228787452803376 0.0019131642528647458
success 0.0037688442211055275 0.431798275933005 0.001627380436933436
though 0.001256281407035176 0.3665315444204135 0.00046046676434725317
climbed 0.001256281407035176 1.3010299956639813 0.0016344597935477152
company 0.001256281407035176 0.494850021680094 0.0006216708815076558
eventually 0.001256281407035176 0.3979400086720376 0.0004999246340100975
becoming 0.001256281407035176 0.3372421683184259 0.00042367106572666573
north 0.001256281407035176 0.6777807052660807 0.0008514832980729657
american 0.007537688442211055 0.1023729087095586 0.0007716550907755673
ceo 0.001256281407035176 1.3979400086720377 0.0017562060410452735
also 0.0037688442211055275 0.0861861476162833 0.0003248221643829773
wrote 0.001256281407035176 0.5528419686577808 0.0006945250862534935
spare 0.001256281407035176 2.0 0.002512562814070352
thomas 0.001256281407035176 0.853871964321762 0.0010727034727660326
berryman 0.001256281407035176 2.0 0.002512562814070352
number 0.0037688442211055275 0.4685210829577449 0.0017657829759714003
came 0.002512562814070352 0.3010299956639812 0.0007563567730250784
edgar 0.001256281407035176 1.5228787452803376 0.0019131642528647458
award 0.0037688442211055275 0.494850021680094 0.0018650126445229672
top 0.001256281407035176 0.48148606012211254 0.0006048819850780308
prize 0.001256281407035176 0.853871964321762 0.0010727034727660326
writer 0.0037688442211055275 2.0 0.007537688442211055
penned 0.001256281407035176 1.2218487496163564 0.0015349858663522065
several 0.002512562814070352 0.32790214206428253 0.0008238747288047299
achieved 0.002512562814070352 0.8239087409443188 0.002070122464684218
breakout 0.001256281407035176 1.5228787452803376 0.0019131642528647458
along 0.001256281407035176 0.4202164033831899 0.0005279100545014948
spider 0.002512562814070352 2.0 0.005025125628140704
used 0.001256281407035176 0.5086383061657272 0.0006389928469418684
work 0.006281407035175879 1.2676062401770314 0.00796235075488085
experience 0.001256281407035176 0.619788758288394 0.0007786290933271281
orchestrate 0.001256281407035176 2.0 0.002512562814070352
television 0.0037688442211055275 0.04575749056067514 0.00017245285387189124
campaign 0.001256281407035176 0.3872161432802645 0.0004864524413068649
helped 0.001256281407035176 0.3372421683184259 0.00042367106572666573
become 0.001256281407035176 0.3372421683184259 0.00042367106572666573
order 0.001256281407035176 0.494850021680094 0.0006216708815076558
many 0.001256281407035176 0.28399665636520083 0.00035677971905175986
protagonist 0.001256281407035176 2.0 0.002512562814070352
include 0.002512562814070352 0.619788758288394 0.0015572581866542562
kiss 0.001256281407035176 1.3979400086720377 0.0017562060410452735
girl 0.001256281407035176 0.7958800173440752 0.000999849268020195
pop 0.001256281407035176 0.5686362358410126 0.0007143671304535334
go 0.002512562814070352 1.6497519816658373 0.004145105481572455
weasel 0.001256281407035176 2.0 0.002512562814070352
violet 0.001256281407035176 2.0 0.002512562814070352
blue 0.001256281407035176 0.8239087409443188 0.001035061232342109
mary 0.002512562814070352 1.0 0.002512562814070352
heart 0.001256281407035176 0.5228787452803376 0.0006568828458295699
morgan 0.001256281407035176 1.3979400086720377 0.0017562060410452735
freeman 0.001256281407035176 2.0 0.002512562814070352
tyler 0.001256281407035176 1.3979400086720377 0.0017562060410452735
perry 0.001256281407035176 1.3010299956639813 0.0016344597935477152
portrayed 0.001256281407035176 1.3979400086720377 0.0017562060410452735
movie 0.001256281407035176 0.7447274948966939 0.0009355873051466004
adaptation 0.001256281407035176 2.0 0.002512562814070352
varied 0.001256281407035176 2.0 0.002512562814070352
genre 0.002512562814070352 2.6020599913279625 0.006537839174190861
city 0.001256281407035176 0.3665315444204135 0.00046046676434725317
michael 0.001256281407035176 0.494850021680094 0.0006216708815076558
bennett 0.001256281407035176 1.6989700043360187 0.0021343844275578125
adopted 0.001256281407035176 1.045757490560675 0.0013137656916591394
child 0.0037688442211055275 0.2076083105017461 0.0007824433812879878
another 0.0037688442211055275 0.40893539297350084 0.0015412137926136965
popular 0.001256281407035176 0.4685210829577449 0.0005885943253238001
woman 0.001256281407035176 0.3979400086720376 0.0004999246340100975
murder 0.001256281407035176 0.853871964321762 0.0010727034727660326
club 0.001256281407035176 0.8239087409443188 0.001035061232342109
adapted 0.001256281407035176 1.3979400086720377 0.0017562060410452735
short 0.001256281407035176 0.8239087409443188 0.001035061232342109
lived 0.001256281407035176 0.6020599913279624 0.0007563567730250784
tv 0.002512562814070352 0.5228787452803376 0.0013137656916591398
show 0.002512562814070352 1.1726307269461747 0.0029463083591612428
repertoire 0.001256281407035176 1.6989700043360187 0.0021343844275578125
extends 0.001256281407035176 2.0 0.002512562814070352
historical 0.001256281407035176 1.5228787452803376 0.0019131642528647458
even 0.002512562814070352 0.3665315444204135 0.0009209335286945063
nonfiction 0.001256281407035176 2.0 0.002512562814070352
addition 0.001256281407035176 0.6777807052660807 0.0008514832980729657
authored 0.002512562814070352 1.1549019599857433 0.002901763718557144
younger 0.001256281407035176 0.585026652029182 0.000734958105564299
reader 0.001256281407035176 2.0 0.002512562814070352
maximum 0.001256281407035176 1.3979400086720377 0.0017562060410452735
ride 0.001256281407035176 1.3979400086720377 0.0017562060410452735
witch 0.001256281407035176 1.3979400086720377 0.0017562060410452735
wizard 0.001256281407035176 1.3979400086720377 0.0017562060410452735
whatever 0.001256281407035176 1.0969100130080565 0.0013780276545327342
known 0.010050251256281407 0.06048074738138145 0.0006078467073505673
involving 0.001256281407035176 1.6989700043360187 0.0021343844275578125
turning 0.001256281407035176 1.0 0.001256281407035176
read 0.001256281407035176 0.0655015487564323 8.228837783471394e-05
next 0.002512562814070352 0.07058107428570728 0.00017733938262740523
bella 0.001256281407035176 0.0655015487564323 8.228837783471394e-05
hadid 0.001256281407035176 0.0655015487564323 8.228837783471394e-05
sadie 0.001256281407035176 0.06048074738138145 7.598083841882092e-05
alexander 0.001256281407035176 0.05551732784983141 6.974538674601937e-05
adrienne 0.001256281407035176 0.0655015487564323 8.228837783471394e-05
kennedy 0.001256281407035176 0.06048074738138145 7.598083841882092e-05
process 0.001256281407035176 0.7958800173440752 0.000999849268020195
appears 0.001256281407035176 1.6989700043360187 0.0021343844275578125
released 0.001256281407035176 0.3010299956639812 0.0003781783865125392
output 0.001256281407035176 1.5228787452803376 0.0019131642528647458
help 0.001256281407035176 0.4559319556497244 0.0005727788387559352
co 0.005025125628140704 0.4202164033831899 0.0021116402180059793
miracle 0.001256281407035176 2.0 0.002512562814070352
th 0.002512562814070352 0.2076083105017461 0.0005216289208586585
green 0.001256281407035176 0.6989700043360189 0.0008781030205226367
peter 0.002512562814070352 1.3979400086720377 0.003512412082090547
de 0.001256281407035176 0.958607314841775 0.0012042805462836369
jonge 0.001256281407035176 2.0 0.002512562814070352
later 0.001256281407035176 0.09151498112135023 0.00011496856924792743
teamed 0.001256281407035176 1.2218487496163564 0.0015349858663522065
former 0.002512562814070352 0.27572413039921095 0.0006927741969829421
president 0.0037688442211055275 0.16749108729376372 0.0006312478164337828
bill 0.001256281407035176 0.4202164033831899 0.0005279100545014948
clinton 0.001256281407035176 0.5228787452803376 0.0006568828458295699
pen 0.001256281407035176 1.5228787452803376 0.0019131642528647458
missing 0.001256281407035176 1.1549019599857433 0.001450881859278572
working 0.001256281407035176 0.35654732351381263 0.0004479237732585586
writes 0.001256281407035176 1.6989700043360187 0.0021343844275578125
extensive 0.001256281407035176 1.2218487496163564 0.0015349858663522065
outline 0.001256281407035176 1.6989700043360187 0.0021343844275578125
sent 0.001256281407035176 0.853871964321762 0.0010727034727660326
produce 0.001256281407035176 2.0 0.002512562814070352
draft 0.001256281407035176 1.045757490560675 0.0013137656916591394
keeping 0.001256281407035176 1.045757490560675 0.0013137656916591394
eye 0.001256281407035176 1.2218487496163564 0.0015349858663522065
progression 0.001256281407035176 1.5228787452803376 0.0019131642528647458
handling 0.001256281407035176 0.958607314841775 0.0012042805462836369
revision 0.001256281407035176 2.0 0.002512562814070352
earned 0.001256281407035176 0.40893539297350084 0.0005137379308712322
sell 0.001256281407035176 1.3010299956639813 0.0016344597935477152
million 0.00628140703517588 1.4814860601221125 0.009305816960566034
e 0.00628140703517588 0.04575749056067514 0.00028742142311981875
ever 0.001256281407035176 0.6989700043360189 0.0008781030205226367
growing 0.001256281407035176 0.585026652029182 0.000734958105564299
already 0.001256281407035176 1.0 0.001256281407035176
accumulated 0.001256281407035176 1.5228787452803376 0.0019131642528647458
according 0.001256281407035176 0.638272163982407 0.0008018494522392048
may 0.001256281407035176 0.3098039199714864 0.0003892009044867919
article 0.002512562814070352 0.07058107428570728 0.00017733938262740523
january 0.001256281407035176 0.2676062401770315 0.0003361887439409943
sold 0.001256281407035176 0.8860566476931633 0.0011131364920768383
worldwide 0.001256281407035176 1.045757490560675 0.0013137656916591394
earns 0.001256281407035176 2.0 0.002512562814070352
brand 0.001256281407035176 1.1549019599857433 0.001450881859278572
management 0.001256281407035176 1.3010299956639813 0.0016344597935477152
became 0.001256281407035176 0.07572071393811834 9.512652504788737e-05
case 0.001256281407035176 0.5228787452803376 0.0006568828458295699
study 0.001256281407035176 0.853871964321762 0.0010727034727660326
harvard 0.001256281407035176 0.7447274948966939 0.0009355873051466004
business 0.001256281407035176 0.6989700043360189 0.0008781030205226367
personal 0.001256281407035176 0.3372421683184259 0.00042367106572666573
honor 0.001256281407035176 0.958607314841775 0.0012042805462836369
married 0.001256281407035176 0.24412514432750856 0.00030668987980842784
sue 0.001256281407035176 1.1549019599857433 0.001450881859278572
solie 0.001256281407035176 2.0 0.002512562814070352
two 0.001256281407035176 0.11918640771920867 0.00014973166798895563
son 0.002512562814070352 0.28399665636520083 0.0007135594381035197
jack 0.001256281407035176 0.853871964321762 0.0010727034727660326
following 0.001256281407035176 0.2518119729937996 0.00031634669974095426
belief 0.001256281407035176 1.045757490560675 0.0013137656916591394
importance 0.001256281407035176 1.0 0.001256281407035176
helping 0.001256281407035176 0.958607314841775 0.0012042805462836369
learn 0.001256281407035176 1.0 0.001256281407035176
love 0.001256281407035176 0.5086383061657272 0.0006389928469418684
compelled 0.001256281407035176 1.3979400086720377 0.0017562060410452735
set 0.001256281407035176 0.494850021680094 0.0006216708815076558
readkiddoread 0.001256281407035176 2.0 0.002512562814070352
com 0.0037688442211055275 0.06048074738138145 0.00022794251525646273
website 0.0037688442211055275 0.0655015487564323 0.0002468651335041418
advises 0.001256281407035176 2.0 0.002512562814070352
parent 0.001256281407035176 0.4559319556497244 0.0005727788387559352
selecting 0.001256281407035176 2.0 0.002512562814070352
awarded 0.002512562814070352 0.8239087409443188 0.002070122464684218
national 0.0037688442211055275 0.3010299956639812 0.0011345351595376176
foundation 0.001256281407035176 0.7695510786217261 0.0009667727118363394
literarian 0.001256281407035176 2.0 0.002512562814070352
outstanding 0.001256281407035176 1.6989700043360187 0.0021343844275578125
service 0.001256281407035176 0.5086383061657272 0.0006389928469418684
literary 0.001256281407035176 1.3979400086720377 0.0017562060410452735
community 0.001256281407035176 0.48148606012211254 0.0006048819850780308
donated 0.001256281407035176 1.6989700043360187 0.0021343844275578125
public 0.001256281407035176 0.2596373105057561 0.00032617752576100014
library 0.001256281407035176 2.0 0.002512562814070352
independent 0.001256281407035176 1.0 0.001256281407035176
bookstore 0.001256281407035176 2.0 0.002512562814070352
throughout 0.001256281407035176 0.6020599913279624 0.0007563567730250784
donald 0.001256281407035176 0.494850021680094 0.0006216708815076558
trump 0.001256281407035176 0.5086383061657272 0.0006389928469418684
humanity 0.001256281407035176 1.6989700043360187 0.0021343844275578125
medal 0.001256281407035176 0.6575773191777938 0.0008261021597710978
check 0.001256281407035176 0.07058107428570728 8.866969131370261e-05
strive 0.001256281407035176 0.07058107428570728 8.866969131370261e-05
accuracy 0.001256281407035176 0.07058107428570728 8.866969131370261e-05
fairness 0.001256281407035176 0.07058107428570728 8.866969131370261e-05
see 0.002512562814070352 0.04575749056067514 0.0001149685692479275
something 0.001256281407035176 0.07058107428570728 8.866969131370261e-05
look 0.001256281407035176 0.07058107428570728 8.866969131370261e-05
right 0.0037688442211055275 0.39848321634998984 0.0015018211671482028
citation 0.001256281407035176 0.07058107428570728 8.866969131370261e-05
information 0.001256281407035176 0.07058107428570728 8.866969131370261e-05
title 0.001256281407035176 0.07058107428570728 8.866969131370261e-05
editor 0.001256281407035176 0.1023729087095586 0.0001286091817959279
url 0.001256281407035176 0.07058107428570728 8.866969131370261e-05
access 0.001256281407035176 0.07058107428570728 8.866969131370261e-05
publisher 0.001256281407035176 0.07058107428570728 8.866969131370261e-05
network 0.002512562814070352 0.04575749056067514 0.0001149685692479275
last 0.001256281407035176 0.0655015487564323 8.228837783471394e-05
updated 0.001256281407035176 0.07058107428570728 8.866969131370261e-05
original 0.001256281407035176 0.0655015487564323 8.228837783471394e-05
april 0.001256281407035176 0.1549019599857432 0.00019460045224339596
receive 0.001256281407035176 0.05551732784983141 6.974538674601937e-05
shaped 0.002512562814070352 0.05551732784983141 0.00013949077349203874
person 0.011306532663316583 0.05060999335508724 0.0005722235429595292
baldwin 0.002512562814070352 1.6989700043360187 0.004268768855115625
essayist 0.001256281407035176 1.5228787452803376 0.0019131642528647458
playwright 0.001256281407035176 1.5228787452803376 0.0019131642528647458
novelist 0.001256281407035176 1.6989700043360187 0.0021343844275578125
voice 0.001256281407035176 0.7447274948966939 0.0009355873051466004
civil 0.002512562814070352 0.3467874862246563 0.0008713253422730059
movement 0.001256281407035176 0.48148606012211254 0.0006048819850780308
including 0.0037688442211055275 0.2365720064370627 0.0008916030393356633
note 0.001256281407035176 1.5228787452803376 0.0019131642528647458
native 0.001256281407035176 1.2218487496163564 0.0015349858663522065
fire 0.001256281407035176 0.958607314841775 0.0012042805462836369
tell 0.001256281407035176 0.9208187539523752 0.0011568074798396673
mountain 0.001256281407035176 1.6989700043360187 0.0021343844275578125
weldon 0.002512562814070352 2.0 0.005025125628140704
johnson 0.002512562814070352 0.853871964321762 0.0021454069455320653
activist 0.001256281407035176 0.494850021680094 0.0006216708815076558
leader 0.001256281407035176 0.37675070960209955 0.0004733049115604266
naacp 0.001256281407035176 0.958607314841775 0.0012042805462836369
leading 0.001256281407035176 0.5228787452803376 0.0006568828458295699
figure 0.001256281407035176 0.6777807052660807 0.0008514832980729657
creation 0.001256281407035176 0.853871964321762 0.0010727034727660326
development 0.001256281407035176 0.7695510786217261 0.0009667727118363394
harlem 0.001256281407035176 1.1549019599857433 0.001450881859278572
renaissance 0.001256281407035176 1.6989700043360187 0.0021343844275578125
garner 0.002512562814070352 2.0 0.005025125628140704
actor 0.001256281407035176 0.4685210829577449 0.0005885943253238001
lead 0.001256281407035176 0.5228787452803376 0.0006568828458295699
role 0.001256281407035176 0.619788758288394 0.0007786290933271281
maverick 0.001256281407035176 2.0 0.002512562814070352
rockford 0.001256281407035176 2.0 0.002512562814070352
file 0.001256281407035176 1.6989700043360187 0.0021343844275578125
film 0.001256281407035176 0.721246399047171 0.000906088441014034
notebook 0.001256281407035176 2.0 0.002512562814070352
washington 0.002512562814070352 0.3979400086720376 0.000999849268020195
irving 0.002512562814070352 2.0 0.005025125628140704
famed 0.001256281407035176 0.8860566476931633 0.0011131364920768383
century 0.001256281407035176 0.494850021680094 0.0006216708815076558
biographical 0.001256281407035176 2.0 0.002512562814070352
rip 0.001256281407035176 2.0 0.002512562814070352
van 0.001256281407035176 1.3010299956639813 0.0016344597935477152
winkle 0.001256281407035176 2.0 0.002512562814070352
legend 0.001256281407035176 0.5686362358410126 0.0007143671304535334
sleepy 0.001256281407035176 2.0 0.002512562814070352
hollow 0.001256281407035176 2.0 0.002512562814070352
lovell 0.002512562814070352 2.0 0.005025125628140704
jr 0.001256281407035176 0.32790214206428253 0.00041193736440236497
jim 0.001256281407035176 1.0 0.001256281407035176
nasa 0.001256281407035176 2.0 0.002512562814070352
astronaut 0.001256281407035176 1.5228787452803376 0.0019131642528647458
retired 0.001256281407035176 1.2218487496163564 0.0015349858663522065
navy 0.001256281407035176 0.958607314841775 0.0012042805462836369
captain 0.001256281407035176 1.5228787452803376 0.0019131642528647458
made 0.001256281407035176 0.1804560644581313 0.0002267035985654916
historic 0.001256281407035176 0.6989700043360189 0.0008781030205226367
space 0.001256281407035176 1.3979400086720377 0.0017562060410452735
flight 0.001256281407035176 2.0 0.002512562814070352
trip 0.001256281407035176 1.3979400086720377 0.0017562060410452735
orbiting 0.001256281407035176 2.0 0.002512562814070352
moon 0.001256281407035176 1.3979400086720377 0.0017562060410452735
commanding 0.001256281407035176 1.6989700043360187 0.0021343844275578125
famous 0.001256281407035176 0.494850021680094 0.0006216708815076558
apollo 0.001256281407035176 1.1549019599857433 0.001450881859278572
mission 0.001256281407035176 1.0 0.001256281407035176
joyce 0.002512562814070352 1.6989700043360187 0.004268768855115625
carol 0.002512562814070352 1.3979400086720377 0.003512412082090547
oates 0.002512562814070352 2.0 0.005025125628140704
acclaimed 0.001256281407035176 0.7958800173440752 0.000999849268020195
like 0.001256281407035176 0.2365720064370627 0.0002972010131118878
garden 0.001256281407035176 1.1549019599857433 0.001450881859278572
earthly 0.001256281407035176 2.0 0.002512562814070352
delight 0.001256281407035176 2.0 0.002512562814070352
fall 0.001256281407035176 2.0 0.002512562814070352
tom 0.002512562814070352 0.958607314841775 0.0024085610925672738
clancy 0.002512562814070352 2.0 0.005025125628140704
selling 0.001256281407035176 0.6575773191777938 0.0008261021597710978
hunt 0.001256281407035176 1.3979400086720377 0.0017562060410452735
red 0.001256281407035176 0.8239087409443188 0.001035061232342109
october 0.001256281407035176 0.37675070960209955 0.0004733049115604266
sum 0.001256281407035176 1.6989700043360187 0.0021343844275578125
fear 0.001256281407035176 1.3010299956639813 0.0016344597935477152
patriot 0.001256281407035176 1.3979400086720377 0.0017562060410452735
game 0.001256281407035176 1.0 0.001256281407035176
barrie 0.001256281407035176 2.0 0.002512562814070352
scottish 0.001256281407035176 1.5228787452803376 0.0019131642528647458
dramatist 0.001256281407035176 2.0 0.002512562814070352
play 0.001256281407035176 0.7958800173440752 0.000999849268020195
pan 0.001256281407035176 1.6989700043360187 0.0021343844275578125
octavia 0.002512562814070352 2.0 0.005025125628140704
butler 0.002512562814070352 2.0 0.005025125628140704
blending 0.001256281407035176 2.0 0.002512562814070352
african 0.001256281407035176 0.28399665636520083 0.00035677971905175986
spiritualism 0.001256281407035176 2.0 0.002512562814070352
patternmaster 0.001256281407035176 2.0 0.002512562814070352
kindred 0.001256281407035176 2.0 0.002512562814070352
dawn 0.001256281407035176 2.0 0.002512562814070352
parable 0.001256281407035176 2.0 0.002512562814070352
sower 0.001256281407035176 2.0 0.002512562814070352
loading 0.001256281407035176 0.04575749056067514 5.748428462396375e-05
logo 0.001256281407035176 0.04575749056067514 5.748428462396375e-05
registered 0.001256281407035176 0.04575749056067514 5.748428462396375e-05
trademark 0.001256281407035176 0.04575749056067514 5.748428462396375e-05
llc 0.001256281407035176 0.04575749056067514 5.748428462396375e-05
close 0.005025125628140704 0.04575749056067514 0.000229937138495855
