trayvon 0.017075773745997867 1.3979400086720377 0.023870907298562012
martin 0.05549626467449306 0.5686362358410126 0.0315571870477403
story 0.0064034151547491995 0.7332980331159121 0.004695611738202212
family 0.005336179295624333 1.0777937225609837 0.005751300547283798
fact 0.0032017075773746 0.14116214857141457 0.0004519599207195771
biography 0.010672358591248666 0.04575749056067514 0.0004883403474992012
skip 0.0010672358591248667 0.04575749056067514 4.883403474992011e-05
main 0.0010672358591248667 0.04575749056067514 4.883403474992011e-05
content 0.0010672358591248667 0.04575749056067514 4.883403474992011e-05
people 0.007470651013874066 0.04575749056067514 0.0003418382432494408
nostalgia 0.0032017075773745998 0.04575749056067514 0.00014650210424976034
celebrity 0.0032017075773745998 0.04575749056067514 0.00014650210424976034
history 0.004268943436499467 0.04575749056067514 0.00019533613899968045
culture 0.0032017075773745998 0.04575749056067514 0.00014650210424976034
crime 0.004268943436499467 0.04575749056067514 0.00019533613899968045
scandal 0.0032017075773745998 0.04575749056067514 0.00014650210424976034
video 0.004268943436499467 0.04575749056067514 0.00019533613899968045
contact 0.004268943436499467 0.04575749056067514 0.00019533613899968045
u 0.0032017075773745998 0.04575749056067514 0.00014650210424976034
advertise 0.0021344717182497333 0.04575749056067514 9.766806949984022e-05
privacy 0.0032017075773745998 0.04575749056067514 0.00014650210424976034
notice 0.0021344717182497333 0.04575749056067514 9.766806949984022e-05
term 0.0021344717182497333 0.04575749056067514 9.766806949984022e-05
use 0.0021344717182497333 0.04575749056067514 9.766806949984022e-05
copyright 0.0021344717182497333 0.04575749056067514 9.766806949984022e-05
policy 0.0021344717182497333 0.04575749056067514 9.766806949984022e-05
ad 0.0021344717182497333 0.04575749056067514 9.766806949984022e-05
choice 0.0021344717182497333 0.04575749056067514 9.766806949984022e-05
accessibility 0.0021344717182497333 0.04575749056067514 9.766806949984022e-05
support 0.0032017075773745998 0.04575749056067514 0.00014650210424976034
setting 0.0010672358591248667 0.04575749056067514 4.883403474992011e-05
february 0.0096051227321238 0.04575749056067514 0.000439506312749281
subscribe 0.0021344717182497333 0.04575749056067514 9.766806949984022e-05
newsletter 0.0032017075773745998 0.04575749056067514 0.00014650210424976034
photo 0.0032017075773746 1.0457574905606752 0.0033482096816243607
ap 0.0010672358591248667 2.0 0.0021344717182497333
quick 0.0010672358591248667 0.07058107428570728 7.532665345326284e-05
name 0.004268943436499467 1.1012748184105063 0.004701279907835673
birth 0.0021344717182497333 0.07058107428570728 0.0001506533069065257
date 0.005336179295624333 0.07058107428570728 0.00037663326726631425
death 0.007470651013874066 0.2365720064370627 0.0017673468997432644
education 0.0032017075773745998 0.19382002601611284 0.0006205550459427306
dr 0.0021344717182497333 0.7958800173440752 0.0016987833881410357
michael 0.0021344717182497333 0.494850021680094 0.001056243376051428
krop 0.0032017075773745998 2.0 0.0064034151547491995
high 0.004268943436499467 0.27572413039921095 0.0011770507167522346
school 0.0064034151547491995 1.0026136156026868 0.006420151220508133
place 0.0021344717182497333 0.07572071393811834 0.00016162372238659199
florida 0.0064034151547491995 0.7447274948966939 0.004768799326979897
sanford 0.0032017075773745998 2.0 0.0064034151547491995
aka 0.0010672358591248667 0.853871964321762 0.0009112827794255733
full 0.0021344717182497333 0.3010299956639812 0.0006425400120896077
benjamin 0.0021344717182497333 0.958607314841775 0.0020461202024370864
early 0.0032017075773745998 0.07572071393811834 0.00024243558357988796
life 0.004268943436499467 0.13679614097137055 0.000583974988138188
arrest 0.004268943436499467 0.8860566476931633 0.0037825257105364497
trial 0.0032017075773745998 0.7447274948966939 0.0023843996634899485
george 0.0064034151547491995 0.4685210829577449 0.0030001350029311307
zimmerman 0.025613660618996798 1.3979400086720377 0.035806360947843015
cite 0.0010672358591248667 0.07058107428570728 7.532665345326284e-05
page 0.0010672358591248667 0.07058107428570728 7.532665345326284e-05
publish 0.0010672358591248667 0.07058107428570728 7.532665345326284e-05
apr 0.0010672358591248667 0.5528419686577808 0.0005900127733807693
comment 0.0021344717182497333 0.07058107428570728 0.0001506533069065257
unarmed 0.0021344717182497333 1.5228787452803376 0.0032505416121245204
american 0.0021344717182497333 0.1023729087095586 0.00021851207835551465
year 0.0032017075773746 0.24995468798823245 0.0008002818185322278
old 0.0010672358591248667 0.28399665636520083 0.00030309141554450464
killed 0.0021344717182497333 0.6989700043360189 0.0014919317061601258
sparking 0.0021344717182497333 1.1549019599857433 0.0024651055709407543
national 0.0032017075773745998 0.3010299956639812 0.0009638100181344116
controversy 0.0010672358591248667 0.8239087409443188 0.0008793049529821972
criminal 0.0021344717182497333 0.9208187539523752 0.001965461587945305
record 0.0010672358591248667 0.494850021680094 0.000528121688025714
shot 0.0021344717182497333 0.958607314841775 0.0020461202024370864
neighborhood 0.0032017075773745998 0.7958800173440752 0.0025481750822115533
watch 0.004268943436499467 1.2218487496163564 0.005216003200069825
member 0.004268943436499467 0.8386319977650252 0.00358007256249744
initial 0.0010672358591248667 0.8239087409443188 0.0008793049529821972
release 0.0010672358591248667 0.5686362358410126 0.0006068689816873135
later 0.005336179295624333 0.09151498112135023 0.0004883403474992008
sparked 0.0010672358591248667 1.0 0.0010672358591248667
debate 0.0010672358591248667 0.853871964321762 0.0009112827794255733
racial 0.0032017075773745998 0.6989700043360189 0.0022378975592401884
profiling 0.0021344717182497333 2.0 0.004268943436499467
role 0.0010672358591248667 0.3665315444204135 0.00039117560770588427
armed 0.0010672358591248667 1.045757490560675 0.0011160698938747866
law 0.0010672358591248667 0.3665315444204135 0.00039117560770588427
enforcement 0.0010672358591248667 1.045757490560675 0.0011160698938747866
july 0.0032017075773745998 0.37675070960209955 0.0012062456017142996
jury 0.0032017075773745998 0.853871964321762 0.0027338483382767192
acquitted 0.0021344717182497333 1.3010299956639813 0.0027770117303393413
murder 0.0032017075773745998 0.853871964321762 0.0027338483382767192
foundation 0.004268943436499467 2.167491087293764 0.009252896850773806
established 0.0032017075773745998 0.7447274948966939 0.0023843996634899485
thousand 0.0010672358591248667 0.9208187539523752 0.0009827307939726524
taken 0.0010672358591248667 0.6989700043360189 0.0007459658530800629
street 0.0021344717182497333 1.3010299956639813 0.0027770117303393413
across 0.0010672358591248667 0.8239087409443188 0.0008793049529821972
america 0.0010672358591248667 0.37675070960209955 0.00040208186723809984
protest 0.0021344717182497333 1.5686362358410126 0.0033482096816243602
circumstance 0.0021344717182497333 1.3010299956639813 0.0027770117303393413
surrounding 0.0010672358591248667 1.5228787452803376 0.0016252708060622602
teen 0.0021344717182497333 0.8860566476931633 0.0018912628552682248
born 0.0010672358591248667 0.09151498112135023 9.766806949984017e-05
parent 0.0032017075773745998 0.4559319556497244 0.0014597607971709426
sybrina 0.0010672358591248667 2.0 0.0021344717182497333
fulton 0.0010672358591248667 2.0 0.0021344717182497333
tracy 0.0021344717182497333 1.5228787452803376 0.0032505416121245204
divorced 0.0010672358591248667 0.853871964321762 0.0009112827794255733
four 0.0010672358591248667 0.28399665636520083 0.00030309141554450464
attended 0.0010672358591248667 0.5376020021010439 0.000573748134579556
public 0.0010672358591248667 0.2596373105057561 0.0002770942481384804
including 0.0032017075773745998 0.2365720064370627 0.0007574343856042562
miami 0.0021344717182497333 1.3010299956639813 0.0027770117303393413
garden 0.0010672358591248667 1.2218487496163564 0.0013040008000174562
wanted 0.0010672358591248667 0.5528419686577808 0.0005900127733807693
expose 0.0010672358591248667 2.0 0.0021344717182497333
world 0.0021344717182497333 0.04575749056067514 9.766806949984022e-05
experience 0.0010672358591248667 1.3010299956639813 0.0013885058651696707
included 0.0021344717182497333 0.48148606012211254 0.00102771837806214
skiing 0.0010672358591248667 2.0 0.0021344717182497333
horseback 0.0010672358591248667 2.0 0.0021344717182497333
riding 0.0010672358591248667 1.3979400086720377 0.0014919317061601258
trip 0.0010672358591248667 0.8860566476931633 0.0009456314276341124
new 0.0010672358591248667 0.14266750356873154 0.00015225987574037518
york 0.0010672358591248667 0.3467874862246563 0.00037010404079472394
city 0.0032017075773746 1.58838029403677 0.005085529223170022
take 0.0010672358591248667 0.48148606012211254 0.00051385918903107
sight 0.0010672358591248667 1.3010299956639813 0.0013885058651696707
xa 0.007470651013874066 0.17392519729917358 0.001299334451541318
carol 0.0010672358591248667 1.3979400086720377 0.0014919317061601258
went 0.0010672358591248667 0.32790214206428253 0.00034994892429485863
youngster 0.0021344717182497333 1.6989700043360187 0.0036264034244098587
took 0.0021344717182497333 0.28399665636520083 0.0006061828310890093
english 0.0010672358591248667 1.045757490560675 0.0011160698938747866
honor 0.0010672358591248667 0.958607314841775 0.0010230601012185432
class 0.0010672358591248667 0.44369749923271273 0.00047352988178517904
though 0.0010672358591248667 0.3665315444204135 0.00039117560770588427
favorite 0.0010672358591248667 0.8239087409443188 0.0008793049529821972
subject 0.0010672358591248667 1.045757490560675 0.0011160698938747866
said 0.0010672358591248667 0.2518119729937996 0.0002687427673359654
math 0.0010672358591248667 1.6989700043360187 0.0018132017122049293
tall 0.0010672358591248667 1.5228787452803376 0.0016252708060622602
athletically 0.0010672358591248667 2.0 0.0021344717182497333
inclined 0.0010672358591248667 2.0 0.0021344717182497333
tattoo 0.0010672358591248667 2.0 0.0021344717182497333
frame 0.0010672358591248667 1.5228787452803376 0.0016252708060622602
often 0.0010672358591248667 0.5376020021010439 0.000573748134579556
quiet 0.0010672358591248667 0.958607314841775 0.0010230601012185432
highly 0.0021344717182497333 0.9208187539523752 0.001965461587945305
interested 0.0010672358591248667 1.0969100130080565 0.0011706617001153218
studying 0.0010672358591248667 1.0 0.0010672358591248667
aviation 0.0010672358591248667 2.0 0.0021344717182497333
potentially 0.0010672358591248667 1.3979400086720377 0.0014919317061601258
becoming 0.0010672358591248667 0.3372421683184259 0.00035991693523844816
pilot 0.0010672358591248667 1.3979400086720377 0.0014919317061601258
yet 0.0010672358591248667 0.6777807052660807 0.0007233518732829037
also 0.0032017075773745998 0.0861861476162833 0.0002759428418877801
started 0.0010672358591248667 0.6020599913279624 0.0006425400120896077
problem 0.0010672358591248667 0.7958800173440752 0.0008493916940705179
receiving 0.0010672358591248667 0.619788758288394 0.0006614607879278485
suspension 0.0021344717182497333 3.3010299956639813 0.007045955166838808
different 0.0010672358591248667 0.7695510786217261 0.0008212925065333256
time 0.004268943436499467 0.4791236183116582 0.002045351625663429
late 0.0010672358591248667 0.3665315444204135 0.00039117560770588427
spent 0.0010672358591248667 0.48148606012211254 0.00051385918903107
third 0.0010672358591248667 0.4202164033831899 0.0004484700142830202
visiting 0.0010672358591248667 1.3010299956639813 0.0013885058651696707
father 0.004268943436499467 0.14874165128092467 0.0006349696959697959
close 0.005336179295624333 0.04575749056067514 0.0002441701737496006
fianc 0.0010672358591248667 2.0 0.0021344717182497333
xe 0.0010672358591248667 0.853871964321762 0.0009112827794255733
e 0.0032017075773745998 0.04575749056067514 0.00014650210424976034
brandy 0.0010672358591248667 2.0 0.0021344717182497333
green 0.0021344717182497333 0.6989700043360189 0.0014919317061601258
home 0.0021344717182497333 1.5406075122407692 0.0032883831638010016
gated 0.0010672358591248667 2.0 0.0021344717182497333
community 0.0032017075773745998 0.48148606012211254 0.0015415775670932098
retreat 0.0010672358591248667 2.0 0.0021344717182497333
twin 0.0010672358591248667 1.2218487496163564 0.0013040008000174562
lake 0.0010672358591248667 2.0 0.0021344717182497333
response 0.0010672358591248667 0.853871964321762 0.0009112827794255733
rash 0.0010672358591248667 2.0 0.0021344717182497333
robbery 0.0010672358591248667 2.0 0.0021344717182497333
burglary 0.0010672358591248667 2.0 0.0021344717182497333
resident 0.0021344717182497333 1.0969100130080565 0.0023413234002306435
september 0.0010672358591248667 0.5086383061657272 0.0005428370396645969
one 0.0021344717182497333 0.08092190762392613 0.00017272552321008781
selected 0.0010672358591248667 1.2218487496163564 0.0013040008000174562
program 0.0010672358591248667 0.5528419686577808 0.0005900127733807693
coordinator 0.0010672358591248667 1.6989700043360187 0.0018132017122049293
regularly 0.0010672358591248667 1.5228787452803376 0.0016252708060622602
patrolled 0.0010672358591248667 2.0 0.0021344717182497333
licensed 0.0010672358591248667 1.0969100130080565 0.0011706617001153218
carry 0.0010672358591248667 1.3010299956639813 0.0013885058651696707
firearm 0.0010672358591248667 2.0 0.0021344717182497333
august 0.0010672358591248667 0.494850021680094 0.000528121688025714
called 0.0032017075773745998 0.3010299956639812 0.0009638100181344116
police 0.0032017075773745998 0.5376020021010439 0.0017212444037386677
several 0.0032017075773745998 0.32790214206428253 0.001049846772884576
state 0.0021344717182497333 0.4930892744484819 0.0010524851108825654
seen 0.0010672358591248667 0.619788758288394 0.0006614607879278485
individual 0.0010672358591248667 1.0969100130080565 0.0011706617001153218
deemed 0.0010672358591248667 1.3010299956639813 0.0013885058651696707
suspicious 0.0021344717182497333 1.6989700043360187 0.0036264034244098587
reported 0.0010672358591248667 0.7447274948966939 0.0007947998878299828
figure 0.0010672358591248667 0.8239087409443188 0.0008793049529821972
black 0.0021344717182497333 0.3872161432802645 0.0008265019066814611
male 0.0010672358591248667 2.0 0.0021344717182497333
evening 0.0010672358591248667 1.3979400086720377 0.0014919317061601258
saw 0.0010672358591248667 0.6989700043360189 0.0007459658530800629
left 0.0010672358591248667 0.2924298239020636 0.00031209159434585234
house 0.0010672358591248667 0.32790214206428253 0.00034994892429485863
purchase 0.0010672358591248667 1.0 0.0010672358591248667
skittle 0.0010672358591248667 2.0 0.0021344717182497333
iced 0.0010672358591248667 2.0 0.0021344717182497333
tea 0.0010672358591248667 1.3010299956639813 0.0013885058651696707
suv 0.0010672358591248667 2.0 0.0021344717182497333
department 0.0021344717182497333 0.7447274948966939 0.0015895997756599656
p 0.0021344717182497333 0.9208187539523752 0.001965461587945305
report 0.0021344717182497333 0.8239087409443188 0.0017586099059643944
guy 0.0010672358591248667 1.1549019599857433 0.0012325527854703771
walking 0.0010672358591248667 1.2218487496163564 0.0013040008000174562
starting 0.0010672358591248667 0.958607314841775 0.0010230601012185432
run 0.0021344717182497333 0.4559319556497244 0.0009731738647806284
dispatcher 0.0010672358591248667 2.0 0.0021344717182497333
told 0.0021344717182497333 0.44369749923271273 0.0009470597635703581
get 0.0010672358591248667 0.44369749923271273 0.00047352988178517904
car 0.0010672358591248667 0.8860566476931633 0.0009456314276341124
follow 0.0010672358591248667 0.7958800173440752 0.0008493916940705179
disregarding 0.0010672358591248667 2.0 0.0021344717182497333
instruction 0.0010672358591248667 1.5228787452803376 0.0016252708060622602
pursuing 0.0010672358591248667 1.0969100130080565 0.0011706617001153218
read 0.0010672358591248667 0.0655015487564323 6.990560166108036e-05
next 0.0010672358591248667 0.07058107428570728 7.532665345326284e-05
bella 0.0010672358591248667 0.0655015487564323 6.990560166108036e-05
hadid 0.0010672358591248667 0.0655015487564323 6.990560166108036e-05
sadie 0.0010672358591248667 0.06048074738138145 6.454722239208266e-05
alexander 0.0010672358591248667 0.05551732784983141 5.9250083084131714e-05
adrienne 0.0010672358591248667 0.0655015487564323 6.990560166108036e-05
kennedy 0.0010672358591248667 0.06048074738138145 6.454722239208266e-05
released 0.0021344717182497333 0.3010299956639812 0.0006425400120896077
footage 0.0010672358591248667 1.5228787452803376 0.0016252708060622602
shopping 0.0010672358591248667 1.5228787452803376 0.0016252708060622602
treat 0.0010672358591248667 2.0 0.0021344717182497333
showed 0.0010672358591248667 0.8239087409443188 0.0008793049529821972
aggressive 0.0010672358591248667 1.2218487496163564 0.0013040008000174562
behavior 0.0010672358591248667 1.5228787452803376 0.0016252708060622602
interview 0.0010672358591248667 1.3010299956639813 0.0013885058651696707
revealed 0.0010672358591248667 0.5086383061657272 0.0005428370396645969
phone 0.0010672358591248667 1.0969100130080565 0.0011706617001153218
girlfriend 0.0021344717182497333 1.2218487496163564 0.0026080016000349124
spotted 0.0010672358591248667 2.0 0.0021344717182497333
stated 0.0021344717182497333 0.7447274948966939 0.0015895997756599656
noticed 0.0010672358591248667 1.2218487496163564 0.0013040008000174562
followed 0.0010672358591248667 0.5528419686577808 0.0005900127733807693
someone 0.0021344717182497333 1.0 0.0021344717182497333
thus 0.0010672358591248667 1.3010299956639813 0.0013885058651696707
began 0.0021344717182497333 0.20065945054641826 0.0004283019221908608
two 0.0010672358591248667 0.11918640771920867 0.00012720000823821632
soon 0.0010672358591248667 0.40893539297350084 0.0004364305154466391
losing 0.0010672358591248667 1.1549019599857433 0.0012325527854703771
via 0.0010672358591248667 0.5086383061657272 0.0005428370396645969
earpiece 0.0010672358591248667 2.0 0.0021344717182497333
believed 0.0010672358591248667 0.6020599913279624 0.0006425400120896077
never 0.0010672358591248667 0.431798275933005 0.00046083060398399684
identified 0.0010672358591248667 1.5228787452803376 0.0016252708060622602
part 0.0021344717182497333 0.3372421683184259 0.0007198338704768963
encountered 0.0010672358591248667 1.3979400086720377 0.0014919317061601258
remained 0.0010672358591248667 0.585026652029182 0.0006243614215893085
mysterious 0.0010672358591248667 1.5228787452803376 0.0016252708060622602
conflicted 0.0010672358591248667 2.0 0.0021344717182497333
calling 0.0021344717182497333 0.7958800173440752 0.0016987833881410357
help 0.0021344717182497333 0.4559319556497244 0.0009731738647806284
multiple 0.0010672358591248667 0.721246399047171 0.0007697400203278239
short 0.0010672358591248667 0.8239087409443188 0.0008793049529821972
span 0.0010672358591248667 1.5228787452803376 0.0016252708060622602
confrontation 0.0010672358591248667 1.2218487496163564 0.0013040008000174562
ended 0.0010672358591248667 0.5686362358410126 0.0006068689816873135
shooting 0.0010672358591248667 0.958607314841775 0.0010230601012185432
teenager 0.0021344717182497333 0.958607314841775 0.0020461202024370864
chest 0.0010672358591248667 1.6989700043360187 0.0018132017122049293
died 0.0010672358591248667 0.31875876262441283 0.00034019078188304467
le 0.0010672358591248667 0.8239087409443188 0.0008793049529821972
hundred 0.0010672358591248667 1.3979400086720377 0.0014919317061601258
yard 0.0010672358591248667 1.5228787452803376 0.0016252708060622602
door 0.0021344717182497333 1.2218487496163564 0.0026080016000349124
townhouse 0.0010672358591248667 2.0 0.0021344717182497333
staying 0.0010672358591248667 1.6989700043360187 0.0018132017122049293
officer 0.0021344717182497333 1.0969100130080565 0.0023413234002306435
arrived 0.0010672358591248667 1.0 0.0010672358591248667
scene 0.0010672358591248667 1.2218487496163564 0.0013040008000174562
found 0.0021344717182497333 0.3372421683184259 0.0007198338704768963
dead 0.0010672358591248667 0.9208187539523752 0.0009827307939726524
ground 0.0010672358591248667 1.045757490560675 0.0011160698938747866
bleeding 0.0010672358591248667 1.6989700043360187 0.0018132017122049293
wound 0.0010672358591248667 2.0 0.0021344717182497333
head 0.0010672358591248667 0.5228787452803376 0.0005580349469373934
face 0.0010672358591248667 0.7958800173440752 0.0008493916940705179
custody 0.0010672358591248667 1.045757490560675 0.0011160698938747866
claimed 0.0010672358591248667 0.7447274948966939 0.0007947998878299828
self 0.0010672358591248667 0.6989700043360189 0.0007459658530800629
defense 0.0010672358591248667 0.7695510786217261 0.0008212925065333256
shortly 0.0010672358591248667 0.585026652029182 0.0006243614215893085
charge 0.004268943436499467 1.8794260687941502 0.008023163580764783
filed 0.0010672358591248667 0.7958800173440752 0.0008493916940705179
learned 0.0010672358591248667 0.6989700043360189 0.0007459658530800629
son 0.0021344717182497333 0.28399665636520083 0.0006061828310890093
filing 0.0010672358591248667 1.3979400086720377 0.0014919317061601258
missing 0.0010672358591248667 1.1549019599857433 0.0012325527854703771
person 0.011739594450373533 1.3516399890190685 0.015867705313991197
dade 0.0010672358591248667 2.0 0.0021344717182497333
gotten 0.0010672358591248667 1.5228787452803376 0.0016252708060622602
legal 0.0010672358591248667 0.5086383061657272 0.0005428370396645969
representation 0.0010672358591248667 1.6989700043360187 0.0018132017122049293
created 0.0032017075773745998 0.721246399047171 0.0023092200609834716
change 0.0010672358591248667 0.5686362358410126 0.0006068689816873135
org 0.0010672358591248667 2.0 0.0021344717182497333
document 0.0010672358591248667 1.3010299956639813 0.0013885058651696707
received 0.0010672358591248667 0.28399665636520083 0.00030309141554450464
million 0.0010672358591248667 0.5228787452803376 0.0005580349469373934
signature 0.0010672358591248667 2.0 0.0021344717182497333
placed 0.0010672358591248667 1.1549019599857433 0.0012325527854703771
case 0.0032017075773745998 0.5228787452803376 0.0016741048408121801
became 0.0032017075773745998 0.07572071393811834 0.00024243558357988796
social 0.0010672358591248667 0.5228787452803376 0.0005580349469373934
medium 0.0032017075773745998 0.5086383061657272 0.0016285111189937905
phenomenon 0.0010672358591248667 1.3979400086720377 0.0014919317061601258
critic 0.0010672358591248667 0.853871964321762 0.0009112827794255733
alleging 0.0010672358591248667 1.3979400086720377 0.0014919317061601258
antipathy 0.0010672358591248667 2.0 0.0021344717182497333
may 0.0010672358591248667 0.3098039199714864 0.0003306338526910207
motivated 0.0010672358591248667 1.5228787452803376 0.0016252708060622602
action 0.0010672358591248667 0.6777807052660807 0.0007233518732829037
president 0.0021344717182497333 0.16749108729376372 0.00035750498888743594
barack 0.0010672358591248667 0.3872161432802645 0.00041325095334073057
obama 0.0010672358591248667 0.37675070960209955 0.00040208186723809984
look 0.0021344717182497333 0.07058107428570728 0.0001506533069065257
like 0.0010672358591248667 0.2365720064370627 0.0002524781285347521
investigated 0.0010672358591248667 1.5228787452803376 0.0016252708060622602
charged 0.0032017075773745998 0.7695510786217261 0.002463877519599977
second 0.0010672358591248667 0.19382002601611284 0.0002068516819809102
degree 0.0010672358591248667 0.5228787452803376 0.0005580349469373934
april 0.0021344717182497333 0.1549019599857432 0.0003306338526910207
additional 0.0010672358591248667 0.853871964321762 0.0009112827794255733
information 0.0021344717182497333 0.07058107428570728 0.0001506533069065257
coming 0.0010672358591248667 0.8239087409443188 0.0008793049529821972
attention 0.0010672358591248667 0.6777807052660807 0.0007233518732829037
made 0.0010672358591248667 0.1804560644581313 0.0001925891829862661
even 0.0010672358591248667 0.3665315444204135 0.00039117560770588427
june 0.0021344717182497333 0.28399665636520083 0.0006061828310890093
selection 0.0010672358591248667 1.3010299956639813 0.0013885058651696707
female 0.0010672358591248667 0.6020599913279624 0.0006425400120896077
following 0.0010672358591248667 0.2518119729937996 0.0002687427673359654
month 0.0010672358591248667 0.585026652029182 0.0006243614215893085
six 0.0021344717182497333 0.5686362358410126 0.001213737963374627
triggering 0.0010672358591248667 2.0 0.0021344717182497333
mostly 0.0010672358591248667 0.8239087409443188 0.0008793049529821972
peaceful 0.0010672358591248667 1.0969100130080565 0.0011706617001153218
domestic 0.0010672358591248667 1.045757490560675 0.0011160698938747866
aggravated 0.0021344717182497333 2.0 0.004268943436499467
assault 0.0021344717182497333 0.958607314841775 0.0020461202024370864
among 0.0021344717182497333 0.35654732351381263 0.0007610401782578712
allegedly 0.0010672358591248667 0.853871964321762 0.0009112827794255733
choked 0.0010672358591248667 2.0 0.0021344717182497333
aimed 0.0010672358591248667 1.045757490560675 0.0011160698938747866
gun 0.0010672358591248667 0.8860566476931633 0.0009456314276341124
woman 0.0032017075773745998 0.3979400086720376 0.0012740875411057766
opted 0.0010672358591248667 1.3979400086720377 0.0014919317061601258
pursue 0.0010672358591248667 0.8860566476931633 0.0009456314276341124
arrested 0.0010672358591248667 0.8239087409443188 0.0008793049529821972
another 0.0010672358591248667 0.40893539297350084 0.0004364305154466391
march 0.0010672358591248667 0.27572413039921095 0.00029426267918805865
goal 0.0010672358591248667 0.9208187539523752 0.0009827307939726524
increasing 0.0010672358591248667 0.958607314841775 0.0010230601012185432
awareness 0.0010672358591248667 1.3010299956639813 0.0013885058651696707
effect 0.0010672358591248667 1.0969100130080565 0.0011706617001153218
violence 0.0010672358591248667 0.8239087409443188 0.0008793049529821972
scrutinizing 0.0010672358591248667 2.0 0.0021344717182497333
gender 0.0010672358591248667 1.2218487496163564 0.0013040008000174562
first 0.0010672358591248667 0.0655015487564323 6.990560166108036e-05
documentary 0.0021344717182497333 0.8239087409443188 0.0017586099059643944
series 0.0032017075773745998 0.37675070960209955 0.0012062456017142996
rest 0.0010672358591248667 0.6020599913279624 0.0006425400120896077
power 0.0010672358591248667 0.5376020021010439 0.000573748134579556
aired 0.0010672358591248667 1.2218487496163564 0.0013040008000174562
tv 0.0010672358591248667 0.5228787452803376 0.0005580349469373934
produced 0.0021344717182497333 0.7958800173440752 0.0016987833881410357
jay 0.0010672358591248667 1.3010299956639813 0.0013885058651696707
z 0.0010672358591248667 1.3979400086720377 0.0014919317061601258
explores 0.0010672358591248667 1.6989700043360187 0.0018132017122049293
background 0.0010672358591248667 0.7958800173440752 0.0008493916940705179
recount 0.0010672358591248667 1.5228787452803376 0.0016252708060622602
event 0.0010672358591248667 0.853871964321762 0.0009112827794255733
leading 0.0010672358591248667 0.5228787452803376 0.0005580349469373934
examines 0.0010672358591248667 2.0 0.0021344717182497333
activist 0.0021344717182497333 1.494850021680094 0.0031907150943011613
organization 0.0010672358591248667 0.7958800173440752 0.0008493916940705179
sprung 0.0010672358591248667 1.6989700043360187 0.0018132017122049293
forth 0.0010672358591248667 1.3979400086720377 0.0014919317061601258
aftermath 0.0010672358591248667 1.0 0.0010672358591248667
matter 0.0010672358591248667 0.853871964321762 0.0009112827794255733
really 0.0021344717182497333 0.721246399047171 0.0015394800406556479
important 0.0010672358591248667 0.8860566476931633 0.0009456314276341124
see 0.0032017075773745998 0.04575749056067514 0.00014650210424976034
dad 0.0010672358591248667 0.958607314841775 0.0010230601012185432
future 0.0010672358591248667 0.721246399047171 0.0007697400203278239
ahead 0.0010672358591248667 0.958607314841775 0.0010230601012185432
know 0.0010672358591248667 0.4559319556497244 0.0004865869323903142
check 0.0010672358591248667 0.07058107428570728 7.532665345326284e-05
strive 0.0010672358591248667 0.07058107428570728 7.532665345326284e-05
accuracy 0.0010672358591248667 0.07058107428570728 7.532665345326284e-05
fairness 0.0010672358591248667 0.07058107428570728 7.532665345326284e-05
something 0.0010672358591248667 0.07058107428570728 7.532665345326284e-05
right 0.0021344717182497333 0.39848321634998984 0.000850551155496243
citation 0.0010672358591248667 0.07058107428570728 7.532665345326284e-05
article 0.0010672358591248667 0.07058107428570728 7.532665345326284e-05
title 0.0010672358591248667 0.07058107428570728 7.532665345326284e-05
author 0.0010672358591248667 0.06048074738138145 6.454722239208266e-05
com 0.0021344717182497333 0.06048074738138145 0.00012909444478416532
editor 0.0021344717182497333 1.1481303992702336 0.002450651866105088
website 0.0021344717182497333 0.0655015487564323 0.00013981120332216072
url 0.0010672358591248667 0.07058107428570728 7.532665345326284e-05
access 0.0010672358591248667 0.07058107428570728 7.532665345326284e-05
publisher 0.0010672358591248667 0.07058107428570728 7.532665345326284e-05
television 0.0021344717182497333 0.04575749056067514 9.766806949984022e-05
network 0.0021344717182497333 0.04575749056067514 9.766806949984022e-05
last 0.0010672358591248667 0.0655015487564323 6.990560166108036e-05
updated 0.0010672358591248667 0.07058107428570728 7.532665345326284e-05
original 0.0010672358591248667 0.0655015487564323 6.990560166108036e-05
published 0.0010672358591248667 0.07058107428570728 7.532665345326284e-05
receive 0.0010672358591248667 0.05551732784983141 5.9250083084131714e-05
shaped 0.0021344717182497333 0.05551732784983141 0.00011850016616826343
sign 0.0010672358591248667 0.05551732784983141 5.9250083084131714e-05
robison 0.0021344717182497333 1.5228787452803376 0.0032505416121245204
delany 0.0021344717182497333 1.5228787452803376 0.0032505416121245204
abolitionist 0.0010672358591248667 1.0969100130080565 0.0011706617001153218
physician 0.0010672358591248667 0.8239087409443188 0.0008793049529821972
newspaper 0.0010672358591248667 1.0969100130080565 0.0011706617001153218
influential 0.0010672358591248667 0.6777807052660807 0.0007233518732829037
successful 0.0010672358591248667 0.4559319556497244 0.0004865869323903142
anti 0.0010672358591248667 0.721246399047171 0.0007697400203278239
slavery 0.0010672358591248667 1.0 0.0010672358591248667
th 0.0010672358591248667 0.2076083105017461 0.00022156703361979308
century 0.0010672358591248667 0.494850021680094 0.000528121688025714
dean 0.0021344717182497333 0.958607314841775 0.0020461202024370864
actor 0.0021344717182497333 0.4685210829577449 0.0010000450009770437
singer 0.0021344717182497333 0.4202164033831899 0.0008969400285660404
starred 0.0010672358591248667 0.7695510786217261 0.0008212925065333256
film 0.0032017075773745998 0.721246399047171 0.0023092200609834716
jerry 0.0010672358591248667 1.1549019599857433 0.0012325527854703771
lewis 0.0010672358591248667 0.8860566476931633 0.0009456314276341124
belonged 0.0010672358591248667 1.3979400086720377 0.0014919317061601258
rat 0.0010672358591248667 1.3979400086720377 0.0014919317061601258
pack 0.0010672358591248667 1.1549019599857433 0.0012325527854703771
frank 0.0010672358591248667 0.853871964321762 0.0009112827794255733
sinatra 0.0010672358591248667 1.3010299956639813 0.0013885058651696707
sammy 0.0010672358591248667 1.3010299956639813 0.0013885058651696707
davis 0.0010672358591248667 1.0969100130080565 0.0011706617001153218
jr 0.004268943436499467 0.32790214206428253 0.0013997956971794345
van 0.0021344717182497333 1.3010299956639813 0.0027770117303393413
buren 0.0021344717182497333 1.5228787452803376 0.0032505416121245204
eighth 0.0010672358591248667 1.2218487496163564 0.0013040008000174562
united 0.0010672358591248667 0.18708664335714445 0.0001996655745540496
shrewd 0.0010672358591248667 1.3979400086720377 0.0014919317061601258
dealing 0.0010672358591248667 1.2218487496163564 0.0013040008000174562
laid 0.0010672358591248667 1.3979400086720377 0.0014919317061601258
democratic 0.0010672358591248667 0.3872161432802645 0.00041325095334073057
party 0.0010672358591248667 0.3979400086720376 0.00042469584703525893
modern 0.0010672358591248667 1.1549019599857433 0.0012325527854703771
political 0.0010672358591248667 0.3098039199714864 0.0003306338526910207
machine 0.0010672358591248667 1.3010299956639813 0.0013885058651696707
marty 0.0021344717182497333 2.0 0.004268943436499467
robbins 0.0021344717182497333 2.0 0.004268943436499467
country 0.0010672358591248667 0.27572413039921095 0.00029426267918805865
known 0.0010672358591248667 0.06048074738138145 6.454722239208266e-05
hit 0.0021344717182497333 0.8751698505861407 0.0018680252947409623
el 0.0010672358591248667 1.5228787452803376 0.0016252708060622602
paso 0.0010672358591248667 1.6989700043360187 0.0018132017122049293
wife 0.0010672358591248667 0.3098039199714864 0.0003306338526910207
souvenir 0.0010672358591248667 2.0 0.0021344717182497333
luther 0.005336179295624333 0.638272163982407 0.0034059347064162595
german 0.0010672358591248667 1.045757490560675 0.0011160698938747866
monk 0.0010672358591248667 1.3979400086720377 0.0014919317061601258
forever 0.0010672358591248667 1.1549019599857433 0.0012325527854703771
changed 0.0010672358591248667 0.6989700043360189 0.0007459658530800629
christianity 0.0010672358591248667 1.5228787452803376 0.0016252708060622602
nailed 0.0010672358591248667 1.5228787452803376 0.0016252708060622602
thesis 0.0010672358591248667 1.5228787452803376 0.0016252708060622602
church 0.0010672358591248667 0.619788758288394 0.0006614607879278485
protestant 0.0010672358591248667 1.3010299956639813 0.0013885058651696707
reformation 0.0010672358591248667 1.5228787452803376 0.0016252708060622602
steve 0.0021344717182497333 1.0969100130080565 0.0023413234002306435
comedian 0.0010672358591248667 1.1549019599857433 0.0012325527854703771
writer 0.0021344717182497333 0.6989700043360189 0.0014919317061601258
fame 0.0010672358591248667 0.48148606012211254 0.00051385918903107
starring 0.0010672358591248667 0.8239087409443188 0.0008793049529821972
jerk 0.0010672358591248667 1.6989700043360187 0.0018132017122049293
little 0.0010672358591248667 0.6989700043360189 0.0007459658530800629
shop 0.0010672358591248667 1.5228787452803376 0.0016252708060622602
horror 0.0010672358591248667 1.6989700043360187 0.0018132017122049293
bride 0.0010672358591248667 1.5228787452803376 0.0016252708060622602
king 0.0032017075773745998 0.4685210829577449 0.0015000675014655654
scholar 0.0010672358591248667 1.0 0.0010672358591248667
minister 0.0010672358591248667 0.5376020021010439 0.000573748134579556
led 0.0010672358591248667 0.37675070960209955 0.00040208186723809984
civil 0.0010672358591248667 0.3467874862246563 0.00037010404079472394
movement 0.0010672358591248667 0.48148606012211254 0.00051385918903107
assassination 0.0010672358591248667 0.7447274948966939 0.0007947998878299828
memorialized 0.0010672358591248667 1.0969100130080565 0.0011706617001153218
day 0.0010672358591248667 0.2924298239020636 0.00031209159434585234
scorsese 0.0021344717182497333 1.6989700043360187 0.0036264034244098587
director 0.0010672358591248667 0.5686362358410126 0.0006068689816873135
memorable 0.0010672358591248667 1.3010299956639813 0.0013885058651696707
cinema 0.0010672358591248667 1.6989700043360187 0.0018132017122049293
taxi 0.0010672358591248667 1.5228787452803376 0.0016252708060622602
driver 0.0010672358591248667 1.3979400086720377 0.0014919317061601258
academy 0.0010672358591248667 0.6020599913279624 0.0006425400120896077
award 0.0010672358591248667 0.494850021680094 0.000528121688025714
winning 0.0010672358591248667 0.4202164033831899 0.0004484700142830202
departed 0.0010672358591248667 1.5228787452803376 0.0016252708060622602
r 0.004268943436499467 0.5086383061657272 0.0021713481586583877
fantasy 0.0010672358591248667 1.5228787452803376 0.0016252708060622602
song 0.0010672358591248667 0.6989700043360189 0.0007459658530800629
ice 0.0010672358591248667 1.2218487496163564 0.0013040008000174562
fire 0.0010672358591248667 0.958607314841775 0.0010230601012185432
basis 0.0010672358591248667 1.2218487496163564 0.0013040008000174562
show 0.0010672358591248667 0.494850021680094 0.000528121688025714
game 0.0010672358591248667 0.958607314841775 0.0010230601012185432
throne 0.0010672358591248667 1.6989700043360187 0.0018132017122049293
loading 0.0010672358591248667 0.04575749056067514 4.883403474992011e-05
logo 0.0010672358591248667 0.04575749056067514 4.883403474992011e-05
registered 0.0010672358591248667 0.04575749056067514 4.883403474992011e-05
trademark 0.0010672358591248667 0.04575749056067514 4.883403474992011e-05
llc 0.0010672358591248667 0.04575749056067514 4.883403474992011e-05
