fred 0.025819265143992055 1.0 0.025819265143992055
korematsu 0.04568023833167825 1.3979400086720377 0.06385823276952704
case 0.007944389275074478 0.5228787452803376 0.004153952296169514
fact 0.002979145978152929 0.14116214857141457 0.000420542647183956
quote 0.0019860973187686196 0.3872161432802645 0.000769048943952859
biography 0.011916583912611719 0.04575749056067514 0.0005452729758968239
skip 0.0009930486593843098 0.04575749056067514 4.543941465806866e-05
main 0.0009930486593843098 0.04575749056067514 4.543941465806866e-05
content 0.0009930486593843098 0.04575749056067514 4.543941465806866e-05
people 0.005958291956305859 0.04575749056067514 0.00027263648794841196
nostalgia 0.0029791459781529296 0.04575749056067514 0.00013631824397420598
celebrity 0.0029791459781529296 0.04575749056067514 0.00013631824397420598
history 0.0029791459781529296 0.04575749056067514 0.00013631824397420598
culture 0.0029791459781529296 0.04575749056067514 0.00013631824397420598
crime 0.0029791459781529296 0.04575749056067514 0.00013631824397420598
scandal 0.0029791459781529296 0.04575749056067514 0.00013631824397420598
video 0.0029791459781529296 0.04575749056067514 0.00013631824397420598
contact 0.0029791459781529296 0.04575749056067514 0.00013631824397420598
u 0.003972194637537239 0.20065945054641832 0.0007970583934316516
advertise 0.0019860973187686196 0.04575749056067514 9.087882931613732e-05
privacy 0.0029791459781529296 0.04575749056067514 0.00013631824397420598
notice 0.0019860973187686196 0.04575749056067514 9.087882931613732e-05
term 0.0029791459781529296 0.04575749056067514 0.00013631824397420598
use 0.0019860973187686196 0.04575749056067514 9.087882931613732e-05
copyright 0.0019860973187686196 0.04575749056067514 9.087882931613732e-05
policy 0.0019860973187686196 0.04575749056067514 9.087882931613732e-05
ad 0.0019860973187686196 0.04575749056067514 9.087882931613732e-05
choice 0.0019860973187686196 0.04575749056067514 9.087882931613732e-05
accessibility 0.0019860973187686196 0.04575749056067514 9.087882931613732e-05
support 0.0029791459781529296 0.04575749056067514 0.00013631824397420598
setting 0.0009930486593843098 0.04575749056067514 4.543941465806866e-05
february 0.0019860973187686196 0.04575749056067514 9.087882931613732e-05
subscribe 0.0019860973187686196 0.04575749056067514 9.087882931613732e-05
newsletter 0.0029791459781529296 0.04575749056067514 0.00013631824397420598
photo 0.0009930486593843098 0.12493873660829993 0.00012407024489404165
gary 0.0009930486593843098 1.2218487496163564 0.001213355262776918
fong 0.0009930486593843098 2.0 0.0019860973187686196
san 0.0019860973187686196 0.8860566476931633 0.001759794732260503
francisco 0.0009930486593843098 1.3979400086720377 0.0013882224515114575
chronicle 0.0009930486593843098 1.6989700043360187 0.0016871598851400384
via 0.0009930486593843098 0.5086383061657272 0.0005051025880493815
getty 0.0009930486593843098 0.2291479883578558 0.00022755510263938012
image 0.0009930486593843098 0.2218487496163564 0.00022030660339260812
quick 0.0009930486593843098 0.07058107428570728 7.0090441197326e-05
name 0.0019860973187686196 0.05551732784983141 0.00011026281598774858
birth 0.0019860973187686196 0.07058107428570728 0.000140180882394652
date 0.003972194637537239 0.07058107428570728 0.000280361764789304
january 0.0029791459781529296 0.2676062401770315 0.0007972380541520303
age 0.0029791459781529296 0.11350927482751813 0.0003381606995854562
place 0.002979145978152929 1.2306226739238617 0.0036662045896440764
oakland 0.0019860973187686196 1.6989700043360187 0.003374319770280077
california 0.007944389275074478 0.5528419686577808 0.004391991806615934
death 0.0029791459781529296 0.2365720064370627 0.0007047825415205443
larkspur 0.0019860973187686196 2.0 0.003972194637537239
originally 0.0009930486593843098 0.8860566476931633 0.0008798973661302515
toyosaburo 0.0019860973187686196 2.0 0.003972194637537239
zodiac 0.0009930486593843098 0.3010299956639812 0.0002989374336285811
sign 0.0019860973187686196 0.05551732784983141 0.00011026281598774858
aquarius 0.0009930486593843098 1.5228787452803376 0.0015122926964054992
cite 0.0009930486593843098 0.07058107428570728 7.0090441197326e-05
page 0.0009930486593843098 0.07058107428570728 7.0090441197326e-05
thought 0.0019860973187686196 0.7958800173440752 0.0015806951685085903
military 0.007944389275074478 0.5528419686577808 0.004391991806615934
unconstitutional 0.0009930486593843098 1.1549019599857433 0.0011468738430841542
really 0.0009930486593843098 0.721246399047171 0.0007162327696595541
upset 0.0009930486593843098 1.1549019599857433 0.0011468738430841542
branded 0.0009930486593843098 2.0 0.0019860973187686196
enemy 0.0009930486593843098 1.1549019599857433 0.0011468738430841542
alien 0.0009930486593843098 2.0 0.0019860973187686196
american 0.012909632571996028 0.6552148773673394 0.008458583322517787
feeling 0.0009930486593843098 0.8239087409443188 0.0008181814706497703
something 0.0019860973187686196 0.07058107428570728 0.000140180882394652
wrong 0.0019860973187686196 3.045757490560675 0.006049170785621996
afraid 0.0009930486593843098 1.0 0.0009930486593843098
speak 0.0009930486593843098 0.958607314841775 0.0009519437088796177
every 0.0009930486593843098 0.6575773191777938 0.0006530062752510365
day 0.0029791459781529296 0.2924298239020636 0.0008711911337698023
school 0.0029791459781529296 0.14874165128092467 0.0004431230921973923
said 0.0009930486593843098 0.2518119729937996 0.0002500615421984107
pledge 0.0009930486593843098 1.1549019599857433 0.0011468738430841542
flag 0.0009930486593843098 1.3010299956639813 0.001291986093012891
liberty 0.002979145978152929 2.4814860601221125 0.007392709215855349
justice 0.002979145978152929 1.6925039620867872 0.00504221637165875
believed 0.0029791459781529296 0.6020599913279624 0.0017936246017714868
citizen 0.003972194637537239 1.6420651529995463 0.006522602395231564
many 0.0009930486593843098 0.28399665636520083 0.0002820224988730892
right 0.004965243296921549 0.39848321634998984 0.0019785661189175266
anyone 0.0009930486593843098 1.0969100130080565 0.0010892850178828763
else 0.0009930486593843098 1.0969100130080565 0.0010892850178828763
publish 0.0009930486593843098 0.07058107428570728 7.0090441197326e-05
may 0.006951340615690168 0.3098039199714864 0.0021535525717978196
comment 0.0019860973187686196 0.07058107428570728 0.000140180882394652
japanese 0.010923535253227408 1.0 0.010923535253227408
stood 0.0009930486593843098 0.8860566476931633 0.0008798973661302515
civil 0.005958291956305859 0.3467874862246563 0.002066261089719899
world 0.004965243296921549 0.04575749056067514 0.0002271970732903433
war 0.005958291956305859 0.35654732351381263 0.0021244130497347327
ii 0.003972194637537239 0.48148606012211254 0.001912556346065988
government 0.003972194637537239 0.494850021680094 0.001965640602502856
detained 0.0009930486593843098 1.2218487496163564 0.001213355262776918
ancestry 0.0019860973187686196 1.3010299956639813 0.002583972186025782
united 0.003972194637537239 0.18708664335714445 0.0007431445614980911
state 0.004965243296921549 0.20065945054641826 0.0009963229917895643
decision 0.0029791459781529296 0.585026652029182 0.0017428797975050112
send 0.0009930486593843098 1.5228787452803376 0.0015122926964054992
internment 0.007944389275074478 1.6989700043360187 0.013497279081120308
camp 0.005958291956305858 2.619788758288394 0.015609466285730251
racial 0.0019860973187686196 0.6989700043360189 0.0013882224515114575
discrimination 0.0009930486593843098 0.9208187539523752 0.0009144178291483368
violation 0.0019860973187686196 2.8239087409443187 0.00560855757883678
constitution 0.0009930486593843098 0.853871964321762 0.000847936409455573
challenging 0.0019860973187686196 1.2218487496163564 0.002426710525553836
order 0.003972194637537239 1.494850021680094 0.005937835240040095
resulted 0.0019860973187686196 0.8860566476931633 0.001759794732260503
incarceration 0.0019860973187686196 1.6989700043360187 0.003374319770280077
failed 0.0009930486593843098 0.5376020021010439 0.0005338649474687625
supreme 0.004965243296921549 0.585026652029182 0.0029047996625083516
court 0.009930486593843098 0.4202164033831899 0.004172953360309731
document 0.0009930486593843098 1.0969100130080565 0.0010892850178828763
discovered 0.0009930486593843098 0.7958800173440752 0.0007903475842542952
showed 0.0009930486593843098 0.8239087409443188 0.0008181814706497703
suppressed 0.0019860973187686196 2.0 0.003972194637537239
evidence 0.0019860973187686196 1.0 0.0019860973187686196
argument 0.0019860973187686196 1.2218487496163564 0.002426710525553836
led 0.0019860973187686196 0.37675070960209955 0.0007482635741849048
vacating 0.0009930486593843098 2.0 0.0019860973187686196
conviction 0.006951340615690168 1.045757490560675 0.0072694165182966486
advocated 0.0009930486593843098 1.0969100130080565 0.0010892850178828763
apology 0.0019860973187686196 1.3010299956639813 0.002583972186025782
compensation 0.0019860973187686196 1.6989700043360187 0.003374319770280077
surviving 0.0009930486593843098 1.5228787452803376 0.0015122926964054992
internee 0.0009930486593843098 2.0 0.0019860973187686196
died 0.0009930486593843098 0.31875876262441283 0.0003165429618911746
early 0.0009930486593843098 0.07572071393811834 7.519435346387124e-05
life 0.004965243296921549 0.13679614097137055 0.000679226122002833
born 0.0009930486593843098 0.09151498112135023 9.087882931613727e-05
parent 0.0009930486593843098 0.4559319556497244 0.0004527626173284254
kakusaburo 0.0009930486593843098 2.0 0.0019860973187686196
kotsui 0.0009930486593843098 2.0 0.0019860973187686196
aoki 0.0009930486593843098 2.0 0.0019860973187686196
immigrated 0.0009930486593843098 1.6989700043360187 0.0016871598851400384
japan 0.0019860973187686196 1.1549019599857433 0.0022937476861683084
owned 0.0009930486593843098 1.045757490560675 0.0010384880740423783
plant 0.0009930486593843098 1.3979400086720377 0.0013882224515114575
nursery 0.0009930486593843098 2.0 0.0019860973187686196
third 0.0009930486593843098 0.4202164033831899 0.00041729533603097305
four 0.0029791459781529296 0.28399665636520083 0.0008460674966192677
son 0.0019860973187686196 1.1378686206869628 0.0022599178166573244
nicknamed 0.0009930486593843098 0.9208187539523752 0.0009144178291483368
v 0.0009930486593843098 0.8860566476931633 0.0008798973661302515
following 0.0019860973187686196 0.2518119729937996 0.0005001230843968214
attack 0.0019860973187686196 1.540607512240769 0.0030597964493361846
pearl 0.0009930486593843098 1.1549019599857433 0.0011468738430841542
harbor 0.0009930486593843098 1.2218487496163564 0.001213355262776918
december 0.0029791459781529296 0.40893539297350084 0.001218278231301393
subsequent 0.0009930486593843098 0.9208187539523752 0.0009144178291483368
entry 0.0009930486593843098 1.2218487496163564 0.001213355262776918
president 0.0019860973187686196 0.16749108729376372 0.00033265359939178493
franklin 0.0029791459781529296 0.8239087409443188 0.0024545444119493114
roosevelt 0.0029791459781529296 1.0 0.0029791459781529296
issued 0.0009930486593843098 1.045757490560675 0.0010384880740423783
executive 0.0019860973187686196 0.5528419686577808 0.0010979979516539836
stating 0.0009930486593843098 0.9208187539523752 0.0009144178291483368
need 0.0009930486593843098 0.638272163982407 0.0006338353167650517
protection 0.0009930486593843098 1.1549019599857433 0.0011468738430841542
espionage 0.0009930486593843098 1.5228787452803376 0.0015122926964054992
sabotage 0.0009930486593843098 1.5228787452803376 0.0015122926964054992
gave 0.0009930486593843098 0.6020599913279624 0.0005978748672571622
direction 0.0009930486593843098 1.5228787452803376 0.0015122926964054992
prescribe 0.0009930486593843098 1.1549019599857433 0.0011468738430841542
area 0.0009930486593843098 1.0969100130080565 0.0010892850178828763
extent 0.0009930486593843098 1.5228787452803376 0.0015122926964054992
appropriate 0.0009930486593843098 1.6989700043360187 0.0016871598851400384
commander 0.0009930486593843098 0.958607314841775 0.0009519437088796177
determine 0.0009930486593843098 1.5228787452803376 0.0015122926964054992
person 0.009930486593843098 1.3516399890190685 0.013422442790656092
excluded 0.0009930486593843098 2.0 0.0019860973187686196
detention 0.0029791459781529296 1.1549019599857433 0.0034406215292524626
around 0.0019860973187686196 0.4559319556497244 0.0009055252346568508
even 0.0019860973187686196 0.3665315444204135 0.0007279673176175045
likely 0.0009930486593843098 1.0969100130080565 0.0010892850178828763
aid 0.0009930486593843098 1.3010299956639813 0.001291986093012891
welder 0.0009930486593843098 2.0 0.0019860973187686196
lived 0.0009930486593843098 0.6020599913279624 0.0005978748672571622
ordered 0.0009930486593843098 0.9208187539523752 0.0009144178291483368
report 0.0009930486593843098 0.8239087409443188 0.0008181814706497703
assembly 0.0029791459781529296 0.8239087409443188 0.0024545444119493114
center 0.0029791459781529296 0.585026652029182 0.0017428797975050112
relocation 0.0019860973187686196 1.6989700043360187 0.003374319770280077
though 0.0029791459781529296 0.3665315444204135 0.0010919509764262569
family 0.005958291956305859 0.11918640771920867 0.0007101474144143516
obeyed 0.0009930486593843098 1.6989700043360187 0.0016871598851400384
directive 0.0009930486593843098 2.0 0.0019860973187686196
instead 0.0019860973187686196 0.7447274948966939 0.0014791012808275945
adopted 0.0009930486593843098 1.045757490560675 0.0010384880740423783
fake 0.0009930486593843098 1.5228787452803376 0.0015122926964054992
identity 0.0009930486593843098 1.2218487496163564 0.001213355262776918
underwent 0.0009930486593843098 1.0969100130080565 0.0010892850178828763
plastic 0.0009930486593843098 2.0 0.0019860973187686196
surgery 0.0009930486593843098 0.8239087409443188 0.0008181814706497703
attempt 0.0009930486593843098 0.7447274948966939 0.0007395506404137972
alter 0.0009930486593843098 1.3010299956639813 0.001291986093012891
appearance 0.0009930486593843098 0.8860566476931633 0.0008798973661302515
despite 0.0009930486593843098 0.4202164033831899 0.00041729533603097305
arrested 0.0009930486593843098 0.8239087409443188 0.0008181814706497703
leandro 0.0009930486593843098 2.0 0.0019860973187686196
told 0.0009930486593843098 0.44369749923271273 0.0004406132067852162
authority 0.0019860973187686196 1.3010299956639813 0.002583972186025782
planned 0.0009930486593843098 0.7958800173440752 0.0007903475842542952
move 0.0009930486593843098 0.721246399047171 0.0007162327696595541
away 0.0019860973187686196 0.5376020021010439 0.001067729894937525
girlfriend 0.0019860973187686196 1.2218487496163564 0.002426710525553836
behind 0.0009930486593843098 0.6777807052660807 0.0006730692207210335
bar 0.0009930486593843098 1.3979400086720377 0.0013882224515114575
lawyer 0.0009930486593843098 0.48148606012211254 0.000478139086516497
union 0.0009930486593843098 0.7447274948966939 0.0007395506404137972
asked 0.0009930486593843098 1.0 0.0009930486593843098
take 0.0009930486593843098 0.48148606012211254 0.000478139086516497
part 0.002979145978152929 1.7351821769904636 0.005169361003943784
lawsuit 0.0019860973187686196 0.853871964321762 0.001695872818911146
constitutionality 0.0009930486593843098 2.0 0.0019860973187686196
faced 0.0009930486593843098 0.7695510786217261 0.0007642016669530547
federal 0.0029791459781529296 0.6020599913279624 0.0017936246017714868
charge 0.0009930486593843098 0.9208187539523752 0.0009144178291483368
obeying 0.0009930486593843098 2.0 0.0019860973187686196
agreed 0.0009930486593843098 0.9208187539523752 0.0009144178291483368
sent 0.0009930486593843098 0.853871964321762 0.000847936409455573
reunited 0.0009930486593843098 1.3979400086720377 0.0013882224515114575
began 0.0009930486593843098 0.20065945054641826 0.00019926459835791285
make 0.0009930486593843098 0.3872161432802645 0.0003845244719764295
way 0.0009930486593843098 0.431798275933005 0.00042879669903972693
system 0.0009930486593843098 0.7958800173440752 0.0007903475842542952
trial 0.0009930486593843098 0.7447274948966939 0.0007395506404137972
september 0.0019860973187686196 0.5086383061657272 0.001010205176098763
attempted 0.0009930486593843098 1.045757490560675 0.0010384880740423783
enlist 0.0009930486593843098 1.6989700043360187 0.0016871598851400384
navy 0.0009930486593843098 0.958607314841775 0.0009519437088796177
proclaimed 0.0009930486593843098 1.5228787452803376 0.0015122926964054992
loyalty 0.0019860973187686196 1.5228787452803376 0.0030245853928109983
still 0.0009930486593843098 0.431798275933005 0.00042879669903972693
found 0.0029791459781529296 0.3372421683184259 0.001004693649409412
guilty 0.0009930486593843098 0.7958800173440752 0.0007903475842542952
received 0.0019860973187686196 0.28399665636520083 0.0005640449977461784
five 0.0009930486593843098 0.48148606012211254 0.000478139086516497
year 0.006951340615690169 0.24995468798823245 0.0017375201746947639
probation 0.0009930486593843098 1.6989700043360187 0.0016871598851400384
appealed 0.0009930486593843098 1.2218487496163564 0.001213355262776918
upheld 0.0009930486593843098 1.3979400086720377 0.0013882224515114575
appeal 0.0009930486593843098 1.045757490560675 0.0010384880740423783
taken 0.0009930486593843098 0.6989700043360189 0.0006941112257557287
held 0.0019860973187686196 0.48148606012211254 0.000956278173032994
october 0.0009930486593843098 0.37675070960209955 0.0003741317870924524
came 0.0019860973187686196 0.3010299956639812 0.0005978748672571622
vote 0.0009930486593843098 0.638272163982407 0.0006338353167650517
ruled 0.0009930486593843098 0.7958800173440752 0.0007903475842542952
constitutional 0.0009930486593843098 1.045757490560675 0.0010384880740423783
majority 0.0009930486593843098 0.7447274948966939 0.0007395506404137972
decided 0.0019860973187686196 0.494850021680094 0.000982820301251428
others 0.0009930486593843098 0.494850021680094 0.000491410150625714
due 0.0009930486593843098 0.6777807052660807 0.0006730692207210335
race 0.0009930486593843098 0.619788758288394 0.0006154803955197557
rather 0.0009930486593843098 1.2218487496163564 0.001213355262776918
real 0.0009930486593843098 0.6989700043360189 0.0006941112257557287
danger 0.0009930486593843098 2.0 0.0019860973187686196
opinion 0.0009930486593843098 1.045757490560675 0.0010384880740423783
stated 0.0019860973187686196 0.7447274948966939 0.0014791012808275945
could 0.0009930486593843098 0.4202164033831899 0.00041729533603097305
reject 0.0009930486593843098 1.3010299956639813 0.001291986093012891
finding 0.0009930486593843098 1.2218487496163564 0.001213355262776918
impossible 0.0009930486593843098 1.6989700043360187 0.0016871598851400384
bring 0.0019860973187686196 0.7447274948966939 0.0014791012808275945
immediate 0.0009930486593843098 1.0969100130080565 0.0010892850178828763
segregation 0.0009930486593843098 0.9208187539523752 0.0009144178291483368
disloyal 0.0009930486593843098 2.0 0.0019860973187686196
loyal 0.0009930486593843098 1.5228787452803376 0.0015122926964054992
one 0.0019860973187686196 0.08092190762392613 0.0001607187837615216
three 0.0019860973187686196 0.2076083105017461 0.000412330308841601
minority 0.0009930486593843098 0.8860566476931633 0.0008798973661302515
noted 0.0009930486593843098 1.0 0.0009930486593843098
spurred 0.0009930486593843098 1.3979400086720377 0.0013882224515114575
misinformation 0.0009930486593843098 2.0 0.0019860973187686196
half 0.0009930486593843098 0.853871964321762 0.000847936409455573
truth 0.0009930486593843098 1.6989700043360187 0.0016871598851400384
insinuation 0.0009930486593843098 2.0 0.0019860973187686196
directed 0.0009930486593843098 1.0969100130080565 0.0010892850178828763
economic 0.0009930486593843098 0.585026652029182 0.0005809599325016703
prejudice 0.0009930486593843098 1.5228787452803376 0.0015122926964054992
declared 0.0009930486593843098 0.5528419686577808 0.0005489989758269918
dissenting 0.0009930486593843098 1.5228787452803376 0.0015122926964054992
legalization 0.0009930486593843098 1.3979400086720377 0.0013882224515114575
racism 0.0009930486593843098 0.853871964321762 0.000847936409455573
release 0.0009930486593843098 0.5686362358410126 0.0005646834516792579
spent 0.0009930486593843098 0.48148606012211254 0.000478139086516497
first 0.0019860973187686196 0.0655015487564323 0.0001300924503603422
month 0.0009930486593843098 0.431798275933005 0.00042879669903972693
horse 0.0019860973187686196 1.5228787452803376 0.0030245853928109983
racing 0.0009930486593843098 2.0 0.0019860973187686196
track 0.0009930486593843098 0.8860566476931633 0.0008798973661302515
served 0.0009930486593843098 0.2676062401770315 0.00026574601805067676
forced 0.0009930486593843098 0.721246399047171 0.0007162327696595541
live 0.0009930486593843098 0.431798275933005 0.00042879669903972693
stall 0.0009930486593843098 1.6989700043360187 0.0016871598851400384
next 0.0019860973187686196 0.07058107428570728 0.000140180882394652
transferred 0.0009930486593843098 1.2218487496163564 0.001213355262776918
topaz 0.0009930486593843098 2.0 0.0019860973187686196
utah 0.0019860973187686196 1.6989700043360187 0.003374319770280077
location 0.0009930486593843098 1.2218487496163564 0.001213355262776918
guarded 0.0009930486593843098 1.6989700043360187 0.0016871598851400384
police 0.0029791459781529296 0.5376020021010439 0.0016015948424062878
surrounded 0.0009930486593843098 1.045757490560675 0.0010384880740423783
barbed 0.0009930486593843098 2.0 0.0019860973187686196
wire 0.0009930486593843098 2.0 0.0019860973187686196
six 0.0009930486593843098 0.5686362358410126 0.0005646834516792579
adult 0.0009930486593843098 1.045757490560675 0.0010384880740423783
squeeze 0.0009930486593843098 2.0 0.0019860973187686196
two 0.0019860973187686196 0.11918640771920867 0.00023671580480478385
dusty 0.0009930486593843098 2.0 0.0019860973187686196
barrack 0.0009930486593843098 2.0 0.0019860973187686196
room 0.0009930486593843098 1.6989700043360187 0.0016871598851400384
detainee 0.0009930486593843098 1.6989700043360187 0.0016871598851400384
disapproved 0.0009930486593843098 1.5228787452803376 0.0015122926964054992
defy 0.0009930486593843098 1.6989700043360187 0.0016871598851400384
later 0.0019860973187686196 0.09151498112135023 0.00018175765863227453
shared 0.0009930486593843098 0.7695510786217261 0.0007642016669530547
turned 0.0009930486593843098 0.638272163982407 0.0006338353167650517
back 0.0019860973187686196 2.42021640338319 0.004806785309599186
time 0.0009930486593843098 0.1023729087095586 0.0001016612797512995
troublemaker 0.0009930486593843098 1.5228787452803376 0.0015122926964054992
hoped 0.0009930486593843098 1.1549019599857433 0.0011468738430841542
marry 0.0009930486593843098 1.3010299956639813 0.001291986093012891
italian 0.0009930486593843098 1.3010299956639813 0.001291986093012891
broke 0.0009930486593843098 0.853871964321762 0.000847936409455573
subjected 0.0019860973187686196 2.0 0.003972194637537239
pressure 0.0009930486593843098 0.9208187539523752 0.0009144178291483368
read 0.0009930486593843098 0.0655015487564323 6.50462251801711e-05
bella 0.0009930486593843098 0.0655015487564323 6.50462251801711e-05
hadid 0.0009930486593843098 0.0655015487564323 6.50462251801711e-05
sadie 0.0009930486593843098 0.06048074738138145 6.0060325105641956e-05
alexander 0.0009930486593843098 0.05551732784983141 5.513140799387429e-05
adrienne 0.0009930486593843098 0.0655015487564323 6.50462251801711e-05
kennedy 0.0009930486593843098 0.06048074738138145 6.0060325105641956e-05
november 0.0019860973187686196 0.24412514432750856 0.00048485629459286706
young 0.0009930486593843098 0.3010299956639812 0.0002989374336285811
resident 0.0009930486593843098 1.0969100130080565 0.0010892850178828763
given 0.0009930486593843098 0.6777807052660807 0.0006730692207210335
permission 0.0009930486593843098 1.5228787452803376 0.0015122926964054992
leave 0.0019860973187686196 0.6575773191777938 0.001306012550502073
work 0.0019860973187686196 0.2218487496163564 0.00044061320678521625
indefinite 0.0009930486593843098 1.6989700043360187 0.0016871598851400384
permitted 0.0009930486593843098 1.5228787452803376 0.0015122926964054992
go 0.0009930486593843098 0.494850021680094 0.000491410150625714
west 0.0029791459781529296 0.7695510786217261 0.0022926050008591644
coast 0.0009930486593843098 1.3010299956639813 0.001291986093012891
moved 0.0019860973187686196 0.3872161432802645 0.000769048943952859
detroit 0.0009930486593843098 1.6989700043360187 0.0016871598851400384
michigan 0.0019860973187686196 1.0969100130080565 0.0021785700357657527
ended 0.0009930486593843098 0.5686362358410126 0.0005646834516792579
shut 0.0009930486593843098 0.958607314841775 0.0009519437088796177
overturned 0.0019860973187686196 1.2218487496163564 0.002426710525553836
activism 0.0009930486593843098 0.958607314841775 0.0009519437088796177
draftsman 0.0009930486593843098 2.0 0.0019860973187686196
hung 0.0009930486593843098 1.6989700043360187 0.0016871598851400384
restricted 0.0009930486593843098 2.0 0.0019860973187686196
job 0.0009930486593843098 0.5686362358410126 0.0005646834516792579
opportunity 0.0009930486593843098 1.0969100130080565 0.0010892850178828763
throughout 0.0009930486593843098 0.6020599913279624 0.0005978748672571622
decade 0.0009930486593843098 0.638272163982407 0.0006338353167650517
light 0.0009930486593843098 0.9208187539523752 0.0009144178291483368
intelligence 0.0009930486593843098 0.958607314841775 0.0009519437088796177
showing 0.0009930486593843098 1.1549019599857433 0.0011468738430841542
posed 0.0009930486593843098 1.5228787452803376 0.0015122926964054992
security 0.0009930486593843098 0.853871964321762 0.000847936409455573
threat 0.0009930486593843098 1.045757490560675 0.0010384880740423783
presentation 0.0009930486593843098 2.0 0.0019860973187686196
arguing 0.0009930486593843098 1.5228787452803376 0.0015122926964054992
false 0.0009930486593843098 1.3979400086720377 0.0013882224515114575
deceived 0.0009930486593843098 2.0 0.0019860973187686196
legal 0.0009930486593843098 0.5086383061657272 0.0005051025880493815
team 0.0009930486593843098 0.619788758288394 0.0006154803955197557
mostly 0.0009930486593843098 0.8239087409443188 0.0008181814706497703
made 0.0009930486593843098 0.1804560644581313 0.00017920165288791588
attorney 0.0009930486593843098 1.5228787452803376 0.0015122926964054992
petitioned 0.0009930486593843098 2.0 0.0019860973187686196
get 0.0009930486593843098 0.44369749923271273 0.0004406132067852162
reopened 0.0009930486593843098 1.6989700043360187 0.0016871598851400384
judge 0.0009930486593843098 0.585026652029182 0.0005809599325016703
lobbied 0.0009930486593843098 1.3010299956639813 0.001291986093012891
bill 0.0019860973187686196 0.4202164033831899 0.0008345906720619461
granted 0.0009930486593843098 0.958607314841775 0.0009519437088796177
clinton 0.0009930486593843098 0.5228787452803376 0.0005192440370211893
awarded 0.0009930486593843098 0.8239087409443188 0.0008181814706497703
presidential 0.0009930486593843098 0.3665315444204135 0.00036398365880875225
medal 0.0009930486593843098 0.6575773191777938 0.0006530062752510365
freedom 0.0009930486593843098 0.619788758288394 0.0006154803955197557
particular 0.0009930486593843098 1.0969100130080565 0.0010892850178828763
terrorist 0.0009930486593843098 1.0 0.0009930486593843098
tried 0.0009930486593843098 0.8239087409443188 0.0008181814706497703
attention 0.0009930486593843098 0.6777807052660807 0.0006730692207210335
potential 0.0009930486593843098 0.958607314841775 0.0009519437088796177
criticized 0.0009930486593843098 0.958607314841775 0.0009519437088796177
patriot 0.0009930486593843098 1.3979400086720377 0.0013882224515114575
act 0.0009930486593843098 0.4685210829577449 0.0004652642333244736
submitted 0.0009930486593843098 1.5228787452803376 0.0015122926964054992
friend 0.0009930486593843098 0.638272163982407 0.0006338353167650517
brief 0.0009930486593843098 1.0969100130080565 0.0010892850178828763
prisoner 0.0009930486593843098 1.3979400086720377 0.0013882224515114575
guantanamo 0.0009930486593843098 1.3979400086720377 0.0013882224515114575
bay 0.0009930486593843098 1.0969100130080565 0.0010892850178828763
naval 0.0009930486593843098 1.3010299956639813 0.001291986093012891
station 0.0009930486593843098 1.3010299956639813 0.001291986093012891
cuba 0.0009930486593843098 1.0 0.0009930486593843098
personal 0.0009930486593843098 0.3372421683184259 0.0003348978831364706
married 0.0009930486593843098 0.24412514432750856 0.00024242814729643353
kathryn 0.0009930486593843098 1.6989700043360187 0.0016871598851400384
pearson 0.0009930486593843098 2.0 0.0019860973187686196
child 0.0019860973187686196 0.2076083105017461 0.000412330308841601
karen 0.0019860973187686196 1.6989700043360187 0.003374319770280077
ken 0.0009930486593843098 1.3979400086720377 0.0013882224515114575
daughter 0.0019860973187686196 0.31875876262441283 0.0006330859237823491
interview 0.0009930486593843098 0.585026652029182 0.0005809599325016703
father 0.0019860973187686196 0.14874165128092467 0.0002954153947982615
felt 0.0009930486593843098 0.6020599913279624 0.0005978748672571622
responsible 0.0009930486593843098 0.7695510786217261 0.0007642016669530547
loss 0.0009930486593843098 0.7447274948966939 0.0007395506404137972
regard 0.0009930486593843098 2.0 0.0019860973187686196
rest 0.0009930486593843098 0.6020599913279624 0.0005978748672571622
incarcerated 0.0009930486593843098 1.6989700043360187 0.0016871598851400384
carried 0.0009930486593843098 1.5228787452803376 0.0015122926964054992
weight 0.0009930486593843098 1.5228787452803376 0.0015122926964054992
shame 0.0009930486593843098 2.0 0.0019860973187686196
almost 0.0009930486593843098 0.8860566476931633 0.0008798973661302515
painful 0.0009930486593843098 1.6989700043360187 0.0016871598851400384
discus 0.0009930486593843098 1.1549019599857433 0.0011468738430841542
learned 0.0009930486593843098 0.6989700043360189 0.0006941112257557287
passed 0.0009930486593843098 0.6777807052660807 0.0006730692207210335
march 0.0009930486593843098 0.27572413039921095 0.00027380747805284106
legacy 0.0009930486593843098 0.6989700043360189 0.0006941112257557287
institute 0.0009930486593843098 0.853871964321762 0.000847936409455573
provides 0.0009930486593843098 2.0 0.0019860973187686196
material 0.0009930486593843098 1.5228787452803376 0.0015122926964054992
teach 0.0009930486593843098 1.1549019599857433 0.0011468738430841542
younger 0.0009930486593843098 0.585026652029182 0.0005809599325016703
generation 0.0009930486593843098 0.8860566476931633 0.0008798973661302515
director 0.0009930486593843098 0.5686362358410126 0.0005646834516792579
middle 0.0009930486593843098 0.585026652029182 0.0005809599325016703
grade 0.0009930486593843098 1.3979400086720377 0.0013882224515114575
speaks 0.0009930486593843098 1.6989700043360187 0.0016871598851400384
enduring 0.0009930486593843098 1.1549019599857433 0.0011468738430841542
quest 0.0009930486593843098 1.6989700043360187 0.0016871598851400384
xa 0.0009930486593843098 0.17392519729917358 0.00017271618401109592
documentary 0.0009930486593843098 0.8239087409443188 0.0008181814706497703
story 0.003972194637537239 0.7332980331159121 0.002912802514859631
share 0.0009930486593843098 0.958607314841775 0.0009519437088796177
multiple 0.0009930486593843098 0.721246399047171 0.0007162327696595541
city 0.0009930486593843098 1.2218487496163564 0.001213355262776918
recognize 0.0009930486593843098 1.3010299956639813 0.001291986093012891
birthday 0.0009930486593843098 1.2218487496163564 0.001213355262776918
named 0.0009930486593843098 0.494850021680094 0.000491410150625714
honor 0.0009930486593843098 0.7695510786217261 0.0007642016669530547
asian 0.0009930486593843098 1.3010299956639813 0.001291986093012891
check 0.0009930486593843098 0.07058107428570728 7.0090441197326e-05
strive 0.0009930486593843098 0.07058107428570728 7.0090441197326e-05
accuracy 0.0009930486593843098 0.07058107428570728 7.0090441197326e-05
fairness 0.0009930486593843098 0.07058107428570728 7.0090441197326e-05
see 0.0019860973187686196 0.04575749056067514 9.087882931613732e-05
look 0.0009930486593843098 0.07058107428570728 7.0090441197326e-05
citation 0.0009930486593843098 0.07058107428570728 7.0090441197326e-05
information 0.0009930486593843098 0.07058107428570728 7.0090441197326e-05
article 0.0009930486593843098 0.07058107428570728 7.0090441197326e-05
title 0.0009930486593843098 0.07058107428570728 7.0090441197326e-05
author 0.0009930486593843098 0.06048074738138145 6.0060325105641956e-05
com 0.0019860973187686196 0.06048074738138145 0.00012012065021128391
editor 0.0009930486593843098 0.1023729087095586 0.0001016612797512995
website 0.0019860973187686196 0.0655015487564323 0.0001300924503603422
url 0.0009930486593843098 0.07058107428570728 7.0090441197326e-05
access 0.0009930486593843098 0.07058107428570728 7.0090441197326e-05
publisher 0.0009930486593843098 0.07058107428570728 7.0090441197326e-05
e 0.0019860973187686196 0.04575749056067514 9.087882931613732e-05
television 0.0029791459781529296 0.04575749056067514 0.00013631824397420598
network 0.0019860973187686196 0.04575749056067514 9.087882931613732e-05
last 0.0009930486593843098 0.0655015487564323 6.50462251801711e-05
updated 0.0009930486593843098 0.07058107428570728 7.0090441197326e-05
original 0.0009930486593843098 0.0655015487564323 6.50462251801711e-05
published 0.0009930486593843098 0.07058107428570728 7.0090441197326e-05
receive 0.0009930486593843098 0.05551732784983141 5.513140799387429e-05
shaped 0.0019860973187686196 0.05551732784983141 0.00011026281598774858
shuttlesworth 0.0019860973187686196 1.1549019599857433 0.0022937476861683084
baptist 0.0009930486593843098 0.8860566476931633 0.0008798973661302515
minister 0.0009930486593843098 0.5376020021010439 0.0005338649474687625
top 0.0009930486593843098 0.48148606012211254 0.000478139086516497
leader 0.0019860973187686196 0.8582367697242121 0.001704541747217899
movement 0.0009930486593843098 0.48148606012211254 0.000478139086516497
working 0.0009930486593843098 0.35654732351381263 0.00035406884162245546
martin 0.0009930486593843098 0.5686362358410126 0.0005646834516792579
luther 0.0009930486593843098 0.638272163982407 0.0006338353167650517
king 0.0009930486593843098 0.4685210829577449 0.0004652642333244736
jr 0.0009930486593843098 0.32790214206428253 0.00032562278258617926
sclc 0.0009930486593843098 1.0969100130080565 0.0010892850178828763
astaire 0.0019860973187686196 2.0 0.003972194637537239
dancer 0.0009930486593843098 1.0969100130080565 0.0010892850178828763
stage 0.0009930486593843098 0.721246399047171 0.0007162327696595541
film 0.003972194637537239 1.3233063903751334 0.005256430547666865
best 0.0009930486593843098 0.13667713987954408 0.00013572705052586304
known 0.0009930486593843098 0.06048074738138145 6.0060325105641956e-05
number 0.0009930486593843098 0.4685210829577449 0.0004652642333244736
successful 0.0009930486593843098 0.4559319556497244 0.0004527626173284254
musical 0.0009930486593843098 0.48148606012211254 0.000478139086516497
comedy 0.0009930486593843098 1.045757490560675 0.0010384880740423783
starred 0.0009930486593843098 0.7695510786217261 0.0007642016669530547
ginger 0.0009930486593843098 2.0 0.0019860973187686196
rogers 0.003972194637537239 2.0 0.007944389275074478
hampton 0.0019860973187686196 1.3979400086720377 0.002776444903022915
black 0.0009930486593843098 0.3872161432802645 0.0003845244719764295
panther 0.0009930486593843098 1.3979400086720377 0.0013882224515114575
party 0.0009930486593843098 0.3979400086720376 0.0003951737921271476
harassed 0.0009930486593843098 1.5228787452803376 0.0015122926964054992
targeted 0.0009930486593843098 1.0969100130080565 0.0010892850178828763
local 0.0009930486593843098 0.6989700043360189 0.0006941112257557287
law 0.0009930486593843098 0.3665315444204135 0.00036398365880875225
enforcement 0.0009930486593843098 1.045757490560675 0.0010384880740423783
fbi 0.0009930486593843098 1.0 0.0009930486593843098
resulting 0.0009930486593843098 1.045757490560675 0.0010384880740423783
murder 0.0019860973187686196 2.2518119729937998 0.004472317721934061
raid 0.0009930486593843098 1.3010299956639813 0.001291986093012891
apartment 0.0009930486593843098 1.1549019599857433 0.0011468738430841542
goldman 0.0029791459781529296 1.3979400086720377 0.004164667354534373
ron 0.0009930486593843098 1.2218487496163564 0.001213355262776918
murdered 0.0009930486593843098 1.0969100130080565 0.0010892850178828763
nicole 0.0009930486593843098 1.3979400086720377 0.0013882224515114575
brown 0.0009930486593843098 0.8239087409443188 0.0008181814706497703
simpson 0.0019860973187686196 1.5228787452803376 0.0030245853928109983
j 0.0009930486593843098 0.7958800173440752 0.0007903475842542952
much 0.0009930486593843098 0.37675070960209955 0.0003741317870924524
loved 0.0009930486593843098 1.045757490560675 0.0010384880740423783
host 0.0009930486593843098 0.853871964321762 0.000847936409455573
public 0.0009930486593843098 0.2596373105057561 0.00025783248312388887
show 0.0009930486593843098 0.494850021680094 0.000491410150625714
mister 0.0009930486593843098 2.0 0.0019860973187686196
neighborhood 0.0009930486593843098 0.7958800173440752 0.0007903475842542952
ran 0.0009930486593843098 0.48148606012211254 0.000478139086516497
pb 0.0009930486593843098 1.3979400086720377 0.0013882224515114575
convicted 0.0009930486593843098 1.3010299956639813 0.001291986093012891
several 0.0009930486593843098 0.32790214206428253 0.00032562278258617926
gruesome 0.0009930486593843098 2.0 0.0019860973187686196
brutal 0.0009930486593843098 1.5228787452803376 0.0015122926964054992
sexual 0.0019860973187686196 0.7958800173440752 0.0015806951685085903
assault 0.0009930486593843098 1.5228787452803376 0.0015122926964054992
occurred 0.0009930486593843098 1.3979400086720377 0.0013882224515114575
england 0.0009930486593843098 0.8860566476931633 0.0008798973661302515
new 0.0009930486593843098 0.14266750356873154 0.00014167577315663508
deal 0.0009930486593843098 0.5528419686577808 0.0005489989758269918
nation 0.0009930486593843098 0.35654732351381263 0.00035406884162245546
great 0.0009930486593843098 0.5228787452803376 0.0005192440370211893
depression 0.0009930486593843098 1.0969100130080565 0.0010892850178828763
elected 0.0009930486593843098 0.3665315444204135 0.00036398365880875225
presidency 0.0009930486593843098 0.4685210829577449 0.0004652642333244736
helped 0.0009930486593843098 0.3372421683184259 0.0003348978831364706
ensure 0.0009930486593843098 1.045757490560675 0.0010384880740423783
victory 0.0009930486593843098 0.5686362358410126 0.0005646834516792579
brandon 0.0019860973187686196 1.6989700043360187 0.003374319770280077
lee 0.0029791459781529296 0.7695510786217261 0.0022926050008591644
action 0.0009930486593843098 0.585026652029182 0.0005809599325016703
star 0.0009930486593843098 0.32790214206428253 0.00032562278258617926
actor 0.0009930486593843098 0.4685210829577449 0.0004652642333244736
bruce 0.0009930486593843098 1.0969100130080565 0.0010892850178828763
untimely 0.0009930486593843098 1.6989700043360187 0.0016871598851400384
caused 0.0009930486593843098 0.8860566476931633 0.0008798973661302515
prop 0.0009930486593843098 2.0 0.0019860973187686196
gun 0.0009930486593843098 0.8860566476931633 0.0008798973661302515
accident 0.0009930486593843098 1.1549019599857433 0.0011468738430841542
set 0.0009930486593843098 0.494850021680094 0.000491410150625714
crow 0.0009930486593843098 1.3010299956639813 0.001291986093012891
mary 0.0019860973187686196 1.0 0.0019860973187686196
kay 0.0019860973187686196 2.0 0.003972194637537239
letourneau 0.0019860973187686196 2.0 0.003972194637537239
sentenced 0.0009930486593843098 0.958607314841775 0.0009519437088796177
seven 0.0009930486593843098 0.619788758288394 0.0006154803955197557
prison 0.0009930486593843098 0.6020599913279624 0.0005978748672571622
statutory 0.0009930486593843098 1.5228787452803376 0.0015122926964054992
rape 0.0009930486593843098 1.3979400086720377 0.0013882224515114575
relationship 0.0009930486593843098 0.5228787452803376 0.0005192440370211893
old 0.0009930486593843098 0.28399665636520083 0.0002820224988730892
boy 0.0009930486593843098 0.7958800173440752 0.0007903475842542952
class 0.0009930486593843098 0.44369749923271273 0.0004406132067852162
loading 0.0009930486593843098 0.04575749056067514 4.543941465806866e-05
logo 0.0009930486593843098 0.04575749056067514 4.543941465806866e-05
registered 0.0009930486593843098 0.04575749056067514 4.543941465806866e-05
trademark 0.0009930486593843098 0.04575749056067514 4.543941465806866e-05
llc 0.0009930486593843098 0.04575749056067514 4.543941465806866e-05
close 0.003972194637537239 0.04575749056067514 0.00018175765863227464
