e 0.016568047337278107 0.04575749056067514 0.000758112269644322
nixon 0.04378698224852071 0.8860566476931633 0.03879774670372431
quote 0.002366863905325444 0.3872161432802645 0.0009164879130893834
civil 0.014201183431952662 0.3467874862246563 0.004924792703782101
right 0.01893491124260355 0.39848321634998984 0.007545244333254246
naacp 0.008284023668639054 0.958607314841775 0.007941125685079794
biography 0.011834319526627219 0.04575749056067514 0.0005415087640316585
skip 0.001183431952662722 0.04575749056067514 5.415087640316585e-05
main 0.001183431952662722 0.04575749056067514 5.415087640316585e-05
content 0.001183431952662722 0.04575749056067514 5.415087640316585e-05
people 0.005917159763313609 0.04575749056067514 0.00027075438201582924
nostalgia 0.0035502958579881655 0.04575749056067514 0.00016245262920949754
celebrity 0.0035502958579881655 0.04575749056067514 0.00016245262920949754
history 0.0035502958579881655 0.04575749056067514 0.00016245262920949754
culture 0.0035502958579881655 0.04575749056067514 0.00016245262920949754
crime 0.0035502958579881655 0.04575749056067514 0.00016245262920949754
scandal 0.004733727810650888 0.04575749056067514 0.0002166035056126634
video 0.0035502958579881655 0.04575749056067514 0.00016245262920949754
contact 0.0035502958579881655 0.04575749056067514 0.00016245262920949754
u 0.004733727810650888 0.20065945054641832 0.0009498672215215068
advertise 0.002366863905325444 0.04575749056067514 0.0001083017528063317
privacy 0.0035502958579881655 0.04575749056067514 0.00016245262920949754
notice 0.002366863905325444 0.04575749056067514 0.0001083017528063317
term 0.002366863905325444 0.04575749056067514 0.0001083017528063317
use 0.002366863905325444 0.04575749056067514 0.0001083017528063317
copyright 0.002366863905325444 0.04575749056067514 0.0001083017528063317
policy 0.002366863905325444 0.04575749056067514 0.0001083017528063317
ad 0.002366863905325444 0.04575749056067514 0.0001083017528063317
choice 0.002366863905325444 0.04575749056067514 0.0001083017528063317
accessibility 0.002366863905325444 0.04575749056067514 0.0001083017528063317
support 0.0035502958579881655 0.04575749056067514 0.00016245262920949754
setting 0.001183431952662722 0.04575749056067514 5.415087640316585e-05
february 0.0035502958579881655 0.04575749056067514 0.00016245262920949754
subscribe 0.002366863905325444 0.04575749056067514 0.0001083017528063317
newsletter 0.0035502958579881655 0.04575749056067514 0.00016245262920949754
quick 0.001183431952662722 0.07058107428570728 8.35278985629672e-05
fact 0.002366863905325444 0.14116214857141457 0.0003341115942518688
name 0.0035502958579881655 0.05551732784983141 0.0001971029391118275
birth 0.0035502958579881655 0.07058107428570728 0.0002505836956889016
date 0.005917159763313609 0.07058107428570728 0.000417639492814836
july 0.0035502958579881655 0.37675070960209955 0.0013375764837944362
death 0.004733727810650888 0.2365720064370627 0.0011198674860926044
know 0.001183431952662722 0.4559319556497244 0.0005395644445558869
first 0.002366863905325444 0.0655015487564323 0.00015503325149451432
african 0.008284023668639054 0.28399665636520083 0.0023526350231436754
american 0.009467455621301775 0.6552148773673394 0.006203217773891971
citizen 0.002366863905325444 1.6420651529995463 0.0038865447408273283
campaign 0.001183431952662722 0.3872161432802645 0.0004582439565446917
office 0.004733727810650888 0.31875876262441283 0.0015089172195238477
montgomery 0.020118343195266272 1.045757490560675 0.02103890809412009
alabama 0.01301775147928994 0.7447274948966939 0.009694677448359328
since 0.001183431952662722 0.3372421683184259 0.0003991031577732851
reconstruction 0.001183431952662722 1.1549019599857433 0.001366747881639933
era 0.001183431952662722 0.8239087409443188 0.0009750399301116198
place 0.002366863905325444 0.07572071393811834 0.00017922062470560553
lowndes 0.002366863905325444 2.0 0.004733727810650888
county 0.004733727810650888 0.8239087409443188 0.003900159720446479
aka 0.001183431952662722 0.853871964321762 0.0010104993660612568
edgar 0.004733727810650888 1.5228787452803376 0.007208893468782664
full 0.001183431952662722 0.3010299956639812 0.000356248515578676
daniel 0.002366863905325444 1.0969100130080565 0.002596236717178832
background 0.002366863905325444 0.7958800173440752 0.0018837396860214798
leader 0.009467455621301775 0.8582367697242121 0.00812531852993337
candidate 0.0035502958579881655 0.585026652029182 0.002077017699511889
bus 0.01301775147928994 1.1549019599857433 0.015034226698039261
boycott 0.01301775147928994 1.2218487496163564 0.015905723367786888
split 0.0035502958579881655 0.9208187539523752 0.0032691790081149415
cite 0.001183431952662722 0.07058107428570728 8.35278985629672e-05
page 0.001183431952662722 0.07058107428570728 8.35278985629672e-05
qualified 0.001183431952662722 1.5228787452803376 0.001802223367195666
run 0.002366863905325444 0.4559319556497244 0.0010791288891117737
public 0.0035502958579881655 0.2596373105057561 0.0009217892680677732
reason 0.001183431952662722 1.0969100130080565 0.001298118358589416
prove 0.001183431952662722 1.1549019599857433 0.001366747881639933
black 0.002366863905325444 2.0861861476162833 0.004937718692582919
wish 0.001183431952662722 1.6989700043360187 0.0020106153897467677
mr 0.001183431952662722 1.3979400086720377 0.001654366874168092
park 0.010650887573964497 1.1549019599857433 0.012300730934759396
formerly 0.001183431952662722 1.1549019599857433 0.001366747881639933
secretary 0.001183431952662722 0.638272163982407 0.000755351673351961
local 0.001183431952662722 0.6989700043360189 0.000827183437084046
branch 0.0035502958579881655 1.3010299956639813 0.004619041404724193
year 0.004733727810650888 0.24995468798823245 0.0011832174579324613
also 0.007100591715976331 0.0861861476162833 0.0006119726457960945
worked 0.004733727810650888 0.3098039199714864 0.001466527431817687
state 0.004733727810650888 0.2924298239020636 0.0013842831900689402
president 0.005917159763313609 0.16749108729376372 0.000991071522448306
assisted 0.001183431952662722 1.1549019599857433 0.001366747881639933
brotherhood 0.002366863905325444 1.5228787452803376 0.003604446734391332
sleeping 0.002366863905325444 1.6989700043360187 0.0040212307794935355
car 0.002366863905325444 0.8860566476931633 0.0020971754974986115
porter 0.008284023668639054 3.5228787452803374 0.029183610907647768
ever 0.001183431952662722 0.6989700043360189 0.000827183437084046
woman 0.002366863905325444 0.3979400086720376 0.0009418698430107399
dedicated 0.001183431952662722 1.045757490560675 0.0012375828290658876
cause 0.001183431952662722 1.0 0.001183431952662722
rosa 0.007100591715976331 1.3010299956639813 0.009238082809448387
publish 0.001183431952662722 0.07058107428570728 8.35278985629672e-05
apr 0.001183431952662722 0.5528419686577808 0.0006542508504825808
comment 0.002366863905325444 0.07058107428570728 0.0001670557971259344
pullman 0.0035502958579881655 1.5228787452803376 0.005406670101586997
dr 0.0035502958579881655 0.7958800173440752 0.0028256095290322197
martin 0.011834319526627219 0.5686362358410126 0.0067294229093610965
luther 0.011834319526627219 0.638272163982407 0.00755351673351961
king 0.016568047337278107 0.4685210829577449 0.007762479480956721
jr 0.01301775147928994 0.32790214206428253 0.004268548594919654
initiate 0.001183431952662722 1.5228787452803376 0.001802223367195666
later 0.004733727810650888 0.09151498112135023 0.00043320701122532656
becoming 0.0035502958579881655 0.3372421683184259 0.0011973094733198552
community 0.004733727810650888 0.48148606012211254 0.0022792239532407692
activist 0.005917159763313609 0.494850021680094 0.0029281066371603195
leadership 0.0035502958579881655 0.638272163982407 0.002266055020055883
position 0.002366863905325444 1.7166987712964503 0.004063192358098107
voter 0.002366863905325444 1.0 0.002366863905325444
league 0.002366863905325444 0.8239087409443188 0.0019500798602232396
key 0.002366863905325444 0.958607314841775 0.002268893052879941
bailing 0.001183431952662722 2.0 0.002366863905325444
jail 0.001183431952662722 1.0969100130080565 0.001298118358589416
positioning 0.001183431952662722 1.5228787452803376 0.001802223367195666
case 0.002366863905325444 0.5228787452803376 0.0012375828290658879
spark 0.001183431952662722 2.0 0.002366863905325444
recruiting 0.001183431952662722 2.0 0.002366863905325444
well 0.001183431952662722 0.20065945054641826 0.00023746680538037665
born 0.001183431952662722 0.09151498112135023 0.00010830175280633164
sue 0.001183431952662722 1.1549019599857433 0.001366747881639933
ann 0.0035502958579881655 1.0969100130080565 0.0038943550757682475
chappell 0.001183431952662722 2.0 0.002366863905325444
wesley 0.001183431952662722 2.0 0.002366863905325444
mother 0.001183431952662722 0.21467016498923297 0.00025404753253163666
died 0.002366863905325444 0.31875876262441283 0.0007544586097619238
boy 0.001183431952662722 0.7958800173440752 0.0009418698430107399
lived 0.001183431952662722 0.6020599913279624 0.000712497031157352
teen 0.001183431952662722 1.1549019599857433 0.001366747881639933
grew 0.001183431952662722 0.494850021680094 0.0005856213274320639
statuesque 0.001183431952662722 2.0 0.002366863905325444
young 0.002366863905325444 0.3010299956639812 0.000712497031157352
man 0.002366863905325444 0.37675070960209955 0.0008917176558629576
found 0.001183431952662722 0.3372421683184259 0.0003991031577732851
employment 0.001183431952662722 1.3010299956639813 0.001539680468241398
working 0.0035502958579881655 0.35654732351381263 0.0012658484858478554
toward 0.001183431952662722 0.8860566476931633 0.0010485877487493057
beginning 0.002366863905325444 0.9208187539523752 0.002179452672076628
became 0.002366863905325444 0.07572071393811834 0.00017922062470560553
involved 0.001183431952662722 0.4559319556497244 0.0005395644445558869
union 0.001183431952662722 0.7447274948966939 0.0008813343134872117
founded 0.002366863905325444 0.619788758288394 0.0014669556409192756
presided 0.001183431952662722 1.5228787452803376 0.001802223367195666
philip 0.001183431952662722 1.5228787452803376 0.001802223367195666
randolph 0.001183431952662722 1.5228787452803376 0.001802223367195666
bscp 0.002366863905325444 2.0 0.004733727810650888
inspired 0.002366863905325444 0.6989700043360189 0.001654366874168092
action 0.002366863905325444 0.585026652029182 0.0013846784663412593
went 0.001183431952662722 0.32790214206428253 0.0003880498722654231
become 0.001183431952662722 0.3372421683184259 0.0003991031577732851
thoughtful 0.001183431952662722 2.0 0.002366863905325444
empowering 0.001183431952662722 1.6989700043360187 0.0020106153897467677
largely 0.001183431952662722 0.853871964321762 0.0010104993660612568
influenced 0.001183431952662722 1.0 0.001183431952662722
movement 0.004733727810650888 0.48148606012211254 0.0022792239532407692
early 0.001183431952662722 0.07572071393811834 8.961031235280277e-05
wrote 0.001183431952662722 0.5528419686577808 0.0006542508504825808
letter 0.001183431952662722 1.0969100130080565 0.001298118358589416
eleanor 0.001183431952662722 1.6989700043360187 0.0020106153897467677
roosevelt 0.001183431952662722 1.0 0.001183431952662722
calling 0.002366863905325444 0.7958800173440752 0.0018837396860214798
establishment 0.001183431952662722 1.1549019599857433 0.001366747881639933
uso 0.001183431952662722 2.0 0.002366863905325444
club 0.001183431952662722 0.8239087409443188 0.0009750399301116198
serviceman 0.001183431952662722 1.6989700043360187 0.0020106153897467677
took 0.001183431952662722 0.28399665636520083 0.0003360907175919536
request 0.001183431952662722 1.5228787452803376 0.001802223367195666
two 0.002366863905325444 0.11918640771920867 0.00028209800643599686
coincidentally 0.001183431952662722 2.0 0.002366863905325444
met 0.001183431952662722 0.44369749923271273 0.0005250857979085358
riding 0.001183431952662722 1.3979400086720377 0.001654366874168092
train 0.001183431952662722 1.0 0.001183431952662722
friendship 0.001183431952662722 1.2218487496163564 0.0014459748516169899
helped 0.002366863905325444 0.3372421683184259 0.0007982063155465702
organize 0.001183431952662722 1.1549019599857433 0.001366747881639933
leading 0.001183431952662722 0.5228787452803376 0.0006187914145329439
march 0.001183431952662722 0.27572413039921095 0.0003263007460345692
municipal 0.001183431952662722 1.3010299956639813 0.001539680468241398
court 0.001183431952662722 0.4202164033831899 0.0004972975187966744
house 0.001183431952662722 0.32790214206428253 0.0003880498722654231
end 0.001183431952662722 0.44369749923271273 0.0005250857979085358
unfair 0.001183431952662722 1.6989700043360187 0.0020106153897467677
practice 0.001183431952662722 1.5228787452803376 0.001802223367195666
blocked 0.001183431952662722 1.3979400086720377 0.001654366874168092
voting 0.002366863905325444 0.7958800173440752 0.0018837396860214798
around 0.001183431952662722 0.4559319556497244 0.0005395644445558869
time 0.001183431952662722 0.1023729087095586 0.00012115137125391551
elected 0.001183431952662722 0.3665315444204135 0.0004337651413259332
head 0.001183431952662722 0.5228787452803376 0.0006187914145329439
chapter 0.001183431952662722 1.1549019599857433 0.001366747881639933
national 0.001183431952662722 0.3010299956639812 0.000356248515578676
association 0.002366863905325444 0.8239087409443188 0.0019500798602232396
advancement 0.001183431952662722 1.0969100130080565 0.001298118358589416
colored 0.001183431952662722 1.2218487496163564 0.0014459748516169899
organization 0.001183431952662722 0.6777807052660807 0.0008021073435101547
entire 0.001183431952662722 1.045757490560675 0.0012375828290658876
shrewd 0.001183431952662722 1.3979400086720377 0.001654366874168092
strategist 0.001183431952662722 1.3010299956639813 0.001539680468241398
promised 0.001183431952662722 0.8860566476931633 0.0010485877487493057
one 0.002366863905325444 0.08092190762392613 0.00019153114230515062
would 0.001183431952662722 0.2291479883578558 0.00027118105131107193
mobilize 0.001183431952662722 2.0 0.002366863905325444
vote 0.001183431952662722 0.9208187539523752 0.001089726336038314
police 0.001183431952662722 0.5376020021010439 0.0006362153871018271
commissioner 0.001183431952662722 2.0 0.002366863905325444
exchange 0.001183431952662722 1.045757490560675 0.0012375828290658876
officer 0.001183431952662722 0.8860566476931633 0.0010485877487493057
hired 0.001183431952662722 1.3010299956639813 0.001539680468241398
force 0.001183431952662722 0.6575773191777938 0.0007781980108612945
ran 0.001183431952662722 0.48148606012211254 0.0005698059883101923
chosen 0.001183431952662722 1.045757490560675 0.0012375828290658876
journal 0.001183431952662722 1.3010299956639813 0.001539680468241398
lost 0.001183431952662722 0.6989700043360189 0.000827183437084046
election 0.001183431952662722 0.44369749923271273 0.0005250857979085358
slim 0.001183431952662722 1.6989700043360187 0.0020106153897467677
margin 0.001183431952662722 1.6989700043360187 0.0020106153897467677
read 0.001183431952662722 0.0655015487564323 7.751662574725716e-05
next 0.001183431952662722 0.07058107428570728 8.35278985629672e-05
bella 0.001183431952662722 0.0655015487564323 7.751662574725716e-05
hadid 0.001183431952662722 0.0655015487564323 7.751662574725716e-05
sadie 0.001183431952662722 0.06048074738138145 7.157484897204905e-05
alexander 0.001183431952662722 0.05551732784983141 6.57009797039425e-05
adrienne 0.001183431952662722 0.0655015487564323 7.751662574725716e-05
kennedy 0.001183431952662722 0.06048074738138145 7.157484897204905e-05
looking 0.001183431952662722 0.853871964321762 0.0010104993660612568
way 0.001183431952662722 0.431798275933005 0.0005110038768437929
formally 0.001183431952662722 1.0969100130080565 0.001298118358589416
challenge 0.001183431952662722 0.853871964321762 0.0010104993660612568
city 0.0035502958579881655 0.3665315444204135 0.0013012954239777995
segregationist 0.001183431952662722 1.5228787452803376 0.001802223367195666
law 0.002366863905325444 0.9208187539523752 0.002179452672076628
december 0.001183431952662722 0.40893539297350084 0.00048394721061952766
fellow 0.001183431952662722 0.6020599913279624 0.000712497031157352
member 0.001183431952662722 0.3010299956639812 0.000356248515578676
refused 0.002366863905325444 0.7447274948966939 0.0017626686269744233
surrender 0.002366863905325444 1.5228787452803376 0.003604446734391332
seat 0.002366863905325444 0.619788758288394 0.0014669556409192756
white 0.0035502958579881655 0.3872161432802645 0.001374731869634075
passenger 0.002366863905325444 1.6989700043360187 0.0040212307794935355
arrested 0.001183431952662722 0.8239087409443188 0.0009750399301116198
played 0.001183431952662722 0.6575773191777938 0.0007781980108612945
role 0.001183431952662722 0.3665315444204135 0.0004337651413259332
providing 0.001183431952662722 1.0969100130080565 0.001298118358589416
bail 0.001183431952662722 1.6989700043360187 0.0020106153897467677
enlisted 0.002366863905325444 1.2218487496163564 0.0028919497032339797
aid 0.002366863905325444 1.3010299956639813 0.003079360936482796
attorney 0.001183431952662722 0.494850021680094 0.0005856213274320639
clifford 0.001183431952662722 1.6989700043360187 0.0020106153897467677
durr 0.001183431952662722 2.0 0.002366863905325444
spouse 0.001183431952662722 1.3979400086720377 0.001654366874168092
virginia 0.001183431952662722 0.8239087409443188 0.0009750399301116198
believed 0.001183431952662722 0.6020599913279624 0.000712497031157352
event 0.001183431952662722 0.721246399047171 0.0008535460343753504
could 0.001183431952662722 0.4202164033831899 0.0004972975187966744
spur 0.001183431952662722 2.0 0.002366863905325444
area 0.001183431952662722 0.7447274948966939 0.0008813343134872117
line 0.001183431952662722 1.3979400086720377 0.001654366874168092
processed 0.001183431952662722 2.0 0.002366863905325444
via 0.001183431952662722 0.5086383061657272 0.000601938823864766
legal 0.001183431952662722 0.5086383061657272 0.000601938823864766
channel 0.001183431952662722 1.6989700043360187 0.0020106153897467677
convincing 0.001183431952662722 1.6989700043360187 0.0020106153897467677
power 0.001183431952662722 0.5376020021010439 0.0006362153871018271
new 0.001183431952662722 0.14266750356873154 0.00016883728232985982
preacher 0.001183431952662722 1.6989700043360187 0.0020106153897467677
dexter 0.001183431952662722 1.6989700043360187 0.0020106153897467677
avenue 0.001183431952662722 1.5228787452803376 0.001802223367195666
baptist 0.0035502958579881655 0.8860566476931633 0.003145763246247917
church 0.001183431952662722 0.619788758288394 0.0007334778204596378
lead 0.001183431952662722 0.5228787452803376 0.0006187914145329439
result 0.001183431952662722 0.7695510786217261 0.0009107113356470131
minister 0.004733727810650888 0.5376020021010439 0.0025448615484073085
ralph 0.0035502958579881655 1.1549019599857433 0.004100243644919798
abernathy 0.0035502958579881655 1.3010299956639813 0.004619041404724193
form 0.001183431952662722 0.7447274948966939 0.0008813343134872117
improvement 0.001183431952662722 1.3010299956639813 0.001539680468241398
serving 0.001183431952662722 0.48148606012211254 0.0005698059883101923
treasurer 0.001183431952662722 1.5228787452803376 0.001802223367195666
lasted 0.001183431952662722 1.5228787452803376 0.001802223367195666
day 0.003550295857988166 0.7013652168755644 0.0024900540244102883
enduring 0.001183431952662722 1.1549019599857433 0.001366747881639933
host 0.001183431952662722 0.853871964321762 0.0010104993660612568
travail 0.001183431952662722 2.0 0.002366863905325444
included 0.001183431952662722 0.48148606012211254 0.0005698059883101923
harassment 0.001183431952662722 1.0969100130080565 0.001298118358589416
violent 0.001183431952662722 0.958607314841775 0.0011344465264399705
attack 0.001183431952662722 0.7447274948966939 0.0008813343134872117
home 0.001183431952662722 0.31875876262441283 0.0003772293048809619
firebombed 0.001183431952662722 1.6989700043360187 0.0020106153897467677
indicted 0.001183431952662722 1.3979400086720377 0.001654366874168092
violating 0.001183431952662722 1.5228787452803376 0.001802223367195666
anti 0.001183431952662722 0.721246399047171 0.0008535460343753504
statute 0.001183431952662722 2.0 0.002366863905325444
yet 0.001183431952662722 0.6777807052660807 0.0008021073435101547
persevered 0.001183431952662722 2.0 0.002366863905325444
eventually 0.002366863905325444 0.3979400086720376 0.0009418698430107399
forced 0.001183431952662722 0.721246399047171 0.0008535460343753504
lift 0.001183431952662722 1.3979400086720377 0.001654366874168092
segregation 0.001183431952662722 0.9208187539523752 0.001089726336038314
mia 0.001183431952662722 2.0 0.002366863905325444
protesting 0.001183431952662722 1.3979400086720377 0.001654366874168092
class 0.001183431952662722 0.44369749923271273 0.0005250857979085358
education 0.001183431952662722 0.19382002601611284 0.00022937281185338797
based 0.001183431952662722 0.619788758288394 0.0007334778204596378
prejudice 0.001183431952662722 1.5228787452803376 0.001802223367195666
condescending 0.001183431952662722 2.0 0.002366863905325444
treatment 0.001183431952662722 1.0969100130080565 0.001298118358589416
felt 0.001183431952662722 0.6020599913279624 0.000712497031157352
received 0.002366863905325444 0.28399665636520083 0.0006721814351839072
continued 0.001183431952662722 0.3372421683184259 0.0003991031577732851
work 0.002366863905325444 0.2218487496163564 0.0005250857979085358
housing 0.001183431952662722 0.9208187539523752 0.001089726336038314
recreation 0.001183431952662722 2.0 0.002366863905325444
director 0.001183431952662722 0.5686362358410126 0.0006729422909361097
retirement 0.001183431952662722 1.1549019599857433 0.001366747881639933
personal 0.001183431952662722 0.3372421683184259 0.0003991031577732851
life 0.002366863905325444 0.13679614097137055 0.00032377784845294806
honorary 0.001183431952662722 2.0 0.002366863905325444
doctorate 0.001183431952662722 1.3979400086720377 0.001654366874168092
university 0.001183431952662722 0.2596373105057561 0.0003072630893559244
addition 0.001183431952662722 0.6777807052660807 0.0008021073435101547
accolade 0.001183431952662722 1.3979400086720377 0.001654366874168092
married 0.001183431952662722 0.24412514432750856 0.00028890549624557225
twice 0.001183431952662722 0.958607314841775 0.0011344465264399705
wife 0.0035502958579881655 0.3098039199714864 0.001099895573863265
alease 0.001183431952662722 2.0 0.002366863905325444
gave 0.001183431952662722 0.6020599913279624 0.000712497031157352
son 0.001183431952662722 0.28399665636520083 0.0003360907175919536
passed 0.001183431952662722 0.6777807052660807 0.0008021073435101547
second 0.001183431952662722 0.19382002601611284 0.00022937281185338797
arlette 0.001183431952662722 2.0 0.002366863905325444
together 0.001183431952662722 0.431798275933005 0.0005110038768437929
age 0.001183431952662722 0.11350927482751813 0.00013433050275445932
check 0.001183431952662722 0.07058107428570728 8.35278985629672e-05
strive 0.001183431952662722 0.07058107428570728 8.35278985629672e-05
accuracy 0.001183431952662722 0.07058107428570728 8.35278985629672e-05
fairness 0.001183431952662722 0.07058107428570728 8.35278985629672e-05
see 0.002366863905325444 0.04575749056067514 0.0001083017528063317
something 0.001183431952662722 0.07058107428570728 8.35278985629672e-05
look 0.001183431952662722 0.07058107428570728 8.35278985629672e-05
citation 0.001183431952662722 0.07058107428570728 8.35278985629672e-05
information 0.001183431952662722 0.07058107428570728 8.35278985629672e-05
article 0.001183431952662722 0.07058107428570728 8.35278985629672e-05
title 0.001183431952662722 0.07058107428570728 8.35278985629672e-05
author 0.001183431952662722 0.06048074738138145 7.157484897204905e-05
com 0.002366863905325444 0.06048074738138145 0.0001431496979440981
editor 0.001183431952662722 0.1023729087095586 0.00012115137125391551
website 0.002366863905325444 0.0655015487564323 0.00015503325149451432
url 0.001183431952662722 0.07058107428570728 8.35278985629672e-05
access 0.001183431952662722 0.07058107428570728 8.35278985629672e-05
publisher 0.001183431952662722 0.07058107428570728 8.35278985629672e-05
television 0.002366863905325444 0.04575749056067514 0.0001083017528063317
network 0.002366863905325444 0.04575749056067514 0.0001083017528063317
last 0.001183431952662722 0.0655015487564323 7.751662574725716e-05
updated 0.001183431952662722 0.07058107428570728 8.35278985629672e-05
original 0.001183431952662722 0.0655015487564323 7.751662574725716e-05
published 0.001183431952662722 0.07058107428570728 8.35278985629672e-05
april 0.001183431952662722 0.1549019599857432 0.0001833159289772109
receive 0.001183431952662722 0.05551732784983141 6.57009797039425e-05
story 0.0035502958579881655 0.05551732784983141 0.0001971029391118275
shaped 0.002366863905325444 0.05551732784983141 0.000131401959407885
world 0.001183431952662722 0.04575749056067514 5.415087640316585e-05
sign 0.001183431952662722 0.05551732784983141 6.57009797039425e-05
person 0.010650887573964497 0.05060999335508724 0.0005390413493441245
fred 0.002366863905325444 1.0 0.002366863905325444
shuttlesworth 0.002366863905325444 1.1549019599857433 0.002733495763279866
top 0.001183431952662722 0.48148606012211254 0.0005698059883101923
sclc 0.001183431952662722 1.0969100130080565 0.001298118358589416
segregated 0.001183431952662722 1.1549019599857433 0.001366747881639933
defiance 0.001183431952662722 1.6989700043360187 0.0020106153897467677
sparked 0.001183431952662722 1.0 0.001183431952662722
bayard 0.002366863905325444 1.5228787452803376 0.003604446734391332
rustin 0.002366863905325444 1.5228787452803376 0.003604446734391332
organizer 0.001183431952662722 1.0969100130080565 0.001298118358589416
best 0.001183431952662722 0.13667713987954408 0.00016174809453200483
known 0.001183431952662722 0.06048074738138145 7.157484897204905e-05
adviser 0.002366863905325444 0.7447274948966939 0.0017626686269744233
co 0.001183431952662722 0.4202164033831899 0.0004972975187966744
southern 0.001183431952662722 0.6575773191777938 0.0007781980108612945
christian 0.001183431952662722 0.9208187539523752 0.001089726336038314
conference 0.001183431952662722 0.7958800173440752 0.0009418698430107399
close 0.005917159763313609 0.04575749056067514 0.00027075438201582924
scholar 0.001183431952662722 1.0 0.001183431952662722
led 0.002366863905325444 0.37675070960209955 0.0008917176558629576
assassination 0.001183431952662722 0.7447274948966939 0.0008813343134872117
memorialized 0.001183431952662722 1.0969100130080565 0.001298118358589416
jimmie 0.002366863905325444 1.3979400086720377 0.003308733748336184
lee 0.002366863905325444 0.7695510786217261 0.0018214226712940263
jackson 0.002366863905325444 0.5228787452803376 0.0012375828290658879
shot 0.001183431952662722 0.958607314841775 0.0011344465264399705
killed 0.001183431952662722 0.6989700043360189 0.000827183437084046
trooper 0.001183431952662722 1.3979400086720377 0.001654366874168092
demonstration 0.001183431952662722 1.045757490560675 0.0012375828290658876
act 0.001183431952662722 0.4685210829577449 0.0005544628200683372
coretta 0.002366863905325444 1.5228787452803376 0.003604446734391332
scott 0.002366863905325444 1.045757490560675 0.0024751656581317753
richard 0.002366863905325444 0.6777807052660807 0.0016042146870203094
th 0.001183431952662722 0.2076083105017461 0.0002456903082860901
commander 0.001183431952662722 0.958607314841775 0.0011344465264399705
chief 0.001183431952662722 0.5686362358410126 0.0006729422909361097
resign 0.001183431952662722 1.0 0.001183431952662722
watergate 0.001183431952662722 1.045757490560675 0.0012375828290658876
jo 0.002366863905325444 2.0 0.004733727810650888
robinson 0.002366863905325444 0.958607314841775 0.002268893052879941
organized 0.001183431952662722 0.7958800173440752 0.0009418698430107399
changed 0.001183431952662722 0.6989700043360189 0.000827183437084046
course 0.001183431952662722 0.853871964321762 0.0010104993660612568
america 0.001183431952662722 0.37675070960209955 0.0004458588279314788
loading 0.001183431952662722 0.04575749056067514 5.415087640316585e-05
logo 0.001183431952662722 0.04575749056067514 5.415087640316585e-05
registered 0.001183431952662722 0.04575749056067514 5.415087640316585e-05
trademark 0.001183431952662722 0.04575749056067514 5.415087640316585e-05
llc 0.001183431952662722 0.04575749056067514 5.415087640316585e-05
