muammar 0.00843558282208589 1.5228787452803376 0.012846369783806528
al 0.018404907975460124 0.7447274948966939 0.0137066410103686
qaddafi 0.04141104294478527 1.5228787452803376 0.06306399712050477
death 0.006134969325153374 0.2365720064370627 0.0014513620026813663
fact 0.0023006134969325155 0.14116214857141457 0.0003247595442593894
life 0.003834355828220859 0.13679614097137055 0.0005245250804116969
biography 0.007668711656441718 0.04575749056067514 0.00035090100123217135
skip 0.0007668711656441718 0.04575749056067514 3.5090100123217135e-05
main 0.0007668711656441718 0.04575749056067514 3.5090100123217135e-05
content 0.0007668711656441718 0.04575749056067514 3.5090100123217135e-05
people 0.005368098159509203 0.04575749056067514 0.00024563070086252
nostalgia 0.0023006134969325155 0.04575749056067514 0.0001052703003696514
celebrity 0.0023006134969325155 0.04575749056067514 0.0001052703003696514
history 0.0023006134969325155 0.04575749056067514 0.0001052703003696514
culture 0.0023006134969325155 0.04575749056067514 0.0001052703003696514
crime 0.003834355828220859 1.2006594505464185 0.004603755561911114
scandal 0.0023006134969325155 0.04575749056067514 0.0001052703003696514
video 0.003067484662576687 0.04575749056067514 0.00014036040049286854
contact 0.0023006134969325155 0.04575749056067514 0.0001052703003696514
u 0.0023006134969325155 0.04575749056067514 0.0001052703003696514
advertise 0.0015337423312883436 0.04575749056067514 7.018020024643427e-05
privacy 0.0023006134969325155 0.04575749056067514 0.0001052703003696514
notice 0.0015337423312883436 0.04575749056067514 7.018020024643427e-05
term 0.0015337423312883436 0.04575749056067514 7.018020024643427e-05
use 0.0015337423312883436 0.04575749056067514 7.018020024643427e-05
copyright 0.0015337423312883436 0.04575749056067514 7.018020024643427e-05
policy 0.003067484662576687 0.7670038896078462 0.0023527726675087305
ad 0.0015337423312883436 0.04575749056067514 7.018020024643427e-05
choice 0.0015337423312883436 0.04575749056067514 7.018020024643427e-05
accessibility 0.0015337423312883436 0.04575749056067514 7.018020024643427e-05
support 0.005368098159509203 0.04575749056067514 0.00024563070086252
setting 0.0007668711656441718 0.04575749056067514 3.5090100123217135e-05
february 0.0015337423312883436 0.04575749056067514 7.018020024643427e-05
subscribe 0.0015337423312883436 0.04575749056067514 7.018020024643427e-05
newsletter 0.0023006134969325155 0.04575749056067514 0.0001052703003696514
quick 0.0007668711656441718 0.07058107428570728 5.412659070989823e-05
name 0.0015337423312883436 0.05551732784983141 8.514927584329971e-05
birth 0.0023006134969325155 0.07058107428570728 0.0001623797721296947
date 0.003834355828220859 0.07058107428570728 0.00027063295354949114
june 0.0023006134969325155 0.28399665636520083 0.0006533665407174866
october 0.0023006134969325155 0.37675070960209955 0.0008667577674894929
education 0.0007668711656441718 0.19382002601611284 0.00014863498927616015
university 0.0007668711656441718 0.2596373105057561 0.00019910836695226697
libya 0.02147239263803681 1.3979400086720377 0.030017116750626578
place 0.0015337423312883436 0.07572071393811834 0.0001161360643222674
sirte 0.003834355828220859 2.0 0.007668711656441718
aka 0.0007668711656441718 0.853871964321762 0.0006548097885903083
gaddafi 0.0007668711656441718 2.0 0.0015337423312883436
mu 0.0007668711656441718 2.0 0.0015337423312883436
ammar 0.0007668711656441718 2.0 0.0015337423312883436
qadhdhf 0.0007668711656441718 2.0 0.0015337423312883436
gathafi 0.0007668711656441718 2.0 0.0015337423312883436
early 0.003834355828220859 0.07572071393811834 0.00029034016080566847
taking 0.0015337423312883436 0.6020599913279624 0.000923404894674789
control 0.004601226993865031 0.5528419686577808 0.0025437513895296662
international 0.003834355828220859 0.40893539297350084 0.0015680038074137302
notoriety 0.0015337423312883436 1.2218487496163564 0.0018740011497183381
rapprochement 0.0023006134969325155 2.0 0.004601226993865031
west 0.005368098159509203 0.7695510786217261 0.00413102572879761
arab 0.006901840490797546 1.3979400086720377 0.009648358955558543
spring 0.003067484662576687 1.0969100130080565 0.0033647546411290077
turmoil 0.0015337423312883436 2.0 0.003067484662576687
cite 0.0007668711656441718 0.07058107428570728 5.412659070989823e-05
page 0.0007668711656441718 0.07058107428570728 5.412659070989823e-05
publish 0.0007668711656441718 0.07058107428570728 5.412659070989823e-05
apr 0.0007668711656441718 0.5528419686577808 0.00042395856492161106
comment 0.0015337423312883436 0.07058107428570728 0.00010825318141979646
seized 0.0007668711656441718 1.3010299956639813 0.000997722389312869
libyan 0.00843558282208589 3.5228787452803374 0.029717535427978305
government 0.003067484662576687 0.494850021680094 0.0015179448517794296
ruled 0.0007668711656441718 0.7958800173440752 0.0006103374366135546
authoritarian 0.0007668711656441718 2.0 0.0015337423312883436
dictator 0.0023006134969325155 1.2218487496163564 0.002811001724577507
year 0.003067484662576687 0.24995468798823245 0.0007667321717430444
overthrown 0.0015337423312883436 2.0 0.003067484662576687
joined 0.0007668711656441718 0.4685210829577449 0.00035929530901667556
military 0.006134969325153374 0.5528419686577808 0.0033916685193728885
staged 0.0007668711656441718 2.0 0.0015337423312883436
coup 0.0015337423312883436 2.0 0.003067484662576687
seize 0.0007668711656441718 1.3979400086720377 0.0010720398839509492
ousting 0.0007668711656441718 2.0 0.0015337423312883436
king 0.003834355828220859 0.4685210829577449 0.0017964765450833777
idris 0.003067484662576687 2.0 0.006134969325153374
though 0.0007668711656441718 0.3665315444204135 0.00028108247271504104
nationalist 0.0015337423312883436 1.3010299956639813 0.001995444778625738
rhetoric 0.0007668711656441718 1.3010299956639813 0.000997722389312869
socialist 0.0007668711656441718 1.6989700043360187 0.0013028911076196463
style 0.0015337423312883436 0.8239087409443188 0.0012636637131047835
gained 0.0023006134969325155 0.853871964321762 0.001964429365770925
day 0.0015337423312883436 0.40893539297350084 0.0006272015229654921
rule 0.004601226993865031 1.0 0.004601226993865031
corruption 0.0015337423312883436 1.6989700043360187 0.0026057822152392926
interference 0.0007668711656441718 1.3010299956639813 0.000997722389312869
africa 0.0023006134969325155 0.7447274948966939 0.001713330126296075
record 0.0007668711656441718 0.494850021680094 0.0003794862129448574
horrific 0.0007668711656441718 1.6989700043360187 0.0013028911076196463
human 0.0007668711656441718 0.8860566476931633 0.0006794912942432234
right 0.0015337423312883436 0.39848321634998984 0.0006111705772239108
abuse 0.0007668711656441718 1.3010299956639813 0.000997722389312869
turned 0.0007668711656441718 0.638272163982407 0.0004894725183914165
much 0.003067484662576687 0.37675070960209955 0.0011556770233193238
population 0.0015337423312883436 1.1549019599857433 0.0017713220245180112
accused 0.0007668711656441718 0.8239087409443188 0.0006318318565523917
supporting 0.0007668711656441718 1.0969100130080565 0.0008411886602822519
terrorism 0.0023006134969325155 1.3010299956639813 0.0029931671679386076
last 0.0015337423312883436 0.0655015487564323 0.00010046249809268758
decade 0.0023006134969325155 1.4621809049267258 0.0033639131248314248
reached 0.0007668711656441718 0.721246399047171 0.0005531030667539655
western 0.005368098159509203 1.3010299956639813 0.006984056725190084
leader 0.003834355828220859 0.8582367697242121 0.003290785159985476
became 0.005368098159509203 0.07572071393811834 0.0004064762251279359
key 0.0007668711656441718 0.958607314841775 0.0007351283089277416
provider 0.0007668711656441718 2.0 0.0015337423312883436
oil 0.003834355828220859 1.0 0.003834355828220859
europe 0.0007668711656441718 1.2218487496163564 0.0009370005748591691
nato 0.003834355828220859 1.2218487496163564 0.004685002874295845
troop 0.0007668711656441718 1.0 0.0007668711656441718
supported 0.0007668711656441718 0.6989700043360189 0.0005360199419754746
dissident 0.0015337423312883436 2.0 0.003067484662576687
attempting 0.0007668711656441718 1.1549019599857433 0.0008856610122590056
overthrow 0.0015337423312883436 1.3979400086720377 0.0021440797679018984
month 0.003834355828220859 1.016824927962187 0.003898868588812067
run 0.0007668711656441718 0.4559319556497244 0.000349641070283531
killed 0.004601226993865031 0.6989700043360189 0.0032161196518528477
hometown 0.0015337423312883436 1.1549019599857433 0.0017713220245180112
born 0.0007668711656441718 0.09151498112135023 7.018020024643423e-05
raised 0.0007668711656441718 0.585026652029182 0.0004486400705745261
bedouin 0.0007668711656441718 2.0 0.0015337423312883436
tent 0.0015337423312883436 2.0 0.003067484662576687
desert 0.0007668711656441718 2.0 0.0015337423312883436
came 0.0007668711656441718 0.3010299956639812 0.00023085122366869724
tribal 0.0007668711656441718 1.5228787452803376 0.0011678517985278664
family 0.003834355828220859 0.11918640771920867 0.00045700309708285536
called 0.0023006134969325155 0.3010299956639812 0.0006925536710060918
qadhafah 0.0007668711656441718 2.0 0.0015337423312883436
time 0.0007668711656441718 0.1023729087095586 7.85068318324836e-05
italian 0.0023006134969325155 3.3010299956639813 0.007594394161803638
colony 0.0007668711656441718 2.0 0.0015337423312883436
independence 0.0007668711656441718 0.958607314841775 0.0007351283089277416
allied 0.0007668711656441718 1.3010299956639813 0.000997722389312869
young 0.0015337423312883436 0.3010299956639812 0.0004617024473373945
man 0.0015337423312883436 0.37675070960209955 0.0005778385116596619
influenced 0.0007668711656441718 1.0 0.0007668711656441718
movement 0.0015337423312883436 0.48148606012211254 0.0007384755523345284
admired 0.0007668711656441718 2.0 0.0015337423312883436
egyptian 0.0015337423312883436 2.0 0.003067484662576687
gamal 0.0007668711656441718 2.0 0.0015337423312883436
abdel 0.0007668711656441718 2.0 0.0015337423312883436
nasser 0.0007668711656441718 2.0 0.0015337423312883436
entered 0.0007668711656441718 0.721246399047171 0.0005531030667539655
college 0.0007668711656441718 0.40893539297350084 0.00031360076148274603
city 0.0015337423312883436 0.3665315444204135 0.0005621649454300821
benghazi 0.0023006134969325155 1.5228787452803376 0.003503555395583599
also 0.004601226993865031 0.0861861476162833 0.00039656202890927904
spent 0.0007668711656441718 0.48148606012211254 0.0003692377761672642
four 0.0015337423312883436 0.28399665636520083 0.00043557769381165774
receiving 0.0007668711656441718 0.619788758288394 0.00047529812752177453
training 0.0007668711656441718 1.0969100130080565 0.0008411886602822519
united 0.004601226993865031 0.18708664335714445 0.0008608281136064929
kingdom 0.0015337423312883436 1.3010299956639813 0.001995444778625738
xa 0.009202453987730062 0.17392519729917358 0.0016005386254525178
graduating 0.0007668711656441718 0.5528419686577808 0.00042395856492161106
steadily 0.0007668711656441718 2.0 0.0015337423312883436
rose 0.0023006134969325155 0.7447274948966939 0.001713330126296075
rank 0.0007668711656441718 1.2218487496163564 0.0009370005748591691
disaffection 0.0007668711656441718 2.0 0.0015337423312883436
grew 0.0015337423312883436 0.494850021680094 0.0007589724258897148
involved 0.0015337423312883436 0.4559319556497244 0.000699282140567062
officer 0.0015337423312883436 0.8860566476931633 0.0013589825884864468
talented 0.0007668711656441718 0.7447274948966939 0.0005711100420986916
charismatic 0.0007668711656441718 1.3979400086720377 0.0010720398839509492
power 0.003834355828220859 0.5376020021010439 0.00206135737001934
group 0.0038343558282208593 1.2306226739238615 0.004718645222100697
september 0.0015337423312883436 0.5086383061657272 0.0007801201014811768
abroad 0.0015337423312883436 1.045757490560675 0.0016039225315347776
turkey 0.0007668711656441718 1.3979400086720377 0.0010720398839509492
medical 0.0007668711656441718 0.7447274948966939 0.0005711100420986916
treatment 0.0007668711656441718 1.0969100130080565 0.0008411886602822519
named 0.0007668711656441718 0.494850021680094 0.0003794862129448574
commander 0.0007668711656441718 0.958607314841775 0.0007351283089277416
chief 0.0007668711656441718 0.5686362358410126 0.00043607073300691156
armed 0.0015337423312883436 1.045757490560675 0.0016039225315347776
force 0.003067484662576687 1.543633966870957 0.004735073518009071
chairman 0.0015337423312883436 0.8860566476931633 0.0013589825884864468
revolutionary 0.0007668711656441718 1.1549019599857433 0.0008856610122590056
command 0.0007668711656441718 1.3979400086720377 0.0010720398839509492
council 0.0015337423312883436 0.7695510786217261 0.0011802930653707455
new 0.0015337423312883436 0.14266750356873154 0.0002188151895225944
ruling 0.0023006134969325155 0.9208187539523752 0.0021184480535714157
body 0.0023006134969325155 0.5686362358410126 0.0013082121990207348
age 0.0007668711656441718 0.11350927482751813 8.704698989840347e-05
become 0.0007668711656441718 0.3372421683184259 0.00025862129472271927
ruler 0.0015337423312883436 2.0 0.003067484662576687
first 0.003067484662576687 0.0655015487564323 0.00020092499618537516
order 0.0007668711656441718 0.494850021680094 0.0003794862129448574
business 0.0023006134969325155 0.6989700043360189 0.0016080598259264238
shut 0.0007668711656441718 0.958607314841775 0.0007351283089277416
american 0.0015337423312883436 0.1023729087095586 0.0001570136636649672
british 0.0015337423312883436 0.6989700043360189 0.0010720398839509492
base 0.0007668711656441718 2.0 0.0015337423312883436
demanded 0.0007668711656441718 1.2218487496163564 0.0009370005748591691
foreign 0.003067484662576687 0.7447274948966939 0.0022844401683947664
company 0.0015337423312883436 1.3010299956639813 0.001995444778625738
share 0.0015337423312883436 0.958607314841775 0.0014702566178554832
bigger 0.0007668711656441718 1.3010299956639813 0.000997722389312869
portion 0.0007668711656441718 1.6989700043360187 0.0013028911076196463
revenue 0.0015337423312883436 1.2218487496163564 0.0018740011497183381
country 0.006134969325153374 1.321481620959886 0.008107249208342859
replaced 0.0007668711656441718 1.2218487496163564 0.0009370005748591691
gregorian 0.0007668711656441718 2.0 0.0015337423312883436
calendar 0.0007668711656441718 2.0 0.0015337423312883436
islamic 0.0015337423312883436 1.1549019599857433 0.0017713220245180112
one 0.0015337423312883436 0.08092190762392613 0.00012411335525142045
forbade 0.0007668711656441718 2.0 0.0015337423312883436
sale 0.0007668711656441718 1.5228787452803376 0.0011678517985278664
alcohol 0.0007668711656441718 1.3979400086720377 0.0010720398839509492
feeling 0.0007668711656441718 0.8239087409443188 0.0006318318565523917
threatened 0.0007668711656441718 0.958607314841775 0.0007351283089277416
failed 0.0007668711656441718 0.5376020021010439 0.00041227147400386803
attempt 0.0007668711656441718 0.7447274948966939 0.0005711100420986916
fellow 0.0007668711656441718 0.6020599913279624 0.0004617024473373945
december 0.0007668711656441718 0.40893539297350084 0.00031360076148274603
put 0.0007668711656441718 0.6777807052660807 0.0005197704794985281
law 0.0023006134969325155 1.2873502983727887 0.0029616954717165385
criminalizing 0.0007668711656441718 2.0 0.0015337423312883436
political 0.0023006134969325155 0.3098039199714864 0.0007127390796890025
dissent 0.0007668711656441718 1.3010299956639813 0.000997722389312869
expelled 0.0015337423312883436 1.5228787452803376 0.0023357035970557327
remaining 0.0007668711656441718 1.0 0.0007668711656441718
emphasized 0.0007668711656441718 1.3979400086720377 0.0010720398839509492
saw 0.0007668711656441718 0.6989700043360189 0.0005360199419754746
battle 0.0015337423312883436 0.721246399047171 0.001106206133507931
nationalism 0.0007668711656441718 1.3979400086720377 0.0010720398839509492
imperialism 0.0007668711656441718 2.0 0.0015337423312883436
vocally 0.0007668711656441718 1.6989700043360187 0.0013028911076196463
opposed 0.0015337423312883436 0.9208187539523752 0.0014122987023809435
zionism 0.0007668711656441718 2.0 0.0015337423312883436
israel 0.0015337423312883436 1.2218487496163564 0.0018740011497183381
jewish 0.0007668711656441718 1.6989700043360187 0.0013028911076196463
community 0.0023006134969325155 0.48148606012211254 0.0011077133285017928
inner 0.0007668711656441718 1.5228787452803376 0.0011678517985278664
circle 0.0007668711656441718 1.3979400086720377 0.0010720398839509492
trusted 0.0007668711656441718 1.6989700043360187 0.0013028911076196463
smaller 0.0015337423312883436 1.3979400086720377 0.0021440797679018984
shared 0.0015337423312883436 0.7695510786217261 0.0011802930653707455
small 0.0023006134969325155 0.721246399047171 0.0016593092002618966
associate 0.0015337423312883436 1.5228787452803376 0.0023357035970557327
intelligence 0.0015337423312883436 0.958607314841775 0.0014702566178554832
agent 0.0007668711656441718 1.3010299956639813 0.000997722389312869
traveled 0.0015337423312883436 0.8860566476931633 0.0013589825884864468
around 0.0023006134969325155 0.4559319556497244 0.001048923210850593
world 0.003834355828220859 0.04575749056067514 0.00017545050061608568
intimidate 0.0007668711656441718 2.0 0.0015337423312883436
assassinate 0.0007668711656441718 1.6989700043360187 0.0013028911076196463
living 0.0007668711656441718 0.619788758288394 0.00047529812752177453
exile 0.0007668711656441718 1.5228787452803376 0.0011678517985278664
sought 0.0007668711656441718 0.721246399047171 0.0005531030667539655
orient 0.0007668711656441718 2.0 0.0015337423312883436
away 0.0007668711656441718 0.5376020021010439 0.00041227147400386803
towards 0.0007668711656441718 1.3010299956639813 0.000997722389312869
middle 0.0015337423312883436 0.585026652029182 0.0008972801411490522
east 0.0015337423312883436 0.8860566476931633 0.0013589825884864468
several 0.003067484662576687 0.32790214206428253 0.0010058347916082286
conflict 0.0007668711656441718 1.3010299956639813 0.000997722389312869
including 0.0023006134969325155 0.2365720064370627 0.0005442607510055124
egypt 0.0007668711656441718 1.5228787452803376 0.0011678517985278664
sudan 0.0007668711656441718 1.3979400086720377 0.0010720398839509492
bloody 0.0007668711656441718 1.1549019599857433 0.0008856610122590056
civil 0.0007668711656441718 0.3467874862246563 0.00026594132379191435
war 0.0007668711656441718 0.35654732351381263 0.00027342586159034713
chad 0.0007668711656441718 1.6989700043360187 0.0013028911076196463
mid 0.0007668711656441718 0.585026652029182 0.0004486400705745261
published 0.0015337423312883436 0.07058107428570728 0.00010825318141979646
volume 0.0015337423312883436 1.5228787452803376 0.0023357035970557327
green 0.0007668711656441718 0.6989700043360189 0.0005360199419754746
book 0.0007668711656441718 0.585026652029182 0.0004486400705745261
explanation 0.0007668711656441718 2.0 0.0015337423312883436
philosophy 0.0007668711656441718 1.2218487496163564 0.0009370005748591691
three 0.0015337423312883436 0.2076083105017461 0.00031841765414378237
work 0.0015337423312883436 0.2218487496163564 0.0003402588184299945
describes 0.0007668711656441718 1.6989700043360187 0.0013028911076196463
problem 0.0007668711656441718 0.7958800173440752 0.0006103374366135546
liberal 0.0007668711656441718 0.8860566476931633 0.0006794912942432234
democracy 0.0007668711656441718 1.0 0.0007668711656441718
capitalism 0.0007668711656441718 2.0 0.0015337423312883436
promotes 0.0007668711656441718 2.0 0.0015337423312883436
remedy 0.0007668711656441718 1.5228787452803376 0.0011678517985278664
claimed 0.0007668711656441718 0.7447274948966939 0.0005711100420986916
boasted 0.0007668711656441718 2.0 0.0015337423312883436
popular 0.0007668711656441718 0.4685210829577449 0.00035929530901667556
committee 0.0007668711656441718 1.0969100130080565 0.0008411886602822519
ownership 0.0007668711656441718 1.045757490560675 0.0008019612657673888
reality 0.0007668711656441718 1.0 0.0007668711656441718
far 0.0007668711656441718 1.0 0.0007668711656441718
true 0.0007668711656441718 0.8239087409443188 0.0006318318565523917
appointed 0.0007668711656441718 0.6777807052660807 0.0005197704794985281
close 0.005368098159509203 0.04575749056067514 0.00024563070086252
friend 0.0015337423312883436 0.5686362358410126 0.0008721414660138231
position 0.0007668711656441718 1.0969100130080565 0.0008411886602822519
crackdown 0.0007668711656441718 2.0 0.0015337423312883436
kind 0.0007668711656441718 0.7958800173440752 0.0006103374366135546
civic 0.0007668711656441718 1.6989700043360187 0.0013028911076196463
organizing 0.0007668711656441718 1.1549019599857433 0.0008856610122590056
meant 0.0007668711656441718 0.853871964321762 0.0006548097885903083
lived 0.0007668711656441718 0.6020599913279624 0.0004617024473373945
poverty 0.0007668711656441718 1.1549019599857433 0.0008856610122590056
meanwhile 0.0007668711656441718 1.0969100130080565 0.0008411886602822519
amassing 0.0007668711656441718 2.0 0.0015337423312883436
fortune 0.0007668711656441718 1.6989700043360187 0.0013028911076196463
regime 0.0015337423312883436 1.0 0.0015337423312883436
murdered 0.0007668711656441718 1.0969100130080565 0.0008411886602822519
deemed 0.0007668711656441718 1.3010299956639813 0.000997722389312869
oppressive 0.0007668711656441718 2.0 0.0015337423312883436
eccentric 0.0007668711656441718 1.6989700043360187 0.0013028911076196463
cadre 0.0007668711656441718 1.6989700043360187 0.0013028911076196463
female 0.0015337423312883436 0.6020599913279624 0.000923404894674789
bodyguard 0.0007668711656441718 1.6989700043360187 0.0013028911076196463
heel 0.0007668711656441718 1.6989700043360187 0.0013028911076196463
considered 0.0007668711656441718 0.721246399047171 0.0005531030667539655
erected 0.0007668711656441718 2.0 0.0015337423312883436
stay 0.0007668711656441718 1.2218487496163564 0.0009370005748591691
dressed 0.0007668711656441718 1.5228787452803376 0.0011678517985278664
strange 0.0007668711656441718 2.0 0.0015337423312883436
costume 0.0007668711656441718 1.3979400086720377 0.0010720398839509492
like 0.0007668711656441718 0.2365720064370627 0.00018142025033517079
outfit 0.0015337423312883436 3.6989700043360187 0.00567326687781598
bizarre 0.0007668711656441718 1.3979400086720377 0.0010720398839509492
antic 0.0007668711656441718 1.6989700043360187 0.0013028911076196463
often 0.0007668711656441718 0.5376020021010439 0.00041227147400386803
distracted 0.0007668711656441718 2.0 0.0015337423312883436
brutality 0.0007668711656441718 1.3010299956639813 0.000997722389312869
earned 0.0007668711656441718 0.40893539297350084 0.00031360076148274603
nickname 0.0007668711656441718 0.9208187539523752 0.0007061493511904718
mad 0.0007668711656441718 1.3010299956639813 0.000997722389312869
dog 0.0007668711656441718 1.3979400086720377 0.0010720398839509492
addition 0.0007668711656441718 0.6777807052660807 0.0005197704794985281
destructive 0.0007668711656441718 1.6989700043360187 0.0013028911076196463
home 0.0007668711656441718 0.31875876262441283 0.00024444690385307734
despised 0.0007668711656441718 2.0 0.0015337423312883436
implicated 0.0015337423312883436 2.0 0.003067484662576687
financing 0.0007668711656441718 2.0 0.0015337423312883436
many 0.004601226993865031 0.28399665636520083 0.0013067330814349732
anti 0.0007668711656441718 0.721246399047171 0.0005531030667539655
terror 0.0007668711656441718 1.6989700043360187 0.0013028911076196463
plot 0.0007668711656441718 2.0 0.0015337423312883436
irish 0.0015337423312883436 1.3010299956639813 0.001995444778625738
republican 0.0007668711656441718 0.6777807052660807 0.0005197704794985281
army 0.0007668711656441718 0.7695510786217261 0.0005901465326853728
allegedly 0.0007668711656441718 0.853871964321762 0.0006548097885903083
link 0.0015337423312883436 1.6989700043360187 0.0026057822152392926
cut 0.0007668711656441718 0.958607314841775 0.0007351283089277416
diplomatic 0.0007668711656441718 1.1549019599857433 0.0008856610122590056
relation 0.0015337423312883436 0.7958800173440752 0.0012206748732271093
terrorist 0.0023006134969325155 2.154901959985743 0.004957596533709532
thought 0.0007668711656441718 0.7958800173440752 0.0006103374366135546
behind 0.0015337423312883436 0.6777807052660807 0.0010395409589970563
bombing 0.0023006134969325155 1.6989700043360187 0.003908673322858939
berlin 0.0007668711656441718 1.3010299956639813 0.000997722389312869
dance 0.0007668711656441718 1.1549019599857433 0.0008856610122590056
club 0.0007668711656441718 0.8239087409443188 0.0006318318565523917
injured 0.0007668711656441718 1.0969100130080565 0.0008411886602822519
score 0.0007668711656441718 1.5228787452803376 0.0011678517985278664
state 0.003067484662576687 0.4930892744484819 0.001512543786651785
turn 0.0007668711656441718 0.7958800173440752 0.0006103374366135546
president 0.0023006134969325155 0.16749108729376372 0.00038533225604393497
ronald 0.0007668711656441718 1.0 0.0007668711656441718
reagan 0.0007668711656441718 1.045757490560675 0.0008019612657673888
administration 0.0007668711656441718 0.6575773191777938 0.0005042770852590443
bombed 0.0007668711656441718 1.6989700043360187 0.0013028911076196463
specific 0.0007668711656441718 1.3010299956639813 0.000997722389312869
target 0.0007668711656441718 1.3979400086720377 0.0010720398839509492
included 0.0007668711656441718 0.48148606012211254 0.0003692377761672642
residence 0.0007668711656441718 1.1549019599857433 0.0008856610122590056
tripoli 0.0023006134969325155 2.0 0.004601226993865031
read 0.0007668711656441718 0.0655015487564323 5.023124904634379e-05
next 0.0023006134969325155 0.07058107428570728 0.0001623797721296947
bella 0.0007668711656441718 0.0655015487564323 5.023124904634379e-05
hadid 0.0007668711656441718 0.0655015487564323 5.023124904634379e-05
sadie 0.0007668711656441718 0.06048074738138145 4.638094124339068e-05
alexander 0.0007668711656441718 0.05551732784983141 4.2574637921649853e-05
adrienne 0.0007668711656441718 0.0655015487564323 5.023124904634379e-05
kennedy 0.0007668711656441718 0.06048074738138145 4.638094124339068e-05
famous 0.0007668711656441718 0.494850021680094 0.0003794862129448574
instance 0.0007668711656441718 1.3010299956639813 0.000997722389312869
connection 0.0007668711656441718 1.5228787452803376 0.0011678517985278664
lockerbie 0.0023006134969325155 1.6989700043360187 0.003908673322858939
plane 0.0007668711656441718 1.2218487496163564 0.0009370005748591691
carrying 0.0007668711656441718 1.6989700043360187 0.0013028911076196463
blew 0.0007668711656441718 2.0 0.0015337423312883436
near 0.0015337423312883436 0.8860566476931633 0.0013589825884864468
scotland 0.0007668711656441718 1.6989700043360187 0.0013028911076196463
killing 0.0023006134969325155 1.045757490560675 0.0024058837973021667
board 0.0015337423312883436 0.8239087409443188 0.0012636637131047835
falling 0.0007668711656441718 1.3010299956639813 0.000997722389312869
debris 0.0007668711656441718 2.0 0.0015337423312883436
civilian 0.0007668711656441718 1.3010299956639813 0.000997722389312869
ground 0.0007668711656441718 1.045757490560675 0.0008019612657673888
believed 0.0023006134969325155 0.6020599913279624 0.0013851073420121836
destruction 0.0007668711656441718 1.3979400086720377 0.0010720398839509492
french 0.0007668711656441718 1.1549019599857433 0.0008856610122590056
passenger 0.0007668711656441718 1.6989700043360187 0.0013028911076196463
jet 0.0007668711656441718 1.5228787452803376 0.0011678517985278664
relationship 0.0007668711656441718 0.5228787452803376 0.0004009806328836945
began 0.0023006134969325155 0.20065945054641826 0.00046163984021415245
thaw 0.0007668711656441718 2.0 0.0015337423312883436
faced 0.0007668711656441718 0.7695510786217261 0.0005901465326853728
growing 0.0007668711656441718 0.585026652029182 0.0004486400705745261
threat 0.0007668711656441718 1.045757490560675 0.0008019612657673888
islamist 0.0007668711656441718 2.0 0.0015337423312883436
information 0.0015337423312883436 0.07058107428570728 0.00010825318141979646
service 0.0007668711656441718 1.0 0.0007668711656441718
nelson 0.0007668711656441718 0.9208187539523752 0.0007061493511904718
mandela 0.0007668711656441718 1.0969100130080565 0.0008411886602822519
persuaded 0.0007668711656441718 2.0 0.0015337423312883436
hand 0.0007668711656441718 0.7958800173440752 0.0006103374366135546
suspect 0.0007668711656441718 2.0 0.0015337423312883436
long 0.0007668711656441718 0.4559319556497244 0.000349641070283531
mended 0.0007668711656441718 1.6989700043360187 0.0013028911076196463
front 0.0007668711656441718 1.5228787452803376 0.0011678517985278664
welcomed 0.0007668711656441718 0.8860566476931633 0.0006794912942432234
capital 0.0015337423312883436 2.0 0.003067484662576687
prime 0.004601226993865031 0.7958800173440752 0.003662024619681328
minister 0.004601226993865031 1.8386319977650252 0.008459963179900424
silvio 0.0007668711656441718 2.0 0.0015337423312883436
berlusconi 0.0007668711656441718 2.0 0.0015337423312883436
counted 0.0007668711656441718 1.5228787452803376 0.0011678517985278664
among 0.0007668711656441718 0.35654732351381263 0.00027342586159034713
son 0.0023006134969325155 1.1378686206869628 0.0026177959064884117
heir 0.0007668711656441718 1.0969100130080565 0.0008411886602822519
apparent 0.0015337423312883436 1.3010299956639813 0.001995444778625738
seif 0.0015337423312883436 2.0 0.003067484662576687
islam 0.0015337423312883436 1.045757490560675 0.0016039225315347776
mixed 0.0007668711656441718 1.0969100130080565 0.0008411886602822519
london 0.0007668711656441718 1.0 0.0007668711656441718
high 0.0007668711656441718 0.27572413039921095 0.00021144488527546852
society 0.0007668711656441718 0.7695510786217261 0.0005901465326853728
critic 0.0007668711656441718 0.853871964321762 0.0006548097885903083
newfound 0.0007668711656441718 2.0 0.0015337423312883436
friendship 0.0007668711656441718 1.2218487496163564 0.0009370005748591691
based 0.0007668711656441718 0.619788758288394 0.00047529812752177453
access 0.0015337423312883436 0.07058107428570728 0.00010825318141979646
nation 0.0007668711656441718 0.6575773191777938 0.0005042770852590443
eased 0.0007668711656441718 1.3979400086720377 0.0010720398839509492
sanction 0.0007668711656441718 1.1549019599857433 0.0008856610122590056
worked 0.0007668711656441718 0.3098039199714864 0.00023757969322966746
lucrative 0.0007668711656441718 1.6989700043360187 0.0013028911076196463
contract 0.0007668711656441718 1.6989700043360187 0.0013028911076196463
operate 0.0007668711656441718 2.0 0.0015337423312883436
influx 0.0007668711656441718 1.6989700043360187 0.0013028911076196463
money 0.0007668711656441718 0.6575773191777938 0.0005042770852590443
made 0.0015337423312883436 0.1804560644581313 0.00027677310499713394
even 0.0007668711656441718 0.3665315444204135 0.00028108247271504104
wealthier 0.0007668711656441718 2.0 0.0015337423312883436
disparity 0.0007668711656441718 2.0 0.0015337423312883436
mass 0.0007668711656441718 1.5228787452803376 0.0011678517985278664
ever 0.0007668711656441718 0.6989700043360189 0.0005360199419754746
downfall 0.0007668711656441718 1.5228787452803376 0.0011678517985278664
happened 0.0007668711656441718 1.3010299956639813 0.000997722389312869
le 0.0007668711656441718 0.8239087409443188 0.0006318318565523917
january 0.0007668711656441718 0.2676062401770315 0.00020521950933821435
tunisian 0.0007668711656441718 2.0 0.0015337423312883436
revolution 0.0015337423312883436 1.0 0.0015337423312883436
forced 0.0015337423312883436 0.721246399047171 0.001106206133507931
longtime 0.0007668711656441718 0.7447274948966939 0.0005711100420986916
zine 0.0007668711656441718 2.0 0.0015337423312883436
abidine 0.0007668711656441718 2.0 0.0015337423312883436
ben 0.0007668711656441718 1.3979400086720377 0.0010720398839509492
ali 0.0007668711656441718 1.5228787452803376 0.0011678517985278664
set 0.0007668711656441718 0.494850021680094 0.0003794862129448574
hosni 0.0007668711656441718 2.0 0.0015337423312883436
mubarak 0.0007668711656441718 2.0 0.0015337423312883436
providing 0.0007668711656441718 1.0969100130080565 0.0008411886602822519
morale 0.0007668711656441718 2.0 0.0015337423312883436
boost 0.0007668711656441718 1.6989700043360187 0.0013028911076196463
protester 0.0015337423312883436 1.3979400086720377 0.0021440797679018984
despite 0.0007668711656441718 0.4202164033831899 0.00032225184308526833
atmosphere 0.0007668711656441718 1.6989700043360187 0.0013028911076196463
severe 0.0007668711656441718 1.045757490560675 0.0008019612657673888
repression 0.0007668711656441718 2.0 0.0015337423312883436
demonstration 0.0007668711656441718 1.0 0.0007668711656441718
broke 0.0007668711656441718 0.853871964321762 0.0006548097885903083
spread 0.0023006134969325155 1.2218487496163564 0.002811001724577507
throughout 0.0007668711656441718 0.6020599913279624 0.0004617024473373945
used 0.0007668711656441718 0.5086383061657272 0.0003900600507405884
aggressive 0.0007668711656441718 1.2218487496163564 0.0009370005748591691
try 0.0007668711656441718 1.0 0.0007668711656441718
suppress 0.0007668711656441718 2.0 0.0015337423312883436
protest 0.0007668711656441718 0.8239087409443188 0.0006318318565523917
violence 0.0023006134969325155 0.8239087409443188 0.0018954955696571752
quickly 0.0007668711656441718 0.619788758288394 0.00047529812752177453
escalated 0.0007668711656441718 1.6989700043360187 0.0013028911076196463
police 0.0007668711656441718 0.5376020021010439 0.00041227147400386803
mercenary 0.0007668711656441718 2.0 0.0015337423312883436
brought 0.0007668711656441718 0.619788758288394 0.00047529812752177453
shoot 0.0007668711656441718 1.3979400086720377 0.0010720398839509492
helicopter 0.0007668711656441718 2.0 0.0015337423312883436
sent 0.0007668711656441718 0.853871964321762 0.0006548097885903083
bombard 0.0007668711656441718 2.0 0.0015337423312883436
citizen 0.0007668711656441718 0.721246399047171 0.0005531030667539655
air 0.0007668711656441718 0.8860566476931633 0.0006794912942432234
casualty 0.0007668711656441718 1.3979400086720377 0.0010720398839509492
mounted 0.0007668711656441718 1.6989700043360187 0.0013028911076196463
determined 0.0007668711656441718 0.7695510786217261 0.0005901465326853728
see 0.0023006134969325155 0.04575749056067514 0.0001052703003696514
ouster 0.0015337423312883436 2.0 0.003067484662576687
rambling 0.0007668711656441718 2.0 0.0015337423312883436
speech 0.0007668711656441718 1.045757490560675 0.0008019612657673888
television 0.0023006134969325155 0.04575749056067514 0.0001052703003696514
claiming 0.0015337423312883436 1.045757490560675 0.0016039225315347776
demonstrator 0.0007668711656441718 1.5228787452803376 0.0011678517985278664
traitor 0.0007668711656441718 2.0 0.0015337423312883436
foreigner 0.0007668711656441718 1.6989700043360187 0.0013028911076196463
qaeda 0.0007668711656441718 1.2218487496163564 0.0009370005748591691
drug 0.0007668711656441718 0.6575773191777938 0.0005042770852590443
addict 0.0007668711656441718 2.0 0.0015337423312883436
urged 0.0007668711656441718 1.045757490560675 0.0008019612657673888
supporter 0.0007668711656441718 0.9208187539523752 0.0007061493511904718
continue 0.0007668711656441718 0.6777807052660807 0.0005197704794985281
fight 0.0007668711656441718 0.5376020021010439 0.00041227147400386803
heavily 0.0007668711656441718 1.3010299956639813 0.000997722389312869
loyalist 0.0007668711656441718 2.0 0.0015337423312883436
battled 0.0007668711656441718 1.3979400086720377 0.0010720398839509492
rebel 0.003067484662576687 3.0457574905606752 0.00934281438822293
end 0.0023006134969325155 0.44369749923271273 0.0010207764552899834
opposition 0.0023006134969325155 0.958607314841775 0.0022053849267832247
formed 0.0007668711656441718 0.721246399047171 0.0005531030667539655
governing 0.0007668711656441718 1.5228787452803376 0.0011678517985278664
national 0.0015337423312883436 0.3010299956639812 0.0004617024473373945
transitional 0.0007668711656441718 2.0 0.0015337423312883436
surrounded 0.0007668711656441718 1.045757490560675 0.0008019612657673888
still 0.0023006134969325155 0.431798275933005 0.0009934009415636619
expressed 0.0007668711656441718 0.8239087409443188 0.0006318318565523917
ntc 0.0015337423312883436 2.0 0.003067484662576687
march 0.0007668711656441718 0.27572413039921095 0.00021144488527546852
coalition 0.0007668711656441718 1.0969100130080565 0.0008411886602822519
provide 0.0007668711656441718 0.958607314841775 0.0007351283089277416
form 0.0007668711656441718 0.7447274948966939 0.0005711100420986916
airstrikes 0.0007668711656441718 1.5228787452803376 0.0011678517985278664
fly 0.0007668711656441718 1.3979400086720377 0.0010720398839509492
zone 0.0007668711656441718 1.3979400086720377 0.0010720398839509492
intervention 0.0007668711656441718 1.5228787452803376 0.0011678517985278664
six 0.0007668711656441718 0.5686362358410126 0.00043607073300691156
proved 0.0007668711656441718 0.8860566476931633 0.0006794912942432234
decisive 0.0007668711656441718 2.0 0.0015337423312883436
april 0.0015337423312883436 0.1549019599857432 0.00023757969322966746
attack 0.0023006134969325155 1.540607512240769 0.0035443424361367385
fell 0.0007668711656441718 0.8860566476931633 0.0006794912942432234
late 0.0007668711656441718 0.3665315444204135 0.00028108247271504104
august 0.0015337423312883436 0.494850021680094 0.0007589724258897148
seen 0.0015337423312883436 0.619788758288394 0.0009505962550435491
major 0.0007668711656441718 0.4202164033831899 0.00032225184308526833
victory 0.0007668711656441718 0.5686362358410126 0.00043607073300691156
symbolic 0.0007668711656441718 1.2218487496163564 0.0009370005748591691
criminal 0.0007668711656441718 0.9208187539523752 0.0007061493511904718
court 0.0007668711656441718 0.4202164033831899 0.00032225184308526833
issued 0.0007668711656441718 1.045757490560675 0.0008019612657673888
warrant 0.0007668711656441718 1.6989700043360187 0.0013028911076196463
arrest 0.0007668711656441718 0.8860566476931633 0.0006794912942432234
brother 0.0007668711656441718 0.494850021680094 0.0003794862129448574
humanity 0.0007668711656441718 1.2218487496163564 0.0009370005748591691
july 0.0007668711656441718 0.37675070960209955 0.00028891925582983096
recognized 0.0007668711656441718 1.0 0.0007668711656441718
legitimate 0.0007668711656441718 1.5228787452803376 0.0011678517985278664
lost 0.0007668711656441718 0.6989700043360189 0.0005360199419754746
whereabouts 0.0007668711656441718 1.3979400086720377 0.0010720398839509492
unknown 0.0007668711656441718 1.0 0.0007668711656441718
official 0.0007668711656441718 1.045757490560675 0.0008019612657673888
announced 0.0007668711656441718 0.40893539297350084 0.00031360076148274603
died 0.0007668711656441718 0.31875876262441283 0.00024444690385307734
report 0.0007668711656441718 0.7695510786217261 0.0005901465326853728
conflicting 0.0007668711656441718 1.6989700043360187 0.0013028911076196463
account 0.0007668711656441718 1.3010299956639813 0.000997722389312869
stating 0.0007668711656441718 0.9208187539523752 0.0007061493511904718
gun 0.0007668711656441718 0.8860566476931633 0.0006794912942432234
others 0.0007668711656441718 0.494850021680094 0.0003794862129448574
targeted 0.0007668711656441718 1.0969100130080565 0.0008411886602822519
aerial 0.0007668711656441718 2.0 0.0015337423312883436
circulated 0.0007668711656441718 1.6989700043360187 0.0013028911076196463
bloodied 0.0007668711656441718 1.6989700043360187 0.0013028911076196463
dragged 0.0007668711656441718 2.0 0.0015337423312883436
fighter 0.0007668711656441718 1.5228787452803376 0.0011678517985278664
large 0.0007668711656441718 0.8860566476931633 0.0006794912942432234
hiding 0.0007668711656441718 1.3979400086720377 0.0010720398839509492
part 0.0007668711656441718 0.3372421683184259 0.00025862129472271927
pocket 0.0007668711656441718 2.0 0.0015337423312883436
news 0.0007668711656441718 0.585026652029182 0.0004486400705745261
former 0.0007668711656441718 0.27572413039921095 0.00021144488527546852
poured 0.0007668711656441718 2.0 0.0015337423312883436
street 0.0007668711656441718 1.3010299956639813 0.000997722389312869
celebrating 0.0007668711656441718 1.6989700043360187 0.0013028911076196463
hailed 0.0007668711656441718 1.5228787452803376 0.0011678517985278664
culmination 0.0007668711656441718 2.0 0.0015337423312883436
post 0.0007668711656441718 0.6989700043360189 0.0005360199419754746
continued 0.0015337423312883436 0.3372421683184259 0.0005172425894454385
embroiled 0.0007668711656441718 1.3979400086720377 0.0010720398839509492
authority 0.0007668711656441718 1.2218487496163564 0.0009370005748591691
eventually 0.0007668711656441718 0.3979400086720376 0.0003051687183067773
held 0.0007668711656441718 0.48148606012211254 0.0003692377761672642
general 0.0007668711656441718 0.4559319556497244 0.000349641070283531
congress 0.0007668711656441718 0.4202164033831899 0.00032225184308526833
various 0.0007668711656441718 0.958607314841775 0.0007351283089277416
militia 0.0007668711656441718 1.5228787452803376 0.0011678517985278664
vied 0.0007668711656441718 2.0 0.0015337423312883436
dozen 0.0007668711656441718 1.6989700043360187 0.0013028911076196463
figure 0.0007668711656441718 0.8239087409443188 0.0006318318565523917
activist 0.0007668711656441718 1.0 0.0007668711656441718
leave 0.0007668711656441718 0.6575773191777938 0.0005042770852590443
area 0.0007668711656441718 0.7447274948966939 0.0005711100420986916
succession 0.0007668711656441718 1.6989700043360187 0.0013028911076196463
interim 0.0007668711656441718 2.0 0.0015337423312883436
check 0.0007668711656441718 0.07058107428570728 5.412659070989823e-05
strive 0.0007668711656441718 0.07058107428570728 5.412659070989823e-05
accuracy 0.0007668711656441718 0.07058107428570728 5.412659070989823e-05
fairness 0.0007668711656441718 0.07058107428570728 5.412659070989823e-05
something 0.0007668711656441718 0.07058107428570728 5.412659070989823e-05
look 0.0007668711656441718 0.07058107428570728 5.412659070989823e-05
citation 0.0007668711656441718 0.07058107428570728 5.412659070989823e-05
article 0.0007668711656441718 0.07058107428570728 5.412659070989823e-05
title 0.0007668711656441718 0.07058107428570728 5.412659070989823e-05
author 0.0007668711656441718 0.06048074738138145 4.638094124339068e-05
com 0.0015337423312883436 0.06048074738138145 9.276188248678137e-05
editor 0.0007668711656441718 0.1023729087095586 7.85068318324836e-05
website 0.0015337423312883436 0.0655015487564323 0.00010046249809268758
url 0.0007668711656441718 0.07058107428570728 5.412659070989823e-05
publisher 0.0007668711656441718 0.07058107428570728 5.412659070989823e-05
e 0.0015337423312883436 0.04575749056067514 7.018020024643427e-05
network 0.0015337423312883436 0.04575749056067514 7.018020024643427e-05
updated 0.0007668711656441718 0.07058107428570728 5.412659070989823e-05
original 0.0007668711656441718 0.0655015487564323 5.023124904634379e-05
receive 0.0007668711656441718 0.05551732784983141 4.2574637921649853e-05
story 0.0023006134969325155 0.05551732784983141 0.00012772391376494958
shaped 0.0015337423312883436 0.05551732784983141 8.514927584329971e-05
sign 0.0007668711656441718 0.05551732784983141 4.2574637921649853e-05
person 0.006901840490797546 0.05060999335508724 0.00034930210137713586
bashar 0.0015337423312883436 1.3010299956639813 0.001995444778625738
assad 0.0015337423312883436 1.3010299956639813 0.001995444778625738
successor 0.0007668711656441718 1.0969100130080565 0.0008411886602822519
father 0.0015337423312883436 0.14874165128092467 0.00022813136699528325
hafez 0.0007668711656441718 2.0 0.0015337423312883436
brutal 0.0007668711656441718 1.5228787452803376 0.0011678517985278664
syria 0.0007668711656441718 1.3010299956639813 0.000997722389312869
sheikh 0.0015337423312883436 2.0 0.003067484662576687
mohammed 0.0015337423312883436 2.0 0.003067484662576687
bin 0.003067484662576687 1.3979400086720377 0.004288159535803797
rashid 0.0015337423312883436 1.6989700043360187 0.0026057822152392926
maktoum 0.0015337423312883436 2.0 0.003067484662576687
vice 0.0015337423312883436 0.5376020021010439 0.0008245429480077361
emirate 0.0007668711656441718 1.6989700043360187 0.0013028911076196463
responsible 0.0007668711656441718 0.7695510786217261 0.0005901465326853728
dubai 0.0007668711656441718 2.0 0.0015337423312883436
transformation 0.0007668711656441718 1.6989700043360187 0.0013028911076196463
lavish 0.0007668711656441718 1.6989700043360187 0.0013028911076196463
destination 0.0007668711656441718 1.5228787452803376 0.0011678517985278664
yasser 0.0015337423312883436 2.0 0.003067484662576687
arafat 0.0015337423312883436 2.0 0.003067484662576687
palestine 0.0007668711656441718 1.5228787452803376 0.0011678517985278664
liberation 0.0007668711656441718 1.5228787452803376 0.0011678517985278664
organization 0.0007668711656441718 0.6777807052660807 0.0005197704794985281
tumultuous 0.0007668711656441718 1.5228787452803376 0.0011678517985278664
period 0.0007668711656441718 0.958607314841775 0.0007351283089277416
clash 0.0007668711656441718 1.5228787452803376 0.0011678517985278664
neighboring 0.0007668711656441718 2.0 0.0015337423312883436
prevalent 0.0007668711656441718 2.0 0.0015337423312883436
capone 0.0015337423312883436 1.6989700043360187 0.0026057822152392926
known 0.0015337423312883436 0.06048074738138145 9.276188248678137e-05
scarface 0.0007668711656441718 1.6989700043360187 0.0013028911076196463
infamy 0.0007668711656441718 2.0 0.0015337423312883436
chicago 0.0007668711656441718 0.638272163982407 0.0004894725183914165
organized 0.0007668711656441718 0.7958800173440752 0.0006103374366135546
syndicate 0.0007668711656441718 2.0 0.0015337423312883436
prohibition 0.0007668711656441718 1.6989700043360187 0.0013028911076196463
era 0.0007668711656441718 0.8239087409443188 0.0006318318565523917
osama 0.0015337423312883436 1.3979400086720377 0.0021440797679018984
laden 0.0015337423312883436 1.3010299956639813 0.001995444778625738
extremist 0.0007668711656441718 1.3979400086720377 0.0010720398839509492
planned 0.0007668711656441718 0.7958800173440752 0.0006103374366135546
trade 0.0007668711656441718 1.1549019599857433 0.0008856610122590056
center 0.0007668711656441718 0.585026652029182 0.0004486400705745261
intent 0.0007668711656441718 1.3979400086720377 0.0010720398839509492
driving 0.0007668711656441718 1.3979400086720377 0.0010720398839509492
influence 0.0007668711656441718 0.6989700043360189 0.0005360199419754746
muslim 0.0007668711656441718 0.9208187539523752 0.0007061493511904718
benazir 0.0015337423312883436 1.6989700043360187 0.0026057822152392926
bhutto 0.0015337423312883436 1.6989700043360187 0.0026057822152392926
pakistan 0.0007668711656441718 1.2218487496163564 0.0009370005748591691
suicide 0.0007668711656441718 0.958607314841775 0.0007351283089277416
bomber 0.0007668711656441718 1.3979400086720377 0.0010720398839509492
indira 0.0015337423312883436 2.0 0.003067484662576687
gandhi 0.0015337423312883436 1.3979400086720377 0.0021440797679018984
india 0.0015337423312883436 1.0 0.0015337423312883436
third 0.0007668711656441718 0.4202164033831899 0.00032225184308526833
serving 0.0007668711656441718 0.48148606012211254 0.0003692377761672642
ended 0.0007668711656441718 0.5686362358410126 0.00043607073300691156
assassination 0.0007668711656441718 0.7447274948966939 0.0005711100420986916
daughter 0.0007668711656441718 0.31875876262441283 0.00024444690385307734
jawaharlal 0.0007668711656441718 2.0 0.0015337423312883436
nehru 0.0007668711656441718 2.0 0.0015337423312883436
gore 0.0015337423312883436 1.1549019599857433 0.0017713220245180112
served 0.0007668711656441718 0.2676062401770315 0.00020521950933821435
th 0.0007668711656441718 0.2076083105017461 0.00015920882707189118
regarding 0.0007668711656441718 0.9208187539523752 0.0007061493511904718
environmental 0.0007668711656441718 1.0 0.0007668711656441718
issue 0.0007668711656441718 0.6989700043360189 0.0005360199419754746
ayatollah 0.0015337423312883436 2.0 0.003067484662576687
ruhollah 0.0015337423312883436 2.0 0.003067484662576687
khomeini 0.0015337423312883436 2.0 0.003067484662576687
supreme 0.0007668711656441718 0.585026652029182 0.0004486400705745261
religious 0.0007668711656441718 0.958607314841775 0.0007351283089277416
republic 0.0007668711656441718 1.3010299956639813 0.000997722389312869
iran 0.0007668711656441718 1.3010299956639813 0.000997722389312869
following 0.0007668711656441718 0.2518119729937996 0.0001931073412529138
resistance 0.0007668711656441718 1.2218487496163564 0.0009370005748591691
shah 0.0007668711656441718 2.0 0.0015337423312883436
pahlavi 0.0007668711656441718 2.0 0.0015337423312883436
loading 0.0007668711656441718 0.04575749056067514 3.5090100123217135e-05
logo 0.0007668711656441718 0.04575749056067514 3.5090100123217135e-05
registered 0.0007668711656441718 0.04575749056067514 3.5090100123217135e-05
trademark 0.0007668711656441718 0.04575749056067514 3.5090100123217135e-05
llc 0.0007668711656441718 0.04575749056067514 3.5090100123217135e-05
