angela 0.025358324145534728 1.5228787452803376 0.038617652857164016
merkel 0.034178610804851156 1.5228787452803376 0.05204987993791672
age 0.002205071664829107 0.11350927482751813 0.00025029608561746007
education 0.002205071664829107 0.19382002601611284 0.0004273870474445708
parent 0.0011025358324145535 0.4559319556497244 0.0005026813182466642
biography 0.009922822491730982 0.04575749056067514 0.0004540434565006354
skip 0.0011025358324145535 0.04575749056067514 5.0449272944515044e-05
main 0.0011025358324145535 0.04575749056067514 5.0449272944515044e-05
content 0.0011025358324145535 0.04575749056067514 5.0449272944515044e-05
people 0.005512679162072767 0.04575749056067514 0.0002522463647225752
nostalgia 0.0033076074972436605 0.04575749056067514 0.00015134781883354513
celebrity 0.0033076074972436605 0.04575749056067514 0.00015134781883354513
history 0.0033076074972436605 0.04575749056067514 0.00015134781883354513
culture 0.004410143329658214 0.04575749056067514 0.00020179709177806017
crime 0.0033076074972436605 0.04575749056067514 0.00015134781883354513
scandal 0.0033076074972436605 0.04575749056067514 0.00015134781883354513
video 0.0033076074972436605 0.04575749056067514 0.00015134781883354513
contact 0.0033076074972436605 0.04575749056067514 0.00015134781883354513
u 0.005512679162072768 0.20065945054641832 0.0011061711717002113
advertise 0.002205071664829107 0.04575749056067514 0.00010089854588903009
privacy 0.004410143329658214 0.04575749056067514 0.00020179709177806017
notice 0.002205071664829107 0.04575749056067514 0.00010089854588903009
term 0.007717750826901874 0.5406075122407692 0.004172274074625561
use 0.002205071664829107 0.04575749056067514 0.00010089854588903009
copyright 0.002205071664829107 0.04575749056067514 0.00010089854588903009
policy 0.0033076074972436605 0.7670038896078462 0.0025369478156819607
ad 0.002205071664829107 0.04575749056067514 0.00010089854588903009
choice 0.002205071664829107 0.04575749056067514 0.00010089854588903009
accessibility 0.002205071664829107 0.04575749056067514 0.00010089854588903009
support 0.002205071664829107 0.04575749056067514 0.00010089854588903009
setting 0.0011025358324145535 0.04575749056067514 5.0449272944515044e-05
february 0.0033076074972436605 0.04575749056067514 0.00015134781883354513
subscribe 0.002205071664829107 0.04575749056067514 0.00010089854588903009
newsletter 0.0033076074972436605 0.04575749056067514 0.00015134781883354513
quick 0.0011025358324145535 0.07058107428570728 7.781816349030572e-05
fact 0.002205071664829107 0.14116214857141457 0.00031127265396122287
name 0.0033076074972436605 0.05551732784983141 0.00018362952982303664
birth 0.002205071664829107 0.07058107428570728 0.00015563632698061144
date 0.004410143329658214 0.07058107428570728 0.00031127265396122287
july 0.004410143329658214 0.37675070960209955 0.0016615246288956983
know 0.0011025358324145535 0.4559319556497244 0.0005026813182466642
first 0.014332965821389196 0.0655015487564323 0.0009388314595740021
female 0.007717750826901874 0.6020599913279624 0.004646548995915917
chancellor 0.013230429988974642 1.5228787452803376 0.020148340621129055
germany 0.012127894156560088 1.2218487496163564 0.014818452310672458
university 0.002205071664829107 0.2596373105057561 0.0005725188765286794
leipzig 0.002205071664829107 2.0 0.004410143329658214
place 0.0011025358324145535 0.07572071393811834 8.348480037278759e-05
hamburg 0.0033076074972436605 2.0 0.006615214994487321
originally 0.0011025358324145535 0.8860566476931633 0.0009769092036308305
dorothea 0.004410143329658214 1.6989700043360187 0.00749270123191188
kasner 0.0033076074972436605 2.0 0.006615214994487321
full 0.0011025358324145535 0.3010299956639812 0.00033189635685113695
zodiac 0.0011025358324145535 0.3010299956639812 0.00033189635685113695
sign 0.002205071664829107 0.05551732784983141 0.0001224196865486911
cancer 0.0011025358324145535 0.8239087409443188 0.0009083889095306711
early 0.0033076074972436605 0.07572071393811834 0.00025045440111836275
year 0.005512679162072768 0.24995468798823245 0.0013779199999351295
cite 0.0011025358324145535 0.07058107428570728 7.781816349030572e-05
page 0.0011025358324145535 0.07058107428570728 7.781816349030572e-05
quote 0.0011025358324145535 0.3872161432802645 0.0004269196728558594
spying 0.002205071664829107 1.5228787452803376 0.0033580567701881757
among 0.0033076074972436605 0.35654732351381263 0.0011793186003764475
friend 0.002205071664829107 0.5686362358410126 0.0012538836512480985
never 0.002205071664829107 0.431798275933005 0.0009521461431819295
acceptable 0.002205071664829107 1.3010299956639813 0.0028688643785313808
need 0.0011025358324145535 0.638272163982407 0.0007037179316233815
trust 0.002205071664829107 1.3010299956639813 0.0028688643785313808
ally 0.0011025358324145535 0.958607314841775 0.0010568989138277564
partner 0.0011025358324145535 1.1549019599857433 0.001273320793810081
built 0.0011025358324145535 1.0969100130080565 0.0012093825942756963
anew 0.0011025358324145535 1.3010299956639813 0.0014344321892656904
german 0.006615214994487321 1.045757490560675 0.006917910632154411
politician 0.002205071664829107 0.6575773191777938 0.0014500051139532389
best 0.004410143329658214 0.13667713987954408 0.000602765776756534
known 0.006615214994487321 0.06048074738138145 0.00040009314695511433
one 0.0033076074972436605 0.08092190762392613 0.00026765790834815703
architect 0.002205071664829107 2.0 0.004410143329658214
european 0.005512679162072767 1.2218487496163564 0.0067356601412147535
union 0.007717750826901874 0.7447274948966939 0.00574762123955552
publish 0.0011025358324145535 0.07058107428570728 7.781816349030572e-05
mar 0.0011025358324145535 0.958607314841775 0.0010568989138277564
comment 0.002205071664829107 0.07058107428570728 0.00015563632698061144
better 0.002205071664829107 0.638272163982407 0.001407435863246763
born 0.002205071664829107 0.09151498112135023 0.00020179709177806004
west 0.0011025358324145535 0.7695510786217261 0.0008484576390537223
trained 0.0011025358324145535 1.2218487496163564 0.0013471320282429507
physicist 0.0011025358324145535 2.0 0.002205071664829107
entered 0.002205071664829107 0.721246399047171 0.0015903999978989438
politics 0.0033076074972436605 0.4685210829577449 0.0015496838466077562
fall 0.002205071664829107 0.7695510786217261 0.0016969152781074446
berlin 0.0033076074972436605 1.3010299956639813 0.004303296567797071
wall 0.002205071664829107 0.5528419686577808 0.0012190561602156136
rising 0.0011025358324145535 0.8860566476931633 0.0009769092036308305
position 0.002205071664829107 0.619788758288394 0.001366678629081354
chairwoman 0.0011025358324145535 1.6989700043360187 0.00187317530797797
christian 0.0033076074972436605 0.9208187539523752 0.003045707014175442
democratic 0.005512679162072767 0.3872161432802645 0.002134598364279297
party 0.009922822491730982 1.4436974992327127 0.014325554016642135
became 0.004410143329658214 0.07572071393811834 0.00033393920149115037
leading 0.002205071664829107 0.5228787452803376 0.0011529851053590687
figure 0.0011025358324145535 0.8239087409443188 0.0009083889095306711
following 0.004410143329658214 0.2518119729937996 0.0011105268930266796
national 0.005512679162072767 0.3010299956639812 0.0016594817842556845
election 0.005512679162072768 1.2975694635544748 0.007153084143078693
stateswoman 0.0011025358324145535 2.0 0.002205071664829107
daughter 0.0011025358324145535 0.31875876262441283 0.00035144295768954007
lutheran 0.0011025358324145535 2.0 0.002205071664829107
pastor 0.0011025358324145535 1.2218487496163564 0.0013471320282429507
teacher 0.0011025358324145535 0.6989700043360189 0.0007706394755634166
moved 0.0011025358324145535 0.3872161432802645 0.0004269196728558594
family 0.0011025358324145535 0.11918640771920867 0.0001314072852471981
east 0.0011025358324145535 0.8860566476931633 0.0009769092036308305
pursue 0.0011025358324145535 0.8860566476931633 0.0009769092036308305
theology 0.0011025358324145535 2.0 0.002205071664829107
study 0.0011025358324145535 0.9208187539523752 0.0010152356713918139
grew 0.0011025358324145535 0.494850021680094 0.0005455898805734223
rural 0.0011025358324145535 1.045757490560675 0.0011529851053590683
area 0.002205071664829107 1.8416375079047502 0.004060942685567255
north 0.0011025358324145535 0.6777807052660807 0.0007472775140750615
republic 0.002205071664829107 1.3010299956639813 0.0028688643785313808
studied 0.0011025358324145535 0.7958800173440752 0.0008774862374245592
physic 0.0011025358324145535 2.0 0.002205071664829107
earning 0.0011025358324145535 0.6989700043360189 0.0007706394755634166
doctorate 0.0011025358324145535 1.3979400086720377 0.0015412789511268332
later 0.002205071664829107 0.09151498112135023 0.00020179709177806004
worked 0.0011025358324145535 0.3098039199714864 0.00034156992279105446
chemist 0.0011025358324145535 1.6989700043360187 0.00187317530797797
central 0.0011025358324145535 0.9208187539523752 0.0010152356713918139
institute 0.0011025358324145535 0.853871964321762 0.0009414244369589438
physical 0.0011025358324145535 1.1549019599857433 0.001273320793810081
chemistry 0.0011025358324145535 2.0 0.002205071664829107
academy 0.002205071664829107 0.6020599913279624 0.0013275854274045478
science 0.0011025358324145535 1.3010299956639813 0.0014344321892656904
joined 0.0011025358324145535 0.4685210829577449 0.0005165612822025853
cdu 0.011025358324145534 2.0 0.022050716648291068
political 0.0033076074972436605 0.3098039199714864 0.0010247097683731632
soon 0.0011025358324145535 0.40893539297350084 0.0004508659238958113
appointed 0.0011025358324145535 0.6777807052660807 0.0007472775140750615
helmut 0.0011025358324145535 2.0 0.002205071664829107
kohl 0.002205071664829107 1.6989700043360187 0.00374635061595594
cabinet 0.0011025358324145535 0.958607314841775 0.0010568989138277564
minister 0.004410143329658214 0.5376020021010439 0.00237090188357682
woman 0.007717750826901874 0.7958800173440752 0.006142403661971914
youth 0.0011025358324145535 0.958607314841775 0.0010568989138277564
served 0.002205071664829107 0.2676062401770315 0.0005900909375458246
environment 0.0011025358324145535 1.2218487496163564 0.0013471320282429507
nuclear 0.0011025358324145535 0.958607314841775 0.0010568989138277564
safety 0.0011025358324145535 1.0969100130080565 0.0012093825942756963
defeat 0.0011025358324145535 1.0 0.0011025358324145535
general 0.002205071664829107 0.4559319556497244 0.0010053626364933284
named 0.0011025358324145535 0.494850021680094 0.0005455898805734223
secretary 0.0033076074972436605 0.638272163982407 0.0021111537948701447
chosen 0.0011025358324145535 1.045757490560675 0.0011529851053590683
leader 0.00661521499448732 0.8582367697242121 0.005677420747899969
lost 0.0011025358324145535 0.6989700043360189 0.0007706394755634166
candidacy 0.0011025358324145535 0.9208187539523752 0.0010152356713918139
edmund 0.0011025358324145535 1.3979400086720377 0.0015412789511268332
stoiber 0.0011025358324145535 2.0 0.002205071664829107
narrowly 0.0011025358324145535 1.3010299956639813 0.0014344321892656904
defeated 0.0011025358324145535 0.8239087409443188 0.0009083889095306711
gerhard 0.0011025358324145535 2.0 0.002205071664829107
schr 0.0011025358324145535 2.0 0.002205071664829107
xf 0.0011025358324145535 1.5228787452803376 0.0016790283850940879
der 0.0011025358324145535 1.6989700043360187 0.00187317530797797
winning 0.002205071664829107 0.4202164033831899 0.0009266072841966701
three 0.0011025358324145535 0.2076083105017461 0.00022889560143522173
seat 0.0011025358324145535 1.1549019599857433 0.001273320793810081
agreed 0.002205071664829107 0.9208187539523752 0.0020304713427836277
coalition 0.0033076074972436605 1.0969100130080565 0.0036281477828270887
deal 0.0011025358324145535 0.5528419686577808 0.0006095280801078068
social 0.002205071664829107 0.5228787452803376 0.0011529851053590687
democrat 0.0011025358324145535 0.7695510786217261 0.0008484576390537223
spd 0.004410143329658214 2.0 0.008820286659316428
declared 0.0011025358324145535 0.5528419686577808 0.0006095280801078068
also 0.0033076074972436605 0.0861861476162833 0.0002850699480141675
former 0.0011025358324145535 0.27572413039921095 0.00030399573362647293
citizen 0.0011025358324145535 0.9208187539523752 0.0010152356713918139
lead 0.0033076074972436605 0.5228787452803376 0.0017294776580386029
reunited 0.0011025358324145535 1.3979400086720377 0.0015412789511268332
since 0.002205071664829107 0.3372421683184259 0.0007436431495444893
modern 0.0011025358324145535 1.1549019599857433 0.001273320793810081
nation 0.0011025358324145535 0.35654732351381263 0.0003931062001254825
state 0.006615214994487321 0.4930892744484819 0.0032618915619524714
elected 0.0011025358324145535 0.3665315444204135 0.0004041141614337525
second 0.0011025358324145535 0.19382002601611284 0.0002136935237222854
made 0.0011025358324145535 0.1804560644581313 0.00019895927724160014
headline 0.0011025358324145535 0.8239087409443188 0.0009083889095306711
october 0.002205071664829107 0.37675070960209955 0.0008307623144478491
accused 0.0011025358324145535 0.8239087409443188 0.0009083889095306711
security 0.002205071664829107 0.853871964321762 0.0018828488739178876
agency 0.0011025358324145535 1.0 0.0011025358324145535
tapping 0.0011025358324145535 2.0 0.002205071664829107
cell 0.0011025358324145535 1.3010299956639813 0.0014344321892656904
phone 0.0011025358324145535 1.0969100130080565 0.0012093825942756963
summit 0.0011025358324145535 1.045757490560675 0.0011529851053590683
chided 0.0011025358324145535 1.6989700043360187 0.00187317530797797
united 0.0033076074972436605 0.18708664335714445 0.0006188091842022419
breech 0.0011025358324145535 2.0 0.002205071664829107
saying 0.0011025358324145535 0.7958800173440752 0.0008774862374245592
shortly 0.0011025358324145535 0.585026652029182 0.0006450128467796935
afterward 0.0011025358324145535 0.853871964321762 0.0009414244369589438
december 0.0011025358324145535 0.40893539297350084 0.0004508659238958113
sworn 0.0011025358324145535 1.045757490560675 0.0011529851053590683
third 0.0033076074972436605 0.4202164033831899 0.0013899109262950052
fourth 0.0033076074972436605 0.721246399047171 0.002385599996848416
challenge 0.002205071664829107 1.899629454882437 0.004188819084636025
reelected 0.0011025358324145535 1.5228787452803376 0.0016790283850940879
september 0.002205071664829107 0.5086383061657272 0.0011215839165727172
however 0.0011025358324145535 0.32790214206428253 0.0003615238611513589
although 0.0011025358324145535 0.431798275933005 0.00047607307159096474
held 0.0011025358324145535 0.48148606012211254 0.0005308556340927371
majority 0.0011025358324145535 0.7447274948966939 0.0008210887485079315
bundestag 0.002205071664829107 2.0 0.004410143329658214
parliament 0.002205071664829107 1.6989700043360187 0.00374635061595594
far 0.002205071664829107 1.0 0.002205071664829107
right 0.0033076074972436605 0.07058107428570728 0.00023345449047091715
alternative 0.0011025358324145535 1.1549019599857433 0.001273320793810081
afd 0.002205071664829107 2.0 0.004410143329658214
percent 0.0011025358324145535 0.8860566476931633 0.0009769092036308305
vote 0.0011025358324145535 0.638272163982407 0.0007037179316233815
become 0.0011025358324145535 0.3372421683184259 0.00037182157477224465
largest 0.0011025358324145535 1.045757490560675 0.0011529851053590683
group 0.0011025358324145535 0.37675070960209955 0.00041538115722392457
csu 0.002205071664829107 2.0 0.004410143329658214
time 0.002205071664829107 0.1023729087095586 0.00022573960024158457
xa 0.011025358324145534 0.17392519729917358 0.0019175876218210978
read 0.0011025358324145535 0.0655015487564323 7.221780458261554e-05
next 0.002205071664829107 0.07058107428570728 0.00015563632698061144
bella 0.0011025358324145535 0.0655015487564323 7.221780458261554e-05
hadid 0.0011025358324145535 0.0655015487564323 7.221780458261554e-05
sadie 0.0011025358324145535 0.06048074738138145 6.668219115918573e-05
alexander 0.0011025358324145535 0.05551732784983141 6.120984327434555e-05
adrienne 0.0011025358324145535 0.0655015487564323 7.221780458261554e-05
kennedy 0.0011025358324145535 0.06048074738138145 6.668219115918573e-05
x 0.007717750826901874 0.4559319556497244 0.003518769227726649
c 0.0033076074972436605 0.35654732351381263 0.0011793186003764475
expected 0.0011025358324145535 0.8860566476931633 0.0009769092036308305
result 0.0011025358324145535 0.7695510786217261 0.0008484576390537223
clear 0.0011025358324145535 0.9208187539523752 0.0010152356713918139
said 0.0033076074972436605 0.2518119729937996 0.0008328951697700097
good 0.002205071664829107 0.585026652029182 0.001290025693559387
thing 0.0011025358324145535 0.7447274948966939 0.0008210887485079315
definitely 0.0011025358324145535 1.6989700043360187 0.00187317530797797
government 0.002205071664829107 0.494850021680094 0.0010911797611468446
would 0.004410143329658214 0.2291479883578558 0.001010575472360996
address 0.0011025358324145535 0.7695510786217261 0.0008484576390537223
supporter 0.0011025358324145535 0.9208187539523752 0.0010152356713918139
solving 0.0011025358324145535 2.0 0.002205071664829107
problem 0.002205071664829107 0.7958800173440752 0.0017549724748491184
taking 0.0011025358324145535 0.6020599913279624 0.0006637927137022739
worry 0.0011025358324145535 2.0 0.002205071664829107
partly 0.0011025358324145535 1.6989700043360187 0.00187317530797797
fear 0.0011025358324145535 1.3010299956639813 0.0014344321892656904
despite 0.0011025358324145535 0.4202164033831899 0.00046330364209833504
authority 0.0011025358324145535 1.2218487496163564 0.0013471320282429507
topped 0.0011025358324145535 1.3010299956639813 0.0014344321892656904
forbes 0.0011025358324145535 1.5228787452803376 0.0016790283850940879
list 0.0011025358324145535 0.958607314841775 0.0010568989138277564
powerful 0.0011025358324145535 0.721246399047171 0.0007951999989494719
world 0.0033076074972436605 0.04575749056067514 0.00015134781883354513
seventh 0.0011025358324145535 1.0 0.0011025358324145535
consecutive 0.0011025358324145535 1.2218487496163564 0.0013471320282429507
th 0.0011025358324145535 0.2076083105017461 0.00022889560143522173
overall 0.0011025358324145535 1.5228787452803376 0.0016790283850940879
additional 0.0011025358324145535 0.853871964321762 0.0009414244369589438
surfaced 0.0011025358324145535 1.045757490560675 0.0011529851053590683
mid 0.0011025358324145535 0.585026652029182 0.0006450128467796935
november 0.0011025358324145535 0.24412514432750856 0.0002691567192144527
attempt 0.0011025358324145535 0.7958800173440752 0.0008774862374245592
form 0.0011025358324145535 0.7447274948966939 0.0008210887485079315
new 0.0011025358324145535 0.14266750356873154 0.0001572960348056577
collapsed 0.0011025358324145535 2.0 0.002205071664829107
week 0.0011025358324145535 0.7695510786217261 0.0008484576390537223
negotiation 0.0011025358324145535 1.0 0.0011025358324145535
free 0.0011025358324145535 0.6989700043360189 0.0007706394755634166
fdp 0.0011025358324145535 2.0 0.002205071664829107
suddenly 0.0011025358324145535 1.3979400086720377 0.0015412789511268332
pulled 0.0011025358324145535 0.958607314841775 0.0010568989138277564
talk 0.002205071664829107 1.3010299956639813 0.0028688643785313808
green 0.0011025358324145535 2.0 0.002205071664829107
difference 0.0011025358324145535 1.3979400086720377 0.0015412789511268332
regarding 0.0011025358324145535 0.9208187539523752 0.0010152356713918139
immigration 0.0011025358324145535 0.8860566476931633 0.0009769092036308305
rejection 0.0011025358324145535 1.3979400086720377 0.0015412789511268332
marked 0.0011025358324145535 0.8860566476931633 0.0009769092036308305
another 0.0011025358324145535 0.40893539297350084 0.0004508659238958113
blow 0.0011025358324145535 1.5228787452803376 0.0016790283850940879
continue 0.0011025358324145535 0.6777807052660807 0.0007472775140750615
take 0.0011025358324145535 0.48148606012211254 0.0005308556340927371
responsibility 0.0011025358324145535 1.0969100130080565 0.0012093825942756963
country 0.002205071664829107 1.321481620959886 0.002913961677971083
even 0.0011025358324145535 0.3665315444204135 0.0004041141614337525
difficult 0.0011025358324145535 1.0 0.0011025358324145535
situation 0.0011025358324145535 1.1549019599857433 0.001273320793810081
march 0.0033076074972436605 0.27572413039921095 0.0009119872008794188
voted 0.0011025358324145535 0.853871964321762 0.0009414244369589438
renew 0.0011025358324145535 2.0 0.002205071664829107
clearing 0.0011025358324145535 2.0 0.002205071664829107
path 0.0011025358324145535 1.0 0.0011025358324145535
finally 0.0011025358324145535 0.7447274948966939 0.0008210887485079315
move 0.002205071664829107 0.721246399047171 0.0015903999978989438
forward 0.0011025358324145535 0.7695510786217261 0.0008484576390537223
stalled 0.0011025358324145535 1.6989700043360187 0.00187317530797797
though 0.0011025358324145535 0.3665315444204135 0.0004041141614337525
gridlock 0.0011025358324145535 1.6989700043360187 0.00187317530797797
eased 0.0011025358324145535 1.3979400086720377 0.0015412789511268332
martin 0.0011025358324145535 0.5686362358410126 0.0006269418256240493
schulz 0.0011025358324145535 2.0 0.002205071664829107
stepped 0.0011025358324145535 1.0969100130080565 0.0012093825942756963
summer 0.0011025358324145535 0.6989700043360189 0.0007706394755634166
walk 0.0011025358324145535 0.8860566476931633 0.0009769092036308305
tightrope 0.0011025358324145535 2.0 0.002205071664829107
facing 0.0011025358324145535 1.1549019599857433 0.001273320793810081
ultimatum 0.0011025358324145535 1.5228787452803376 0.0016790283850940879
horst 0.0011025358324145535 2.0 0.002205071664829107
seehofer 0.002205071664829107 2.0 0.004410143329658214
interior 0.0011025358324145535 1.6989700043360187 0.00187317530797797
bavaria 0.0011025358324145535 2.0 0.002205071664829107
threatened 0.0011025358324145535 0.958607314841775 0.0010568989138277564
quit 0.0011025358324145535 1.1549019599857433 0.001273320793810081
refusal 0.0011025358324145535 1.1549019599857433 0.001273320793810081
deny 0.0011025358324145535 1.6989700043360187 0.00187317530797797
entry 0.0011025358324145535 1.2218487496163564 0.0013471320282429507
migrant 0.0011025358324145535 1.5228787452803376 0.0016790283850940879
asylum 0.002205071664829107 1.3979400086720377 0.0030825579022536664
claim 0.0011025358324145535 1.3010299956639813 0.0014344321892656904
pending 0.0011025358324145535 2.0 0.002205071664829107
elsewhere 0.0011025358324145535 2.0 0.002205071664829107
two 0.0011025358324145535 0.11918640771920867 0.0001314072852471981
announced 0.002205071664829107 0.40893539297350084 0.0009017318477916226
compromise 0.0011025358324145535 1.3010299956639813 0.0014344321892656904
transit 0.0011025358324145535 2.0 0.002205071664829107
center 0.0011025358324145535 1.3979400086720377 0.0015412789511268332
established 0.0011025358324145535 0.7447274948966939 0.0008210887485079315
border 0.0011025358324145535 0.958607314841775 0.0010568989138277564
austria 0.0011025358324145535 1.6989700043360187 0.00187317530797797
route 0.0011025358324145535 1.3010299956639813 0.0014344321892656904
seeker 0.0011025358324145535 1.5228787452803376 0.0016790283850940879
responsible 0.0011025358324145535 0.7695510786217261 0.0008484576390537223
planned 0.0011025358324145535 0.7958800173440752 0.0008774862374245592
step 0.0011025358324145535 0.7958800173440752 0.0008774862374245592
aside 0.0011025358324145535 1.0969100130080565 0.0012093825942756963
chair 0.0011025358324145535 0.958607314841775 0.0010568989138277564
end 0.0011025358324145535 0.44369749923271273 0.0004891923916567946
run 0.0011025358324145535 0.4559319556497244 0.0005026813182466642
reelection 0.0011025358324145535 1.0 0.0011025358324145535
annegret 0.0011025358324145535 2.0 0.002205071664829107
kramp 0.002205071664829107 2.0 0.004410143329658214
karrenbauer 0.002205071664829107 2.0 0.004410143329658214
subsequently 0.0011025358324145535 0.7695510786217261 0.0008484576390537223
took 0.002205071664829107 0.28399665636520083 0.0006262329798571132
leadership 0.0011025358324145535 0.638272163982407 0.0007037179316233815
seen 0.0011025358324145535 0.619788758288394 0.000683339314540677
endorsement 0.0011025358324145535 1.3010299956639813 0.0014344321892656904
legacy 0.0011025358324145535 0.6989700043360189 0.0007706394755634166
surprise 0.0011025358324145535 1.1549019599857433 0.001273320793810081
resignation 0.0011025358324145535 1.0969100130080565 0.0012093825942756963
clouded 0.0011025358324145535 2.0 0.002205071664829107
picture 0.0011025358324145535 0.9208187539523752 0.0010152356713918139
final 0.0011025358324145535 0.6989700043360189 0.0007706394755634166
month 0.0011025358324145535 0.431798275933005 0.00047607307159096474
office 0.0011025358324145535 0.31875876262441283 0.00035144295768954007
complicating 0.0011025358324145535 2.0 0.002205071664829107
matter 0.0011025358324145535 1.5228787452803376 0.0016790283850940879
outbreak 0.0011025358324145535 1.2218487496163564 0.0013471320282429507
coronavirus 0.0011025358324145535 1.0 0.0011025358324145535
shut 0.0011025358324145535 0.958607314841775 0.0010568989138277564
industry 0.0011025358324145535 1.3979400086720377 0.0015412789511268332
forced 0.0011025358324145535 0.721246399047171 0.0007951999989494719
lifestyle 0.0011025358324145535 1.3010299956639813 0.0014344321892656904
change 0.0011025358324145535 0.8860566476931633 0.0009769092036308305
around 0.0011025358324145535 0.4559319556497244 0.0005026813182466642
implemented 0.0011025358324145535 1.2218487496163564 0.0013471320282429507
rule 0.0011025358324145535 1.0 0.0011025358324145535
close 0.005512679162072767 0.04575749056067514 0.0002522463647225752
restaurant 0.0011025358324145535 1.6989700043360187 0.00187317530797797
gathering 0.0011025358324145535 1.1549019599857433 0.001273320793810081
measure 0.0011025358324145535 1.0 0.0011025358324145535
enough 0.0011025358324145535 0.6575773191777938 0.0007250025569766194
prevent 0.0011025358324145535 1.0 0.0011025358324145535
exposure 0.0011025358324145535 1.3979400086720377 0.0015412789511268332
doctor 0.0011025358324145535 1.1549019599857433 0.001273320793810081
virus 0.0011025358324145535 2.0 0.002205071664829107
self 0.0011025358324145535 0.6989700043360189 0.0007706394755634166
quarantine 0.0011025358324145535 2.0 0.002205071664829107
late 0.0011025358324145535 0.3665315444204135 0.0004041141614337525
check 0.0011025358324145535 0.07058107428570728 7.781816349030572e-05
strive 0.0011025358324145535 0.07058107428570728 7.781816349030572e-05
accuracy 0.0011025358324145535 0.07058107428570728 7.781816349030572e-05
fairness 0.0011025358324145535 0.07058107428570728 7.781816349030572e-05
see 0.002205071664829107 0.04575749056067514 0.00010089854588903009
something 0.0011025358324145535 0.07058107428570728 7.781816349030572e-05
look 0.0011025358324145535 0.07058107428570728 7.781816349030572e-05
citation 0.0011025358324145535 0.07058107428570728 7.781816349030572e-05
information 0.0011025358324145535 0.07058107428570728 7.781816349030572e-05
article 0.0011025358324145535 0.07058107428570728 7.781816349030572e-05
title 0.0011025358324145535 0.07058107428570728 7.781816349030572e-05
author 0.0011025358324145535 0.06048074738138145 6.668219115918573e-05
com 0.002205071664829107 0.06048074738138145 0.00013336438231837145
editor 0.0011025358324145535 0.1023729087095586 0.00011286980012079229
website 0.002205071664829107 0.0655015487564323 0.00014443560916523108
url 0.0011025358324145535 0.07058107428570728 7.781816349030572e-05
access 0.0011025358324145535 0.07058107428570728 7.781816349030572e-05
publisher 0.0011025358324145535 0.07058107428570728 7.781816349030572e-05
e 0.002205071664829107 0.04575749056067514 0.00010089854588903009
television 0.002205071664829107 0.04575749056067514 0.00010089854588903009
network 0.002205071664829107 0.04575749056067514 0.00010089854588903009
last 0.0011025358324145535 0.0655015487564323 7.221780458261554e-05
updated 0.0011025358324145535 0.07058107428570728 7.781816349030572e-05
original 0.0011025358324145535 0.0655015487564323 7.221780458261554e-05
published 0.0011025358324145535 0.07058107428570728 7.781816349030572e-05
april 0.0011025358324145535 0.1549019599857432 0.00017078496139552723
receive 0.0011025358324145535 0.05551732784983141 6.120984327434555e-05
story 0.0033076074972436605 0.05551732784983141 0.00018362952982303664
shaped 0.002205071664829107 0.05551732784983141 0.0001224196865486911
life 0.002205071664829107 0.13679614097137055 0.0003016452943139373
person 0.009922822491730982 0.05060999335508724 0.0005021939803702152
davis 0.002205071664829107 1.0969100130080565 0.0024187651885513926
activist 0.0011025358324145535 0.494850021680094 0.0005455898805734223
scholar 0.0011025358324145535 1.0 0.0011025358324145535
writer 0.0011025358324145535 0.6989700043360189 0.0007706394755634166
advocate 0.0011025358324145535 1.5228787452803376 0.0016790283850940879
oppressed 0.0011025358324145535 1.3979400086720377 0.0015412789511268332
authored 0.0011025358324145535 1.1549019599857433 0.001273320793810081
several 0.0011025358324145535 0.32790214206428253 0.0003615238611513589
book 0.0011025358324145535 0.721246399047171 0.0007951999989494719
including 0.002205071664829107 0.2365720064370627 0.0005216582280861361
lansbury 0.002205071664829107 2.0 0.004410143329658214
award 0.002205071664829107 0.494850021680094 0.0010911797611468446
actress 0.002205071664829107 0.6020599913279624 0.0013275854274045478
entertained 0.0011025358324145535 1.6989700043360187 0.00187317530797797
audience 0.0011025358324145535 1.1549019599857433 0.001273320793810081
decade 0.0011025358324145535 0.638272163982407 0.0007037179316233815
stage 0.0011025358324145535 0.721246399047171 0.0007951999989494719
screen 0.0011025358324145535 1.0969100130080565 0.0012093825942756963
stint 0.0011025358324145535 1.3010299956639813 0.0014344321892656904
jessica 0.0011025358324145535 1.5228787452803376 0.0016790283850940879
fletcher 0.0011025358324145535 2.0 0.002205071664829107
series 0.0011025358324145535 0.37675070960209955 0.00041538115722392457
murder 0.0011025358324145535 0.853871964321762 0.0009414244369589438
wrote 0.0011025358324145535 0.5528419686577808 0.0006095280801078068
bassett 0.002205071664829107 1.6989700043360187 0.00374635061595594
emmy 0.0011025358324145535 1.6989700043360187 0.00187317530797797
nominated 0.0011025358324145535 0.853871964321762 0.0009414244369589438
role 0.0011025358324145535 0.619788758288394 0.000683339314540677
love 0.0011025358324145535 0.5086383061657272 0.0005607919582863586
got 0.0011025358324145535 0.5376020021010439 0.000592725470894205
waiting 0.0011025358324145535 1.2218487496163564 0.0013471320282429507
exhale 0.0011025358324145535 2.0 0.002205071664829107
malcolm 0.0011025358324145535 1.2218487496163564 0.0013471320282429507
black 0.0033076074972436605 0.3872161432802645 0.0012807590185675783
panther 0.0011025358324145535 1.3979400086720377 0.0015412789511268332
joseph 0.002205071664829107 0.585026652029182 0.001290025693559387
goebbels 0.002205071664829107 2.0 0.004410143329658214
propaganda 0.0011025358324145535 1.6989700043360187 0.00187317530797797
reich 0.0011025358324145535 2.0 0.002205071664829107
adolf 0.0011025358324145535 2.0 0.002205071664829107
hitler 0.0011025358324145535 2.0 0.002205071664829107
spread 0.0011025358324145535 1.2218487496163564 0.0013471320282429507
nazi 0.002205071664829107 1.6989700043360187 0.00374635061595594
message 0.0011025358324145535 0.9208187539523752 0.0010152356713918139
hermann 0.002205071664829107 2.0 0.004410143329658214
g 0.002205071664829107 0.8239087409443188 0.0018167778190613423
ring 0.002205071664829107 1.5228787452803376 0.0033580567701881757
condemned 0.0011025358324145535 1.3010299956639813 0.0014344321892656904
hang 0.0011025358324145535 2.0 0.002205071664829107
war 0.0011025358324145535 0.35654732351381263 0.0003931062001254825
criminal 0.0011025358324145535 0.9208187539523752 0.0010152356713918139
instead 0.0011025358324145535 0.7447274948966939 0.0008210887485079315
sarojini 0.002205071664829107 2.0 0.004410143329658214
naidu 0.002205071664829107 2.0 0.004410143329658214
india 0.002205071664829107 1.0 0.002205071664829107
president 0.002205071664829107 0.16749108729376372 0.00036932985070289685
congress 0.0011025358324145535 0.4202164033831899 0.00046330364209833504
francis 0.002205071664829107 1.6989700043360187 0.00374635061595594
bacon 0.002205071664829107 2.0 0.004410143329658214
english 0.0011025358324145535 1.045757490560675 0.0011529851053590683
renaissance 0.0011025358324145535 1.6989700043360187 0.00187317530797797
statesman 0.0011025358324145535 1.1549019599857433 0.001273320793810081
philosopher 0.0011025358324145535 1.6989700043360187 0.00187317530797797
promotion 0.0011025358324145535 2.0 0.002205071664829107
scientific 0.0011025358324145535 1.5228787452803376 0.0016790283850940879
method 0.0011025358324145535 1.5228787452803376 0.0016790283850940879
condoleezza 0.002205071664829107 1.5228787452803376 0.0033580567701881757
rice 0.002205071664829107 1.3010299956639813 0.0028688643785313808
serve 0.002205071664829107 0.5086383061657272 0.0011215839165727172
adviser 0.0011025358324145535 0.7447274948966939 0.0008210887485079315
well 0.0011025358324145535 0.20065945054641826 0.0002212342343400422
madeleine 0.002205071664829107 1.5228787452803376 0.0033580567701881757
albright 0.002205071664829107 1.5228787452803376 0.0033580567701881757
represent 0.0011025358324145535 1.045757490560675 0.0011529851053590683
foreign 0.0011025358324145535 0.7447274948966939 0.0008210887485079315
affair 0.0011025358324145535 0.7695510786217261 0.0008484576390537223
bill 0.0011025358324145535 0.4202164033831899 0.00046330364209833504
clinton 0.0011025358324145535 0.5228787452803376 0.0005764925526795344
loading 0.0011025358324145535 0.04575749056067514 5.0449272944515044e-05
logo 0.0011025358324145535 0.04575749056067514 5.0449272944515044e-05
registered 0.0011025358324145535 0.04575749056067514 5.0449272944515044e-05
trademark 0.0011025358324145535 0.04575749056067514 5.0449272944515044e-05
llc 0.0011025358324145535 0.04575749056067514 5.0449272944515044e-05
