naomi 0.012987012987012988 1.3979400086720377 0.018155065047688802
campbell 0.03305785123966942 2.0 0.06611570247933884
age 0.004722550177095631 0.11350927482751813 0.0005360532459386925
life 0.0070838252656434475 0.13679614097137055 0.0009690399596555175
career 0.008264462809917356 1.6968039425795112 0.014023173079169515
biography 0.011806375442739079 0.04575749056067514 0.0005402301128769202
skip 0.0011806375442739079 0.04575749056067514 5.402301128769202e-05
main 0.0011806375442739079 0.04575749056067514 5.402301128769202e-05
content 0.0011806375442739079 0.04575749056067514 5.402301128769202e-05
people 0.004722550177095631 0.04575749056067514 0.00021609204515076808
nostalgia 0.0035419126328217238 0.04575749056067514 0.00016206903386307606
celebrity 0.0035419126328217238 0.04575749056067514 0.00016206903386307606
history 0.0035419126328217238 0.04575749056067514 0.00016206903386307606
culture 0.004722550177095631 0.04575749056067514 0.00021609204515076808
crime 0.0035419126328217238 0.04575749056067514 0.00016206903386307606
scandal 0.0035419126328217238 0.04575749056067514 0.00016206903386307606
video 0.0059031877213695395 0.8696662315049939 0.00513380301951
contact 0.0035419126328217238 0.04575749056067514 0.00016206903386307606
u 0.004722550177095631 0.20065945054641832 0.0009476243237138999
advertise 0.0023612750885478157 0.04575749056067514 0.00010804602257538404
privacy 0.0035419126328217238 0.04575749056067514 0.00016206903386307606
notice 0.0023612750885478157 0.04575749056067514 0.00010804602257538404
term 0.0023612750885478157 0.04575749056067514 0.00010804602257538404
use 0.0023612750885478157 0.04575749056067514 0.00010804602257538404
copyright 0.0023612750885478157 0.04575749056067514 0.00010804602257538404
policy 0.0023612750885478157 0.04575749056067514 0.00010804602257538404
ad 0.0023612750885478157 0.04575749056067514 0.00010804602257538404
choice 0.0023612750885478157 0.04575749056067514 0.00010804602257538404
accessibility 0.0023612750885478157 0.04575749056067514 0.00010804602257538404
support 0.0023612750885478157 0.04575749056067514 0.00010804602257538404
setting 0.0011806375442739079 0.04575749056067514 5.402301128769202e-05
february 0.0011806375442739079 0.04575749056067514 5.402301128769202e-05
subscribe 0.0023612750885478157 0.04575749056067514 0.00010804602257538404
newsletter 0.0035419126328217238 0.04575749056067514 0.00016206903386307606
photo 0.0035419126328217233 1.0457574905606752 0.0037039816666847997
andreas 0.0011806375442739079 2.0 0.0023612750885478157
rentz 0.0011806375442739079 2.0 0.0023612750885478157
getty 0.0011806375442739079 0.2291479883578558 0.0002705407182501249
image 0.0011806375442739079 0.2218487496163564 0.00026192296294729204
gq 0.0011806375442739079 1.6989700043360187 0.0020058677737143076
quick 0.0023612750885478157 0.07058107428570728 0.00016666133243378343
fact 0.0023612750885478157 0.14116214857141457 0.00033332266486756686
name 0.0023612750885478157 0.05551732784983141 0.00013109168323454878
birth 0.0023612750885478157 0.07058107428570728 0.00016666133243378343
date 0.004722550177095631 0.07058107428570728 0.00033332266486756686
may 0.004722550177095631 0.3098039199714864 0.0014630645571262638
education 0.0011806375442739079 0.19382002601611284 0.00022883119954676838
london 0.0070838252656434475 1.0 0.0070838252656434475
academy 0.004722550177095631 0.6020599913279624 0.002843258518668063
performing 0.0023612750885478157 0.8239087409443188 0.0019454751852286155
art 0.0023612750885478157 1.045757490560675 0.0024693211111231996
italia 0.0023612750885478157 2.0 0.004722550177095631
conti 0.0023612750885478157 2.0 0.004722550177095631
place 0.0011806375442739079 0.07572071393811834 8.93987177545671e-05
england 0.0023612750885478157 0.8860566476931633 0.002092223489240055
zodiac 0.0011806375442739079 0.3010299956639812 0.00035540731483350786
sign 0.0023612750885478157 0.05551732784983141 0.00013109168323454878
gemini 0.0011806375442739079 1.3010299956639813 0.0015360448591074157
early 0.0023612750885478157 0.07572071393811834 0.0001787974355091342
cite 0.0011806375442739079 0.07058107428570728 8.333066621689172e-05
page 0.0011806375442739079 0.07058107428570728 8.333066621689172e-05
publish 0.0011806375442739079 0.07058107428570728 8.333066621689172e-05
mar 0.0011806375442739079 0.958607314841775 0.001131767786117798
comment 0.0023612750885478157 0.07058107428570728 0.00016666133243378343
became 0.0035419126328217238 0.07572071393811834 0.0002681961532637013
first 0.0070838252656434475 0.0655015487564323 0.00046400152601959124
black 0.0059031877213695395 0.3872161432802645 0.0022858095825281258
woman 0.0059031877213695395 0.7958800173440752 0.004698229146068921
appear 0.004722550177095631 1.1549019599857433 0.005454082455658764
cover 0.0059031877213695395 2.3979400086720375 0.014155490015773538
french 0.0035419126328217238 1.1549019599857433 0.004090561841744073
vogue 0.0035419126328217238 1.1549019599857433 0.004090561841744073
en 0.0011806375442739079 1.3010299956639813 0.0015360448591074157
route 0.0011806375442739079 1.3010299956639813 0.0015360448591074157
iconic 0.0011806375442739079 1.045757490560675 0.0012346605555615998
status 0.0011806375442739079 0.8860566476931633 0.0010461117446200275
modeling 0.0059031877213695395 1.5228787452803376 0.00898983911027354
industry 0.0023612750885478157 0.7958800173440752 0.0018792916584275683
beginning 0.0023612750885478157 0.9208187539523752 0.0021743063847753843
xa 0.01770956316410862 0.17392519729917358 0.0030801392673997685
model 0.0070838252656434475 1.0 0.0070838252656434475
time 0.0035419126328217238 0.1023729087095586 0.0003625958986170907
also 0.0070838252656434475 0.0861861476162833 0.0006105276100327035
known 0.0070838252656434475 0.06048074738138145 0.0004284350463852287
appearance 0.0023612750885478157 1.0 0.0023612750885478157
tv 0.0059031877213695395 0.5228787452803376 0.003086651388904
series 0.004722550177095631 0.37675070960209955 0.0017792241303523
like 0.004722550177095631 0.2365720064370627 0.0011172231708952193
face 0.004722550177095631 0.7958800173440752 0.0037585833168551365
empire 0.0035419126328217238 1.045757490560675 0.0037039816666847992
scrape 0.0011806375442739079 2.0 0.0023612750885478157
law 0.0011806375442739079 0.3665315444204135 0.0004327409025034398
born 0.0023612750885478157 0.09151498112135023 0.00021609204515076795
daughter 0.0035419126328217238 0.31875876262441283 0.001129015688162029
jamaican 0.0011806375442739079 1.5228787452803376 0.0017979678220547079
dancer 0.0011806375442739079 1.0969100130080565 0.0012950531440472921
unnamed 0.0011806375442739079 1.5228787452803376 0.0017979678220547079
father 0.0011806375442739079 0.14874165128092467 0.00017560997789955687
attended 0.0011806375442739079 0.5376020021010439 0.0006347131075573127
dunraven 0.0011806375442739079 2.0 0.0023612750885478157
school 0.0023612750885478157 0.14874165128092467 0.00035121995579911374
youngster 0.0011806375442739079 1.6989700043360187 0.0020058677737143076
studied 0.0011806375442739079 0.7958800173440752 0.0009396458292137841
stage 0.0023612750885478157 0.721246399047171 0.001703061154774902
appeared 0.004722550177095631 0.721246399047171 0.003406122309549804
music 0.004722550177095631 0.4559319556497244 0.0021531615378971637
bob 0.0011806375442739079 1.045757490560675 0.0012346605555615998
marley 0.0011806375442739079 2.0 0.0023612750885478157
club 0.0011806375442739079 0.8239087409443188 0.0009727375926143078
signing 0.0011806375442739079 1.045757490560675 0.0012346605555615998
synchro 0.0011806375442739079 2.0 0.0023612750885478157
agency 0.0011806375442739079 1.0 0.0011806375442739079
top 0.0023612750885478157 0.48148606012211254 0.0011369210392493802
supermodel 0.004722550177095631 2.744727494896694 0.01296211331710363
one 0.0023612750885478157 0.08092190762392613 0.00019107888459014434
world 0.0035419126328217238 0.04575749056067514 0.00016206903386307606
renowned 0.0011806375442739079 1.1549019599857433 0.001363520613914691
british 0.0023612750885478157 0.6989700043360189 0.0016504604588808
exquisitely 0.0011806375442739079 2.0 0.0023612750885478157
exotic 0.0011806375442739079 1.6989700043360187 0.0020058677737143076
leggy 0.0011806375442739079 2.0 0.0023612750885478157
began 0.0011806375442739079 0.20065945054641826 0.0002369060809284749
catwalk 0.0011806375442739079 2.0 0.0023612750885478157
quickly 0.0011806375442739079 0.619788758288394 0.0007317458775541841
segued 0.0011806375442739079 2.0 0.0023612750885478157
high 0.0035419126328217238 0.27572413039921095 0.0009765907806347496
profile 0.0035419126328217238 0.853871964321762 0.003024339897243549
advertising 0.0011806375442739079 1.3979400086720377 0.0016504604588808
campaign 0.0023612750885478157 1.609064892896621 0.00379944484745365
fashion 0.0059031877213695395 0.9208187539523752 0.005435765961938461
icon 0.0011806375442739079 1.5228787452803376 0.0017979678220547079
ralph 0.0011806375442739079 1.1549019599857433 0.001363520613914691
lauren 0.0011806375442739079 1.5228787452803376 0.0017979678220547079
francois 0.0011806375442739079 2.0 0.0023612750885478157
nars 0.0023612750885478157 2.0 0.004722550177095631
posed 0.0011806375442739079 1.5228787452803376 0.0017979678220547079
erotic 0.0011806375442739079 2.0 0.0023612750885478157
fare 0.0011806375442739079 2.0 0.0023612750885478157
including 0.0035419126328217238 0.2365720064370627 0.0008379173781714145
playboy 0.0011806375442739079 1.3979400086720377 0.0016504604588808
magazine 0.0011806375442739079 0.8239087409443188 0.0009727375926143078
madonna 0.0011806375442739079 2.0 0.0023612750885478157
sex 0.0011806375442739079 0.7958800173440752 0.0009396458292137841
book 0.0023612750885478157 0.585026652029182 0.001381408859573039
film 0.004722550177095631 0.721246399047171 0.003406122309549804
endeavor 0.0011806375442739079 1.5228787452803376 0.0017979678220547079
following 0.0011806375442739079 0.2518119729937996 0.00029729866941416715
rise 0.0011806375442739079 1.0 0.0011806375442739079
fame 0.0023612750885478157 0.48148606012211254 0.0011369210392493802
pursued 0.0011806375442739079 1.2218487496163564 0.0014425605072211998
acting 0.0023612750885478157 0.6777807052660807 0.0016004266948431657
enjoying 0.0011806375442739079 1.3979400086720377 0.0016504604588808
greatest 0.0011806375442739079 0.6777807052660807 0.0008002133474215829
success 0.0011806375442739079 0.431798275933005 0.0005097972561192503
latter 0.0023612750885478157 1.045757490560675 0.0024693211111231996
japan 0.0011806375442739079 1.1549019599857433 0.001363520613914691
singing 0.0011806375442739079 1.1549019599857433 0.001363520613914691
peaked 0.0011806375442739079 2.0 0.0023612750885478157
hit 0.0023612750885478157 0.3665315444204135 0.0008654818050068796
love 0.0035419126328217238 0.5086383061657272 0.001801552442145433
tear 0.0011806375442739079 1.3010299956639813 0.0015360448591074157
though 0.0011806375442739079 0.3665315444204135 0.0004327409025034398
debut 0.0011806375442739079 0.8239087409443188 0.0009727375926143078
album 0.0011806375442739079 0.5528419686577808 0.0006527059842476751
baby 0.0011806375442739079 0.8860566476931633 0.0010461117446200275
sold 0.0011806375442739079 0.8860566476931633 0.0010461117446200275
million 0.0023612750885478157 1.4814860601221125 0.003498196127797196
copy 0.0011806375442739079 1.1549019599857433 0.001363520613914691
critical 0.0011806375442739079 1.0969100130080565 0.0012950531440472921
flop 0.0011806375442739079 2.0 0.0023612750885478157
around 0.0011806375442739079 0.4559319556497244 0.0005382903844742909
several 0.0035419126328217238 0.32790214206428253 0.0011614007393067859
vanilla 0.0011806375442739079 2.0 0.0023612750885478157
ice 0.0023612750885478157 1.2218487496163564 0.0028851210144423996
vehicle 0.0011806375442739079 1.5228787452803376 0.0017979678220547079
cool 0.0011806375442739079 1.2218487496163564 0.0014425605072211998
romantic 0.0011806375442739079 1.5228787452803376 0.0017979678220547079
comedy 0.0011806375442739079 1.045757490560675 0.0012346605555615998
miami 0.0011806375442739079 1.3010299956639813 0.0015360448591074157
rhapsody 0.0011806375442739079 1.6989700043360187 0.0020058677737143076
co 0.0011806375442739079 0.4202164033831899 0.0004961232625539432
authored 0.0011806375442739079 1.1549019599857433 0.001363520613914691
novel 0.0011806375442739079 1.0969100130080565 0.0012950531440472921
swan 0.0011806375442739079 1.6989700043360187 0.0020058677737143076
published 0.0023612750885478157 0.07058107428570728 0.00016666133243378343
self 0.0011806375442739079 0.6989700043360189 0.0008252302294404
titled 0.0011806375442739079 1.2218487496163564 0.0014425605072211998
two 0.0035419126328217238 0.11918640771920867 0.0004221478431613058
year 0.0023612750885478157 0.24995468798823245 0.0005902117780123553
later 0.0011806375442739079 0.09151498112135023 0.00010804602257538397
ambitious 0.0011806375442739079 1.1549019599857433 0.001363520613914691
businesswoman 0.0011806375442739079 1.3979400086720377 0.0016504604588808
launched 0.0035419126328217238 0.6777807052660807 0.0024006400422647485
line 0.0023612750885478157 0.853871964321762 0.002016226598162366
fragrance 0.0011806375442739079 2.0 0.0023612750885478157
lifestyle 0.0011806375442739079 1.3010299956639813 0.0015360448591074157
branding 0.0011806375442739079 2.0 0.0023612750885478157
event 0.0023612750885478157 1.575118363368933 0.0037192877529372676
planning 0.0011806375442739079 1.6989700043360187 0.0020058677737143076
firm 0.0011806375442739079 0.6020599913279624 0.0007108146296670157
nc 0.0011806375442739079 2.0 0.0023612750885478157
connect 0.0011806375442739079 1.3979400086720377 0.0016504604588808
legal 0.0011806375442739079 0.5086383061657272 0.0006005174807151443
trouble 0.0011806375442739079 1.3010299956639813 0.0015360448591074157
involved 0.0011806375442739079 0.4559319556497244 0.0005382903844742909
lawsuit 0.0011806375442739079 0.853871964321762 0.001008113299081183
daily 0.0011806375442739079 1.0969100130080565 0.0012950531440472921
mirror 0.0011806375442739079 1.2218487496163564 0.0014425605072211998
publishing 0.0011806375442739079 1.3979400086720377 0.0016504604588808
leaving 0.0011806375442739079 0.5686362358410126 0.0006713532890684919
narcotic 0.0011806375442739079 2.0 0.0023612750885478157
anonymous 0.0011806375442739079 2.0 0.0023612750885478157
meeting 0.0011806375442739079 0.8860566476931633 0.0010461117446200275
appeal 0.0011806375442739079 1.045757490560675 0.0012346605555615998
court 0.0011806375442739079 0.4202164033831899 0.0004961232625539432
ruled 0.0011806375442739079 0.7958800173440752 0.0009396458292137841
favor 0.0011806375442739079 0.7695510786217261 0.0009085608956572917
read 0.0011806375442739079 0.0655015487564323 7.733358766993187e-05
next 0.0011806375442739079 0.07058107428570728 8.333066621689172e-05
bella 0.0011806375442739079 0.0655015487564323 7.733358766993187e-05
hadid 0.0011806375442739079 0.0655015487564323 7.733358766993187e-05
sadie 0.0011806375442739079 0.06048074738138145 7.140584106420477e-05
alexander 0.0011806375442739079 0.05551732784983141 6.554584161727439e-05
adrienne 0.0011806375442739079 0.0655015487564323 7.733358766993187e-05
kennedy 0.0011806375442739079 0.06048074738138145 7.140584106420477e-05
reputation 0.0011806375442739079 0.7958800173440752 0.0009396458292137841
temper 0.0011806375442739079 2.0 0.0023612750885478157
arrested 0.0011806375442739079 0.8239087409443188 0.0009727375926143078
sued 0.0011806375442739079 1.3010299956639813 0.0015360448591074157
committing 0.0011806375442739079 1.5228787452803376 0.0017979678220547079
act 0.0011806375442739079 0.853871964321762 0.001008113299081183
physical 0.0011806375442739079 1.1549019599857433 0.001363520613914691
violence 0.0011806375442739079 0.8239087409443188 0.0009727375926143078
verbal 0.0011806375442739079 1.6989700043360187 0.0020058677737143076
abuse 0.0011806375442739079 0.958607314841775 0.001131767786117798
june 0.0011806375442739079 0.28399665636520083 0.0003352971149530116
pleaded 0.0035419126328217238 1.1549019599857433 0.004090561841744073
guilty 0.0035419126328217238 0.7958800173440752 0.0028189374876413527
assaulting 0.0011806375442739079 1.5228787452803376 0.0017979678220547079
police 0.0011806375442739079 0.5376020021010439 0.0006347131075573127
officer 0.0011806375442739079 0.8860566476931633 0.0010461117446200275
air 0.0011806375442739079 0.8860566476931633 0.0010461117446200275
rage 0.0011806375442739079 2.0 0.0023612750885478157
disturbance 0.0011806375442739079 2.0 0.0023612750885478157
plane 0.0011806375442739079 1.2218487496163564 0.0014425605072211998
heathrow 0.0011806375442739079 2.0 0.0023612750885478157
airport 0.0011806375442739079 1.6989700043360187 0.0020058677737143076
january 0.0011806375442739079 0.2676062401770315 0.00031594597423498407
misdemeanor 0.0011806375442739079 1.6989700043360187 0.0020058677737143076
reckless 0.0011806375442739079 1.6989700043360187 0.0020058677737143076
assault 0.0011806375442739079 0.958607314841775 0.001131767786117798
throwing 0.0011806375442739079 1.5228787452803376 0.0017979678220547079
cell 0.0011806375442739079 1.3010299956639813 0.0015360448591074157
phone 0.0023612750885478157 1.0969100130080565 0.0025901062880945842
maid 0.0023612750885478157 2.0 0.004722550177095631
dispute 0.0011806375442739079 1.045757490560675 0.0012346605555615998
missing 0.0011806375442739079 1.1549019599857433 0.001363520613914691
pair 0.0011806375442739079 0.7958800173440752 0.0009396458292137841
jean 0.0011806375442739079 2.0 0.0023612750885478157
spent 0.0011806375442739079 0.48148606012211254 0.0005684605196246901
five 0.0011806375442739079 0.48148606012211254 0.0005684605196246901
day 0.0023612750885478157 0.7013652168755644 0.0016561162145822064
mopping 0.0011806375442739079 2.0 0.0023612750885478157
floor 0.0011806375442739079 2.0 0.0023612750885478157
new 0.0011806375442739079 0.14266750356873154 0.00016843861106107617
york 0.0011806375442739079 0.3467874862246563 0.0004094303261211999
city 0.0011806375442739079 0.3665315444204135 0.0004327409025034398
warehouse 0.0011806375442739079 1.6989700043360187 0.0020058677737143076
covered 0.0011806375442739079 1.0969100130080565 0.0012950531440472921
medical 0.0011806375442739079 0.7447274948966939 0.0008792532407280918
expense 0.0011806375442739079 2.0 0.0023612750885478157
ordered 0.0011806375442739079 0.9208187539523752 0.0010871531923876921
attend 0.0023612750885478157 0.7958800173440752 0.0018792916584275683
anger 0.0023612750885478157 1.5228787452803376 0.0035959356441094157
management 0.0023612750885478157 1.3010299956639813 0.0030720897182148314
program 0.0035419126328217233 1.5114492834995557 0.005353421311096418
similar 0.0011806375442739079 1.3010299956639813 0.0015360448591074157
attack 0.0023612750885478157 1.540607512240769 0.003637798139883752
employee 0.0011806375442739079 1.5228787452803376 0.0017979678220547079
canada 0.0011806375442739079 1.0 0.0011806375442739079
assistant 0.0023612750885478157 0.8860566476931633 0.002092223489240055
claimed 0.0011806375442739079 0.7447274948966939 0.0008792532407280918
threw 0.0011806375442739079 1.0969100130080565 0.0012950531440472921
mobile 0.0011806375442739079 2.0 0.0023612750885478157
threatened 0.0011806375442739079 0.958607314841775 0.001131767786117798
throw 0.0011806375442739079 1.6989700043360187 0.0020058677737143076
moving 0.0011806375442739079 0.8860566476931633 0.0010461117446200275
car 0.0011806375442739079 0.8860566476931633 0.0010461117446200275
paid 0.0011806375442739079 1.0 0.0011806375442739079
undisclosed 0.0011806375442739079 2.0 0.0023612750885478157
sum 0.0011806375442739079 1.6989700043360187 0.0020058677737143076
agreed 0.0011806375442739079 0.9208187539523752 0.0010871531923876921
class 0.0011806375442739079 1.1549019599857433 0.001363520613914691
reality 0.004722550177095631 1.0 0.004722550177095631
joined 0.0011806375442739079 0.4685210829577449 0.0005531535808237838
craze 0.0011806375442739079 2.0 0.0023612750885478157
developing 0.0011806375442739079 1.3010299956639813 0.0015360448591074157
competition 0.0023612750885478157 1.3010299956639813 0.0030720897182148314
along 0.0011806375442739079 0.4202164033831899 0.0004961232625539432
serving 0.0011806375442739079 0.48148606012211254 0.0005684605196246901
coach 0.0011806375442739079 1.2218487496163564 0.0014425605072211998
producer 0.0011806375442739079 0.8239087409443188 0.0009727375926143078
created 0.0023612750885478157 0.721246399047171 0.001703061154774902
version 0.0011806375442739079 1.045757490560675 0.0012346605555615998
australian 0.0011806375442739079 2.0 0.0023612750885478157
television 0.0070838252656434475 0.04575749056067514 0.0003241380677261521
market 0.0011806375442739079 0.9208187539523752 0.0010871531923876921
given 0.0011806375442739079 0.6777807052660807 0.0008002133474215829
chance 0.0011806375442739079 0.853871964321762 0.001008113299081183
demonstrate 0.0011806375442739079 1.5228787452803376 0.0017979678220547079
skill 0.0011806375442739079 1.045757490560675 0.0012346605555615998
recurring 0.0023612750885478157 1.5228787452803376 0.0035959356441094157
role 0.0035419126328217233 0.9863203027088074 0.003493460340172871
american 0.0023612750885478157 0.1023729087095586 0.00024173059907806044
drama 0.0023612750885478157 1.0 0.0023612750885478157
debuted 0.0011806375442739079 1.2218487496163564 0.0014425605072211998
anthology 0.0011806375442739079 1.6989700043360187 0.0020058677737143076
horror 0.0011806375442739079 1.3010299956639813 0.0015360448591074157
story 0.004722550177095631 0.7332980331159121 0.003463036756155429
hotel 0.0011806375442739079 1.045757490560675 0.0012346605555615998
went 0.0011806375442739079 0.32790214206428253 0.00038713357976892857
another 0.0011806375442739079 0.40893539297350084 0.0004828044781269195
musical 0.0011806375442739079 0.48148606012211254 0.0005684605196246901
star 0.0035419126328217238 0.32790214206428253 0.0011614007393067859
returning 0.0011806375442739079 0.8860566476931633 0.0010461117446200275
judge 0.0011806375442739079 0.585026652029182 0.0006907044297865195
cut 0.0011806375442739079 0.958607314841775 0.001131767786117798
meanwhile 0.0011806375442739079 1.0969100130080565 0.0012950531440472921
youtube 0.0011806375442739079 1.0969100130080565 0.0012950531440472921
channel 0.0011806375442739079 1.3979400086720377 0.0016504604588808
continued 0.0011806375442739079 0.3372421683184259 0.00039816076542907423
work 0.0011806375442739079 0.2218487496163564 0.00026192296294729204
becoming 0.0011806375442739079 0.3372421683184259 0.00039816076542907423
cosmetic 0.0011806375442739079 1.6989700043360187 0.0020058677737143076
spring 0.0011806375442739079 1.0969100130080565 0.0012950531440472921
philanthropy 0.0011806375442739079 1.3010299956639813 0.0015360448591074157
personal 0.0011806375442739079 0.3372421683184259 0.00039816076542907423
close 0.0059031877213695395 0.04575749056067514 0.0002701150564384601
former 0.0023612750885478157 0.27572413039921095 0.0006510605204231663
south 0.0011806375442739079 0.40893539297350084 0.0004828044781269195
african 0.0011806375442739079 0.28399665636520083 0.0003352971149530116
president 0.0011806375442739079 0.16749108729376372 0.00019774626599027592
nelson 0.0011806375442739079 0.9208187539523752 0.0010871531923876921
mandela 0.0011806375442739079 1.0969100130080565 0.0012950531440472921
active 0.0011806375442739079 0.8239087409443188 0.0009727375926143078
promoting 0.0011806375442739079 1.2218487496163564 0.0014425605072211998
welfare 0.0011806375442739079 1.2218487496163564 0.0014425605072211998
child 0.0023612750885478157 0.5000381344038097 0.0011807275900916404
africa 0.0011806375442739079 0.7447274948966939 0.0008792532407280918
charity 0.0011806375442739079 1.0 0.0011806375442739079
relief 0.0011806375442739079 1.045757490560675 0.0012346605555615998
raised 0.0011806375442739079 0.585026652029182 0.0006907044297865195
dollar 0.0011806375442739079 1.2218487496163564 0.0014425605072211998
victim 0.0011806375442739079 1.0969100130080565 0.0012950531440472921
catastrophic 0.0011806375442739079 1.6989700043360187 0.0020058677737143076
hurricane 0.0011806375442739079 1.2218487496163564 0.0014425605072211998
katrina 0.0011806375442739079 1.2218487496163564 0.0014425605072211998
mumbai 0.0011806375442739079 2.0 0.0023612750885478157
terrorist 0.0011806375442739079 1.0 0.0011806375442739079
japanese 0.0011806375442739079 1.0 0.0011806375442739079
earthquake 0.0011806375442739079 1.5228787452803376 0.0017979678220547079
tsunami 0.0011806375442739079 1.6989700043360187 0.0020058677737143076
linked 0.0011806375442739079 1.045757490560675 0.0012346605555615998
interest 0.0011806375442739079 1.0969100130080565 0.0012950531440472921
mike 0.0011806375442739079 0.8860566476931633 0.0010461117446200275
tyson 0.0011806375442739079 1.3010299956639813 0.0015360448591074157
robert 0.0011806375442739079 0.5528419686577808 0.0006527059842476751
de 0.0011806375442739079 0.958607314841775 0.001131767786117798
niro 0.0011806375442739079 1.6989700043360187 0.0020058677737143076
usher 0.0011806375442739079 1.6989700043360187 0.0020058677737143076
flavio 0.0011806375442739079 2.0 0.0023612750885478157
briatore 0.0011806375442739079 2.0 0.0023612750885478157
bassist 0.0011806375442739079 1.5228787452803376 0.0017979678220547079
adam 0.0011806375442739079 1.6989700043360187 0.0020058677737143076
clayton 0.0011806375442739079 2.0 0.0023612750885478157
announced 0.0011806375442739079 0.40893539297350084 0.0004828044781269195
welcomed 0.0011806375442739079 0.8860566476931633 0.0010461117446200275
check 0.0011806375442739079 0.07058107428570728 8.333066621689172e-05
strive 0.0011806375442739079 0.07058107428570728 8.333066621689172e-05
accuracy 0.0011806375442739079 0.07058107428570728 8.333066621689172e-05
fairness 0.0011806375442739079 0.07058107428570728 8.333066621689172e-05
see 0.0023612750885478157 0.04575749056067514 0.00010804602257538404
something 0.0011806375442739079 0.07058107428570728 8.333066621689172e-05
look 0.0023612750885478157 0.07058107428570728 0.00016666133243378343
right 0.0011806375442739079 0.07058107428570728 8.333066621689172e-05
citation 0.0011806375442739079 0.07058107428570728 8.333066621689172e-05
information 0.0011806375442739079 0.07058107428570728 8.333066621689172e-05
article 0.0011806375442739079 0.07058107428570728 8.333066621689172e-05
title 0.0011806375442739079 0.07058107428570728 8.333066621689172e-05
author 0.0011806375442739079 0.06048074738138145 7.140584106420477e-05
com 0.0023612750885478157 0.06048074738138145 0.00014281168212840954
editor 0.0011806375442739079 0.1023729087095586 0.00012086529953903022
website 0.0023612750885478157 0.0655015487564323 0.00015466717533986374
url 0.0011806375442739079 0.07058107428570728 8.333066621689172e-05
access 0.0011806375442739079 0.07058107428570728 8.333066621689172e-05
publisher 0.0011806375442739079 0.07058107428570728 8.333066621689172e-05
e 0.0023612750885478157 0.04575749056067514 0.00010804602257538404
network 0.0023612750885478157 0.04575749056067514 0.00010804602257538404
last 0.0011806375442739079 0.0655015487564323 7.733358766993187e-05
updated 0.0011806375442739079 0.07058107428570728 8.333066621689172e-05
original 0.0011806375442739079 0.0655015487564323 7.733358766993187e-05
april 0.0011806375442739079 0.1549019599857432 0.00018288306964078297
receive 0.0011806375442739079 0.05551732784983141 6.554584161727439e-05
shaped 0.0023612750885478157 0.05551732784983141 0.00013109168323454878
person 0.010625737898465172 0.05060999335508724 0.000537768524434221
kate 0.0023612750885478157 1.2218487496163564 0.0028851210144423996
moss 0.0023612750885478157 2.0 0.004722550177095631
incredibly 0.0011806375442739079 1.6989700043360187 0.0020058677737143076
thin 0.0011806375442739079 1.5228787452803376 0.0017979678220547079
boyish 0.0011806375442739079 2.0 0.0023612750885478157
body 0.0011806375442739079 0.5686362358410126 0.0006713532890684919
quite 0.0011806375442739079 1.3979400086720377 0.0016504604588808
stir 0.0011806375442739079 1.3979400086720377 0.0016504604588808
launching 0.0011806375442739079 1.1549019599857433 0.001363520613914691
waif 0.0011806375442739079 2.0 0.0023612750885478157
victoria 0.0023612750885478157 1.3979400086720377 0.0033009209177616
beckham 0.0035419126328217238 2.0 0.0070838252656434475
rose 0.0011806375442739079 0.7447274948966939 0.0008792532407280918
member 0.0011806375442739079 0.3010299956639812 0.00035540731483350786
spice 0.0011806375442739079 1.6989700043360187 0.0020058677737143076
girl 0.0023612750885478157 1.4948500216800942 0.0035297521173083685
successful 0.0011806375442739079 0.4559319556497244 0.0005382903844742909
marriage 0.0011806375442739079 0.5376020021010439 0.0006347131075573127
soccer 0.0011806375442739079 1.3979400086720377 0.0016504604588808
david 0.0011806375442739079 0.7695510786217261 0.0009085608956572917
heidi 0.0023612750885478157 1.5228787452803376 0.0035959356441094157
klum 0.0023612750885478157 2.0 0.004722550177095631
german 0.0011806375442739079 1.045757490560675 0.0012346605555615998
turned 0.0011806375442739079 0.638272163982407 0.0007535680802625821
personality 0.0023612750885478157 0.853871964321762 0.002016226598162366
popular 0.0011806375442739079 0.4685210829577449 0.0005531535808237838
show 0.0023612750885478157 1.1726307269461747 0.0027689037236037183
project 0.0011806375442739079 1.045757490560675 0.0012346605555615998
runway 0.0011806375442739079 1.2218487496163564 0.0014425605072211998
america 0.0011806375442739079 0.37675070960209955 0.000444806032588075
got 0.0011806375442739079 0.5376020021010439 0.0006347131075573127
talent 0.0011806375442739079 0.853871964321762 0.001008113299081183
elizabeth 0.0023612750885478157 0.7695510786217261 0.0018171217913145834
taylor 0.0023612750885478157 1.0 0.0023612750885478157
actress 0.0011806375442739079 0.6020599913279624 0.0007108146296670157
starred 0.0011806375442739079 0.7695510786217261 0.0009085608956572917
cat 0.0011806375442739079 1.1549019599857433 0.001363520613914691
hot 0.0011806375442739079 0.958607314841775 0.001131767786117798
tin 0.0011806375442739079 1.3010299956639813 0.0015360448591074157
roof 0.0011806375442739079 1.5228787452803376 0.0017979678220547079
butterfield 0.0011806375442739079 1.5228787452803376 0.0017979678220547079
famous 0.0011806375442739079 0.494850021680094 0.0005842385143802763
violet 0.0011806375442739079 1.5228787452803376 0.0017979678220547079
eye 0.0011806375442739079 1.0969100130080565 0.0012950531440472921
scandalous 0.0011806375442739079 1.5228787452803376 0.0017979678220547079
stella 0.0023612750885478157 2.0 0.004722550177095631
mccartney 0.0035419126328217238 1.6989700043360187 0.006017603321142924
designer 0.0011806375442739079 1.1549019599857433 0.001363520613914691
ex 0.0011806375442739079 0.9208187539523752 0.0010871531923876921
beatle 0.0011806375442739079 2.0 0.0023612750885478157
paul 0.0011806375442739079 0.721246399047171 0.000851530577387451
late 0.0011806375442739079 0.3665315444204135 0.0004327409025034398
wife 0.0023612750885478157 0.3098039199714864 0.0007315322785631319
linda 0.0011806375442739079 1.3979400086720377 0.0016504604588808
sharon 0.0023612750885478157 1.6989700043360187 0.004011735547428615
osbourne 0.0035419126328217238 1.6989700043360187 0.006017603321142924
legendary 0.0011806375442739079 0.853871964321762 0.001008113299081183
rock 0.0011806375442739079 0.721246399047171 0.000851530577387451
ozzy 0.0011806375442739079 1.6989700043360187 0.0020058677737143076
featured 0.0011806375442739079 0.7695510786217261 0.0009085608956572917
osbournes 0.0011806375442739079 1.6989700043360187 0.0020058677737143076
talk 0.0011806375442739079 0.6989700043360189 0.0008252302294404
padma 0.0023612750885478157 2.0 0.004722550177095631
lakshmi 0.0023612750885478157 2.0 0.004722550177095631
best 0.0011806375442739079 0.13667713987954408 0.0001613661627857663
host 0.0011806375442739079 0.853871964321762 0.001008113299081183
chef 0.0011806375442739079 1.3010299956639813 0.0015360448591074157
jewelry 0.0011806375442739079 1.6989700043360187 0.0020058677737143076
kitchenware 0.0011806375442739079 2.0 0.0023612750885478157
eddie 0.0023612750885478157 1.3979400086720377 0.0033009209177616
redmayne 0.0023612750885478157 2.0 0.004722550177095631
actor 0.0035419126328217233 1.9913998282380825 0.007053364208635475
le 0.0011806375442739079 2.0 0.0023612750885478157
mi 0.0011806375442739079 1.6989700043360187 0.0020058677737143076
rables 0.0011806375442739079 2.0 0.0023612750885478157
danish 0.0011806375442739079 2.0 0.0023612750885478157
theory 0.0011806375442739079 1.5228787452803376 0.0017979678220547079
everything 0.0011806375442739079 0.853871964321762 0.001008113299081183
winning 0.0011806375442739079 0.4202164033831899 0.0004961232625539432
lead 0.0011806375442739079 0.5228787452803376 0.0006173302777808
oscar 0.0011806375442739079 0.9208187539523752 0.0010871531923876921
laurence 0.0023612750885478157 1.5228787452803376 0.0035959356441094157
olivier 0.0023612750885478157 2.0 0.004722550177095631
acclaimed 0.0011806375442739079 0.7958800173440752 0.0009396458292137841
th 0.0011806375442739079 0.2076083105017461 0.0002451101658816365
century 0.0011806375442739079 0.494850021680094 0.0005842385143802763
numerous 0.0011806375442739079 0.721246399047171 0.000851530577387451
shakespeare 0.0011806375442739079 1.6989700043360187 0.0020058677737143076
production 0.0011806375442739079 1.2218487496163564 0.0014425605072211998
screen 0.0011806375442739079 1.0969100130080565 0.0012950531440472921
well 0.0011806375442739079 0.20065945054641826 0.0002369060809284749
memorable 0.0011806375442739079 1.3010299956639813 0.0015360448591074157
turn 0.0011806375442739079 1.5228787452803376 0.0017979678220547079
modern 0.0011806375442739079 1.1549019599857433 0.001363520613914691
classic 0.0011806375442739079 1.3979400086720377 0.0016504604588808
loading 0.0011806375442739079 0.04575749056067514 5.402301128769202e-05
logo 0.0011806375442739079 0.04575749056067514 5.402301128769202e-05
registered 0.0011806375442739079 0.04575749056067514 5.402301128769202e-05
trademark 0.0011806375442739079 0.04575749056067514 5.402301128769202e-05
llc 0.0011806375442739079 0.04575749056067514 5.402301128769202e-05
