kim 0.05732484076433121 1.1549019599857433 0.06620457095459675
yo 0.01910828025477707 2.0 0.03821656050955414
jong 0.040339702760084924 1.5228787452803376 0.0614324759242599
age 0.0021231422505307855 0.11350927482751813 0.00024099633721341428
family 0.006369426751592357 0.11918640771920867 0.0007591490937529215
fact 0.0031847133757961785 0.14116214857141457 0.0004495609827115114
biography 0.009554140127388535 0.04575749056067514 0.0004371734766943485
skip 0.0010615711252653928 0.04575749056067514 4.85748307438165e-05
main 0.0010615711252653928 0.04575749056067514 4.85748307438165e-05
content 0.0010615711252653928 0.04575749056067514 4.85748307438165e-05
people 0.006369426751592357 0.04575749056067514 0.00029144898446289904
nostalgia 0.0031847133757961785 0.04575749056067514 0.00014572449223144952
celebrity 0.0031847133757961785 0.04575749056067514 0.00014572449223144952
history 0.0031847133757961785 0.04575749056067514 0.00014572449223144952
culture 0.0031847133757961785 0.04575749056067514 0.00014572449223144952
crime 0.0031847133757961785 0.04575749056067514 0.00014572449223144952
scandal 0.0031847133757961785 0.04575749056067514 0.00014572449223144952
video 0.0031847133757961785 0.04575749056067514 0.00014572449223144952
contact 0.0031847133757961785 0.04575749056067514 0.00014572449223144952
u 0.008492569002123142 0.20065945054641832 0.0017041142296935737
advertise 0.0021231422505307855 0.04575749056067514 9.7149661487633e-05
privacy 0.0031847133757961785 0.04575749056067514 0.00014572449223144952
notice 0.0021231422505307855 0.04575749056067514 9.7149661487633e-05
term 0.0031847133757961785 0.5406075122407692 0.001721679975289074
use 0.0021231422505307855 0.04575749056067514 9.7149661487633e-05
copyright 0.0021231422505307855 0.04575749056067514 9.7149661487633e-05
policy 0.0031847133757961785 0.04575749056067514 0.00014572449223144952
ad 0.0021231422505307855 0.04575749056067514 9.7149661487633e-05
choice 0.0031847133757961785 0.9318141382538384 0.0029675609498529885
accessibility 0.0021231422505307855 0.04575749056067514 9.7149661487633e-05
support 0.0021231422505307855 0.04575749056067514 9.7149661487633e-05
setting 0.0010615711252653928 0.04575749056067514 4.85748307438165e-05
february 0.0021231422505307855 0.04575749056067514 9.7149661487633e-05
subscribe 0.0021231422505307855 0.04575749056067514 9.7149661487633e-05
newsletter 0.0031847133757961785 0.04575749056067514 0.00014572449223144952
photo 0.0010615711252653928 0.12493873660829993 0.00013263135521050947
jorge 0.0010615711252653928 2.0 0.0021231422505307855
silva 0.0010615711252653928 2.0 0.0021231422505307855
bloomberg 0.0010615711252653928 1.3979400086720377 0.001484012748059488
getty 0.0010615711252653928 0.2291479883578558 0.0002432568878533501
image 0.0031847133757961785 1.4436974992327127 0.004597762736409913
quick 0.0010615711252653928 0.07058107428570728 7.492683045191856e-05
name 0.0021231422505307855 0.05551732784983141 0.00011787118439454652
birth 0.0010615711252653928 0.07058107428570728 7.492683045191856e-05
date 0.004246284501061571 0.07058107428570728 0.0002997073218076742
september 0.0021231422505307855 0.5086383061657272 0.0010799114780588688
zodiac 0.0010615711252653928 0.3010299956639812 0.0003195647512356488
sign 0.0021231422505307855 0.05551732784983141 0.00011787118439454652
libra 0.0010615711252653928 1.3979400086720377 0.001484012748059488
cite 0.0010615711252653928 0.07058107428570728 7.492683045191856e-05
page 0.0010615711252653928 0.07058107428570728 7.492683045191856e-05
publish 0.0010615711252653928 0.07058107428570728 7.492683045191856e-05
apr 0.0010615711252653928 0.5528419686577808 0.0005868810707619753
comment 0.0031847133757961785 1.2254830342714507 0.0039028122110555757
younger 0.0031847133757961785 0.585026652029182 0.0018631422039145926
sister 0.006369426751592357 0.721246399047171 0.004593926108580708
north 0.012738853503184714 0.6777807052660807 0.008634149111669818
korean 0.009554140127388535 3.5228787452803374 0.03365807718420705
supreme 0.006369426751592357 0.585026652029182 0.003726284407829185
leader 0.008492569002123142 0.8582367697242121 0.007288634987042141
un 0.01167728237791932 1.3010299956639813 0.015192494641511458
high 0.0021231422505307855 0.27572413039921095 0.0005854015507414245
ranking 0.0021231422505307855 1.5228787452803376 0.0032332882065399947
official 0.0021231422505307855 0.721246399047171 0.0015313087028602356
worker 0.0031847133757961785 0.958607314841775 0.003052889537712659
party 0.006369426751592357 0.3979400086720376 0.0025346497367645707
korea 0.013800424628450107 1.1549019599857433 0.015938137452032552
joined 0.0031847133757961785 0.4685210829577449 0.0014921053597380413
wpk 0.006369426751592357 2.0 0.012738853503184714
eventually 0.0010615711252653928 0.3979400086720376 0.0004224416227940951
serving 0.0021231422505307855 0.48148606012211254 0.0010222633972868632
secretariat 0.0021231422505307855 2.0 0.004246284501061571
father 0.004246284501061571 0.14874165128092467 0.0006315993684964954
il 0.010615711252653927 2.0 0.021231422505307854
death 0.0031847133757961785 0.2365720064370627 0.0007534140332390532
continued 0.0021231422505307855 0.3372421683184259 0.0007160130962174647
ascend 0.0010615711252653928 2.0 0.0021231422505307855
rank 0.0010615711252653928 1.2218487496163564 0.0012970793520343485
brother 0.008492569002123142 1.2907300390241692 0.010961613919525853
rule 0.0021231422505307855 1.0 0.0021231422505307855
taking 0.0010615711252653928 0.6020599913279624 0.0006391295024712976
control 0.0010615711252653928 0.5528419686577808 0.0005868810707619753
first 0.005307855626326964 0.0655015487564323 0.0003476727640999591
vice 0.0031847133757961785 0.5376020021010439 0.001712108286946
department 0.006369426751592357 0.7447274948966939 0.004743487228641362
director 0.0031847133757961785 0.5686362358410126 0.0018109434262452632
propaganda 0.004246284501061571 1.6989700043360187 0.007214309997180547
agitation 0.004246284501061571 1.6989700043360187 0.007214309997180547
later 0.0031847133757961785 0.09151498112135023 0.0002914489844628988
becoming 0.0010615711252653928 0.3372421683184259 0.00035800654810873235
alternate 0.0021231422505307855 1.6989700043360187 0.0036071549985902734
member 0.0031847133757961785 0.3010299956639812 0.0009586942537069466
powerful 0.0010615711252653928 0.721246399047171 0.0007656543514301178
politburo 0.0021231422505307855 2.0 0.004246284501061571
making 0.0010615711252653928 0.3979400086720376 0.0004224416227940951
highly 0.0010615711252653928 0.9208187539523752 0.0009775146007986997
publicized 0.0010615711252653928 1.3010299956639813 0.0013811358765010416
appearance 0.0010615711252653928 0.8860566476931633 0.0009406121525405131
winter 0.0031847133757961785 1.2218487496163564 0.003891238056103046
olympics 0.005307855626326964 1.2218487496163564 0.0064853967601717424
denuclearization 0.0021231422505307855 1.6989700043360187 0.0036071549985902734
summit 0.0031847133757961785 2.7447274948966935 0.008741170365913037
president 0.010615711252653927 0.16749108729376372 0.0017780370201036487
donald 0.0031847133757961785 0.494850021680094 0.0015759554830576243
trump 0.005307855626326964 0.5086383061657272 0.002699778695147172
early 0.004246284501061571 0.07572071393811834 0.0003215316940047488
life 0.0021231422505307855 0.13679614097137055 0.00029043766660588225
education 0.0021231422505307855 0.19382002601611284 0.0004115074862337852
xa 0.0021231422505307855 0.17392519729917358 0.0003692679348177783
birthdate 0.0010615711252653928 2.0 0.0021231422505307855
listed 0.0010615711252653928 1.3010299956639813 0.0013811358765010416
spent 0.0010615711252653928 0.48148606012211254 0.0005111316986434316
year 0.0053078556263269645 0.24995468798823245 0.0013267233969651406
mother 0.0010615711252653928 0.21467016498923297 0.00022788764860852756
ch 0.0010615711252653928 2.0 0.0021231422505307855
angkwang 0.0010615711252653928 2.0 0.0021231422505307855
hill 0.0010615711252653928 0.8860566476931633 0.0009406121525405131
residence 0.0010615711252653928 1.1549019599857433 0.0012260105732332732
central 0.0010615711252653928 0.9208187539523752 0.0009775146007986997
pyongyang 0.0021231422505307855 2.0 0.004246284501061571
two 0.0031847133757961785 0.11918640771920867 0.00037957454687646076
older 0.0021231422505307855 0.721246399047171 0.0015313087028602356
according 0.0010615711252653928 0.638272163982407 0.0006775712993443812
chef 0.0010615711252653928 1.3010299956639813 0.0013811358765010416
kenji 0.0010615711252653928 2.0 0.0021231422505307855
fujimoto 0.0010615711252653928 2.0 0.0021231422505307855
would 0.0021231422505307855 0.2291479883578558 0.0004865137757067002
celebrate 0.0010615711252653928 1.1549019599857433 0.0012260105732332732
birthday 0.0010615711252653928 2.0 0.0021231422505307855
another 0.0021231422505307855 0.40893539297350084 0.0008682280105594498
home 0.0010615711252653928 0.31875876262441283 0.0003383850983274021
wonsan 0.0010615711252653928 2.0 0.0021231422505307855
sent 0.0010615711252653928 0.853871964321762 0.0009064458219976242
switzerland 0.0010615711252653928 1.5228787452803376 0.0016166441032699974
continue 0.0010615711252653928 0.6777807052660807 0.0007195124259724848
began 0.0021231422505307855 0.20065945054641826 0.0004260285574233933
attending 0.0010615711252653928 0.9208187539523752 0.0009775146007986997
liebefeld 0.0021231422505307855 2.0 0.004246284501061571
hessgut 0.0010615711252653928 2.0 0.0021231422505307855
public 0.004246284501061571 0.2596373105057561 0.0011024938874979028
school 0.0021231422505307855 0.14874165128092467 0.0003157996842482477
steinh 0.0010615711252653928 2.0 0.0021231422505307855
xf 0.0010615711252653928 1.5228787452803376 0.0016166441032699974
lzli 0.0010615711252653928 2.0 0.0021231422505307855
enrolled 0.0010615711252653928 1.0 0.0010615711252653928
pseudonym 0.0010615711252653928 2.0 0.0021231422505307855
although 0.0010615711252653928 0.431798275933005 0.0004583845816698567
lived 0.0010615711252653928 0.6020599913279624 0.0006391295024712976
aunt 0.0031847133757961785 1.5228787452803376 0.004849932309809992
uncle 0.0010615711252653928 1.3979400086720377 0.001484012748059488
served 0.004246284501061571 0.2676062401770315 0.0011363322300510892
staff 0.0010615711252653928 0.9208187539523752 0.0009775146007986997
housekeeper 0.0010615711252653928 2.0 0.0021231422505307855
bodyguard 0.0010615711252653928 1.6989700043360187 0.0018035774992951367
time 0.0021231422505307855 0.1023729087095586 0.00021735224779099492
abroad 0.0010615711252653928 1.045757490560675 0.0011101459560092092
said 0.0031847133757961785 0.2518119729937996 0.0008019489585789797
isolating 0.0010615711252653928 2.0 0.0021231422505307855
experience 0.0010615711252653928 0.619788758288394 0.0006579498495630509
drew 0.0021231422505307855 0.8239087409443188 0.0017492754584805068
sibling 0.0021231422505307855 1.8068754016455384 0.0038362535066784253
closer 0.0010615711252653928 1.2218487496163564 0.0012970793520343485
together 0.0010615711252653928 0.431798275933005 0.0004583845816698567
virtually 0.0010615711252653928 1.6989700043360187 0.0018035774992951367
nothing 0.0010615711252653928 0.958607314841775 0.0010176298459042196
known 0.0010615711252653928 0.06048074738138145 6.420461505454507e-05
activity 0.0021231422505307855 1.0969100130080565 0.002328895993647678
followed 0.0010615711252653928 0.5528419686577808 0.0005868810707619753
return 0.0010615711252653928 0.7447274948966939 0.0007905812047735604
though 0.0010615711252653928 0.3665315444204135 0.0003890993040556407
reportedly 0.004246284501061571 0.721246399047171 0.0030626174057204712
graduated 0.0010615711252653928 0.6575773191777938 0.0006980650946685709
sung 0.0031847133757961785 1.6989700043360187 0.0054107324978854105
university 0.0010615711252653928 0.2596373105057561 0.0002756234718744757
computer 0.0010615711252653928 1.2218487496163564 0.0012970793520343485
science 0.0010615711252653928 0.7958800173440752 0.0008448832455881902
degree 0.0010615711252653928 0.5228787452803376 0.0005550729780046047
one 0.0021231422505307855 0.08092190762392613 0.00017180872106990687
closest 0.0010615711252653928 1.3010299956639813 0.0013811358765010416
aide 0.0010615711252653928 1.3010299956639813 0.0013811358765010416
charge 0.0010615711252653928 0.958607314841775 0.0010176298459042196
managing 0.0010615711252653928 1.3010299956639813 0.0013811358765010416
promoting 0.0010615711252653928 1.2218487496163564 0.0012970793520343485
charm 0.0010615711252653928 1.5228787452803376 0.0016166441032699974
offensive 0.0010615711252653928 1.6989700043360187 0.0018035774992951367
marked 0.0021231422505307855 0.8860566476931633 0.0018812243050810261
outreach 0.0010615711252653928 1.1549019599857433 0.0012260105732332732
south 0.0031847133757961785 0.40893539297350084 0.0013023420158391748
moon 0.004246284501061571 1.3979400086720377 0.005936050992237952
jae 0.0031847133757961785 2.0 0.006369426751592357
even 0.0010615711252653928 0.3665315444204135 0.0003890993040556407
threaten 0.0010615711252653928 1.6989700043360187 0.0018035774992951367
enemy 0.0010615711252653928 1.3010299956639813 0.0013811358765010416
nuclear 0.0010615711252653928 0.958607314841775 0.0010176298459042196
attack 0.0010615711252653928 0.7447274948966939 0.0007905812047735604
report 0.0010615711252653928 0.7695510786217261 0.0008169332044816626
poor 0.0010615711252653928 0.7958800173440752 0.0008448832455881902
health 0.0010615711252653928 0.5528419686577808 0.0005868810707619753
surfaced 0.0010615711252653928 1.045757490560675 0.0011101459560092092
april 0.0031847133757961785 0.1549019599857432 0.0004933183439036408
medium 0.0010615711252653928 0.5086383061657272 0.0005399557390294344
focused 0.0010615711252653928 0.6989700043360189 0.000742006374029744
possible 0.0010615711252653928 0.7695510786217261 0.0008169332044816626
successor 0.0010615711252653928 1.0969100130080565 0.001164447996823839
analyst 0.0010615711252653928 1.5228787452803376 0.0016166441032699974
suggested 0.0010615711252653928 0.8239087409443188 0.0008746377292402534
likely 0.0010615711252653928 1.0969100130080565 0.001164447996823839
follow 0.0010615711252653928 0.7958800173440752 0.0008448832455881902
given 0.0010615711252653928 0.6777807052660807 0.0007195124259724848
tie 0.0010615711252653928 0.9208187539523752 0.0009775146007986997
paektu 0.0010615711252653928 2.0 0.0021231422505307855
bloodline 0.0010615711252653928 2.0 0.0021231422505307855
claim 0.0010615711252653928 1.3010299956639813 0.0013811358765010416
divine 0.0010615711252653928 1.3979400086720377 0.001484012748059488
ruling 0.0031847133757961785 0.9208187539523752 0.0029325438023960998
right 0.0031847133757961785 0.39848321634998984 0.001269054829140095
others 0.0010615711252653928 0.494850021680094 0.0005253184943525414
argued 0.0010615711252653928 1.1549019599857433 0.0012260105732332732
male 0.0010615711252653928 1.2218487496163564 0.0012970793520343485
dominated 0.0010615711252653928 1.3979400086720377 0.001484012748059488
prefer 0.0010615711252653928 2.0 0.0021231422505307855
collective 0.0010615711252653928 1.2218487496163564 0.0012970793520343485
leadership 0.0031847133757961785 0.638272163982407 0.0020327138980331437
daughter 0.0010615711252653928 0.31875876262441283 0.0003383850983274021
youngest 0.0010615711252653928 0.5228787452803376 0.0005550729780046047
child 0.0021231422505307855 0.5000381344038097 0.00106165209002932
second 0.0021231422505307855 0.19382002601611284 0.0004115074862337852
consort 0.0010615711252653928 1.6989700043360187 0.0018035774992951367
ko 0.0010615711252653928 2.0 0.0021231422505307855
yong 0.0010615711252653928 2.0 0.0021231422505307855
hui 0.0031847133757961785 2.0 0.006369426751592357
japanese 0.0010615711252653928 1.0 0.0010615711252653928
dancer 0.0010615711252653928 1.0969100130080565 0.001164447996823839
along 0.0010615711252653928 0.4202164033831899 0.0004460896001944691
couple 0.0010615711252653928 0.40893539297350084 0.0004341140052797249
son 0.0021231422505307855 0.28399665636520083 0.0006029653001384306
chul 0.0010615711252653928 2.0 0.0021231422505307855
also 0.0021231422505307855 0.0861861476162833 0.00018298545141461422
half 0.0021231422505307855 0.853871964321762 0.0018128916439952485
sol 0.0010615711252653928 1.6989700043360187 0.0018035774992951367
song 0.0031847133757961785 0.6989700043360189 0.002226019122089232
nam 0.0010615711252653928 2.0 0.0021231422505307855
killed 0.0010615711252653928 0.6989700043360189 0.000742006374029744
malaysia 0.0010615711252653928 2.0 0.0021231422505307855
allegedly 0.0010615711252653928 0.853871964321762 0.0009064458219976242
behest 0.0010615711252653928 1.3979400086720377 0.001484012748059488
read 0.0010615711252653928 0.0655015487564323 6.953455281999183e-05
next 0.0010615711252653928 0.07058107428570728 7.492683045191856e-05
bella 0.0010615711252653928 0.0655015487564323 6.953455281999183e-05
hadid 0.0010615711252653928 0.0655015487564323 6.953455281999183e-05
sadie 0.0010615711252653928 0.06048074738138145 6.420461505454507e-05
alexander 0.0010615711252653928 0.05551732784983141 5.893559219727326e-05
adrienne 0.0010615711252653928 0.0655015487564323 6.953455281999183e-05
kennedy 0.0010615711252653928 0.06048074738138145 6.420461505454507e-05
rise 0.0010615711252653928 1.0 0.0010615711252653928
appointed 0.0010615711252653928 0.6777807052660807 0.0007195124259724848
junior 0.0010615711252653928 0.853871964321762 0.0009064458219976242
cadre 0.0010615711252653928 1.6989700043360187 0.0018035774992951367
wkp 0.0010615711252653928 2.0 0.0021231422505307855
involved 0.0021231422505307855 0.4559319556497244 0.0009680083984070581
succession 0.0010615711252653928 1.6989700043360187 0.0018035774992951367
plan 0.0010615711252653928 0.8239087409443188 0.0008746377292402534
suffered 0.0010615711252653928 0.6575773191777938 0.0006980650946685709
pair 0.0010615711252653928 0.7958800173440752 0.0008448832455881902
stroke 0.0010615711252653928 2.0 0.0021231422505307855
following 0.0031847133757961785 0.2518119729937996 0.0008019489585789797
took 0.0010615711252653928 0.28399665636520083 0.0003014826500692153
increasing 0.0010615711252653928 0.958607314841775 0.0010176298459042196
role 0.0021231422505307855 0.3665315444204135 0.0007781986081112814
december 0.0010615711252653928 0.40893539297350084 0.0004341140052797249
groomed 0.0010615711252653928 1.6989700043360187 0.0018035774992951367
service 0.0010615711252653928 0.5086383061657272 0.0005399557390294344
kyong 0.0021231422505307855 2.0 0.004246284501061571
replaced 0.0010615711252653928 1.2218487496163564 0.0012970793520343485
leading 0.0010615711252653928 0.5228787452803376 0.0005550729780046047
female 0.0031847133757961785 0.6020599913279624 0.0019173885074138931
figure 0.0010615711252653928 0.8239087409443188 0.0008746377292402534
execution 0.0010615711252653928 1.6989700043360187 0.0018035774992951367
husband 0.0021231422505307855 0.7447274948966939 0.0015811624095471207
jang 0.0010615711252653928 2.0 0.0021231422505307855
thaek 0.0010615711252653928 2.0 0.0021231422505307855
late 0.0031847133757961785 0.3665315444204135 0.0011672979121669222
became 0.0031847133757961785 0.07572071393811834 0.00024114877050356162
acting 0.0010615711252653928 0.6777807052660807 0.0007195124259724848
national 0.0010615711252653928 0.3010299956639812 0.0003195647512356488
defense 0.0021231422505307855 0.7695510786217261 0.001633866408963325
commission 0.0010615711252653928 1.2218487496163564 0.0012970793520343485
earning 0.0010615711252653928 0.6989700043360189 0.000742006374029744
appointment 0.0010615711252653928 0.958607314841775 0.0010176298459042196
political 0.0010615711252653928 0.3098039199714864 0.0003288788959357605
bureau 0.0010615711252653928 1.3010299956639813 0.0013811358765010416
three 0.0010615711252653928 0.2076083105017461 0.00022039098779378567
voted 0.0010615711252653928 0.853871964321762 0.0009064458219976242
assembly 0.0010615711252653928 0.8239087409443188 0.0008746377292402534
representative 0.0021231422505307855 1.4814860601221125 0.0031454056478176485
killimgil 0.0010615711252653928 2.0 0.0021231422505307855
district 0.0021231422505307855 0.721246399047171 0.0015313087028602356
parliamentary 0.0010615711252653928 1.6989700043360187 0.0018035774992951367
election 0.0010615711252653928 0.44369749923271273 0.0004710164535379116
underscoring 0.0010615711252653928 1.3010299956639813 0.0013811358765010416
prominence 0.0010615711252653928 1.3010299956639813 0.0013811358765010416
issued 0.0010615711252653928 1.045757490560675 0.0011101459560092092
order 0.0010615711252653928 1.0 0.0010615711252653928
unit 0.0010615711252653928 1.5228787452803376 0.0016166441032699974
army 0.0010615711252653928 0.7695510786217261 0.0008169332044816626
march 0.0010615711252653928 0.27572413039921095 0.00029270077537071226
released 0.0010615711252653928 0.3010299956639812 0.0003195647512356488
statement 0.0010615711252653928 0.638272163982407 0.0006775712993443812
chastising 0.0010615711252653928 2.0 0.0021231422505307855
complaint 0.0010615711252653928 2.0 0.0021231422505307855
military 0.0021231422505307855 0.5528419686577808 0.0011737621415239506
exercise 0.0010615711252653928 2.0 0.0021231422505307855
pyeongchang 0.0010615711252653928 1.6989700043360187 0.0018035774992951367
coming 0.0010615711252653928 0.8239087409443188 0.0008746377292402534
highest 0.0010615711252653928 1.0 0.0010615711252653928
visit 0.0010615711252653928 0.958607314841775 0.0010176298459042196
southern 0.0010615711252653928 0.6575773191777938 0.0006980650946685709
country 0.0031847133757961785 0.27572413039921095 0.0008781023261121368
since 0.0010615711252653928 0.3372421683184259 0.00035800654810873235
end 0.0010615711252653928 0.44369749923271273 0.0004710164535379116
war 0.0010615711252653928 0.35654732351381263 0.0003785003434329221
envoy 0.0010615711252653928 1.6989700043360187 0.0018035774992951367
head 0.0010615711252653928 0.5228787452803376 0.0005550729780046047
delegation 0.0010615711252653928 1.6989700043360187 0.0018035774992951367
attention 0.0010615711252653928 0.6777807052660807 0.0007195124259724848
meeting 0.0010615711252653928 1.3979400086720377 0.001484012748059488
strategic 0.0010615711252653928 1.2218487496163564 0.0012970793520343485
placement 0.0010615711252653928 1.6989700043360187 0.0018035774992951367
behind 0.0010615711252653928 0.6777807052660807 0.0007195124259724848
mike 0.0010615711252653928 0.8860566476931633 0.0009406121525405131
penny 0.0010615711252653928 1.2218487496163564 0.0012970793520343485
opening 0.0010615711252653928 0.9208187539523752 0.0009775146007986997
ceremony 0.0010615711252653928 0.958607314841775 0.0010176298459042196
accompanied 0.0010615711252653928 1.5228787452803376 0.0016166441032699974
profile 0.0010615711252653928 0.853871964321762 0.0009064458219976242
talk 0.0010615711252653928 1.3010299956639813 0.0013811358765010416
held 0.0010615711252653928 0.48148606012211254 0.0005111316986434316
singapore 0.0010615711252653928 1.5228787452803376 0.0016166441032699974
june 0.0010615711252653928 0.28399665636520083 0.0003014826500692153
hanoi 0.0010615711252653928 1.6989700043360187 0.0018035774992951367
vietnam 0.0010615711252653928 0.9208187539523752 0.0009775146007986997
side 0.0010615711252653928 0.9208187539523752 0.0009775146007986997
abruptly 0.0010615711252653928 1.5228787452803376 0.0016166441032699974
ended 0.0010615711252653928 0.5686362358410126 0.000603647808748421
negotiation 0.0010615711252653928 1.0 0.0010615711252653928
latter 0.0010615711252653928 1.045757490560675 0.0011101459560092092
blamed 0.0010615711252653928 1.2218487496163564 0.0012970793520343485
failure 0.0010615711252653928 0.9208187539523752 0.0009775146007986997
removed 0.0010615711252653928 1.0 0.0010615711252653928
reinstating 0.0010615711252653928 2.0 0.0021231422505307855
controversy 0.0010615711252653928 1.1549019599857433 0.0012260105732332732
among 0.0021231422505307855 0.35654732351381263 0.0007570006868658442
seven 0.0010615711252653928 0.619788758288394 0.0006579498495630509
sanctioned 0.0010615711252653928 1.6989700043360187 0.0018035774992951367
treasury 0.0010615711252653928 1.5228787452803376 0.0016166441032699974
serious 0.0010615711252653928 0.958607314841775 0.0010176298459042196
human 0.0010615711252653928 0.8860566476931633 0.0009406121525405131
abuse 0.0010615711252653928 1.3010299956639813 0.0013811358765010416
censorship 0.0010615711252653928 1.6989700043360187 0.0018035774992951367
rumored 0.0010615711252653928 2.0 0.0021231422505307855
shadowy 0.0010615711252653928 2.0 0.0021231422505307855
office 0.0010615711252653928 0.31875876262441283 0.0003383850983274021
tasked 0.0010615711252653928 1.3979400086720377 0.001484012748059488
raising 0.0010615711252653928 1.2218487496163564 0.0012970793520343485
fund 0.0010615711252653928 1.0969100130080565 0.001164447996823839
reported 0.0021231422505307855 0.7447274948966939 0.0015811624095471207
married 0.0010615711252653928 0.24412514432750856 0.0002591562041693297
choe 0.0021231422505307855 2.0 0.004246284501061571
lieutenant 0.0010615711252653928 1.6989700043360187 0.0018035774992951367
ryong 0.0010615711252653928 2.0 0.0021231422505307855
hae 0.0010615711252653928 2.0 0.0021231422505307855
pregnant 0.0010615711252653928 1.3979400086720377 0.001484012748059488
spring 0.0010615711252653928 1.0969100130080565 0.001164447996823839
around 0.0010615711252653928 0.4559319556497244 0.00048400419920352906
check 0.0010615711252653928 0.07058107428570728 7.492683045191856e-05
strive 0.0010615711252653928 0.07058107428570728 7.492683045191856e-05
accuracy 0.0010615711252653928 0.07058107428570728 7.492683045191856e-05
fairness 0.0010615711252653928 0.07058107428570728 7.492683045191856e-05
see 0.0021231422505307855 0.04575749056067514 9.7149661487633e-05
something 0.0010615711252653928 0.07058107428570728 7.492683045191856e-05
look 0.0010615711252653928 0.07058107428570728 7.492683045191856e-05
citation 0.0010615711252653928 0.07058107428570728 7.492683045191856e-05
information 0.0010615711252653928 0.07058107428570728 7.492683045191856e-05
article 0.0010615711252653928 0.07058107428570728 7.492683045191856e-05
title 0.0010615711252653928 0.07058107428570728 7.492683045191856e-05
author 0.0010615711252653928 0.06048074738138145 6.420461505454507e-05
tim 0.0010615711252653928 1.0969100130080565 0.001164447996823839
ott 0.0010615711252653928 1.3979400086720377 0.001484012748059488
website 0.0021231422505307855 0.0655015487564323 0.00013906910563998365
com 0.0010615711252653928 0.06048074738138145 6.420461505454507e-05
url 0.0010615711252653928 0.07058107428570728 7.492683045191856e-05
access 0.0010615711252653928 0.07058107428570728 7.492683045191856e-05
publisher 0.0010615711252653928 0.07058107428570728 7.492683045191856e-05
e 0.0021231422505307855 0.04575749056067514 9.7149661487633e-05
television 0.0021231422505307855 0.04575749056067514 9.7149661487633e-05
network 0.0021231422505307855 0.04575749056067514 9.7149661487633e-05
last 0.0010615711252653928 0.0655015487564323 6.953455281999183e-05
updated 0.0010615711252653928 0.07058107428570728 7.492683045191856e-05
may 0.0021231422505307855 0.3098039199714864 0.000657757791871521
original 0.0010615711252653928 0.0655015487564323 6.953455281999183e-05
published 0.0010615711252653928 0.07058107428570728 7.492683045191856e-05
receive 0.0010615711252653928 0.05551732784983141 5.893559219727326e-05
story 0.0031847133757961785 0.05551732784983141 0.0001768067765918198
shaped 0.0021231422505307855 0.05551732784983141 0.00011787118439454652
world 0.0010615711252653928 0.04575749056067514 4.85748307438165e-05
person 0.009554140127388535 0.05060999335508724 0.0004835349683607061
succeeding 0.0010615711252653928 2.0 0.0021231422505307855
dominating 0.0010615711252653928 2.0 0.0021231422505307855
personality 0.0010615711252653928 0.853871964321762 0.0009064458219976242
complete 0.0010615711252653928 0.9208187539523752 0.0009775146007986997
concentration 0.0010615711252653928 2.0 0.0021231422505307855
power 0.0010615711252653928 0.5376020021010439 0.0005707027623153332
come 0.0010615711252653928 0.5528419686577808 0.0005868810707619753
define 0.0010615711252653928 1.5228787452803376 0.0016166441032699974
c 0.0010615711252653928 0.35654732351381263 0.0003785003434329221
premier 0.0010615711252653928 1.6989700043360187 0.0018035774992951367
ran 0.0010615711252653928 0.48148606012211254 0.0005111316986434316
decade 0.0010615711252653928 0.638272163982407 0.0006775712993443812
spearheading 0.0010615711252653928 1.3010299956639813 0.0013811358765010416
creation 0.0010615711252653928 0.853871964321762 0.0009064458219976242
orwellian 0.0010615711252653928 2.0 0.0021231422505307855
regime 0.0010615711252653928 1.0 0.0010615711252653928
kardashian 0.0021231422505307855 1.3010299956639813 0.002762271753002083
star 0.0010615711252653928 0.32790214206428253 0.0003480914459281131
reality 0.0010615711252653928 1.0 0.0010615711252653928
show 0.0010615711252653928 0.494850021680094 0.0005253184943525414
keeping 0.0010615711252653928 1.045757490560675 0.0011101459560092092
kardashians 0.0010615711252653928 1.5228787452803376 0.0016166441032699974
businesswoman 0.0010615711252653928 1.3979400086720377 0.001484012748059488
creating 0.0010615711252653928 1.0 0.0010615711252653928
brand 0.0010615711252653928 1.3979400086720377 0.001484012748059488
kkw 0.0021231422505307855 1.6989700043360187 0.0036071549985902734
beauty 0.0010615711252653928 1.3010299956639813 0.0013811358765010416
fragrance 0.0010615711252653928 1.6989700043360187 0.0018035774992951367
skim 0.0010615711252653928 1.6989700043360187 0.0018035774992951367
lil 0.0021231422505307855 1.3979400086720377 0.002968025496118976
found 0.0010615711252653928 0.3372421683184259 0.00035800654810873235
success 0.0010615711252653928 0.431798275933005 0.0004583845816698567
rapper 0.0010615711252653928 1.2218487496163564 0.0012970793520343485
starting 0.0010615711252653928 0.958607314841775 0.0010176298459042196
mid 0.0010615711252653928 0.585026652029182 0.0006210474013048641
explicit 0.0010615711252653928 1.5228787452803376 0.0016166441032699974
lyric 0.0010615711252653928 1.2218487496163564 0.0012970793520343485
sexy 0.0010615711252653928 1.3010299956639813 0.0013811358765010416
persona 0.0010615711252653928 1.3979400086720377 0.001484012748059488
guidance 0.0010615711252653928 1.3979400086720377 0.001484012748059488
hip 0.0010615711252653928 1.1549019599857433 0.0012260105732332732
hop 0.0010615711252653928 1.3010299956639813 0.0013811358765010416
icon 0.0010615711252653928 1.0 0.0010615711252653928
biggie 0.0010615711252653928 1.6989700043360187 0.0018035774992951367
small 0.0010615711252653928 1.5228787452803376 0.0016166441032699974
elected 0.0021231422505307855 0.3665315444204135 0.0007781986081112814
republic 0.0010615711252653928 1.3010299956639813 0.0013811358765010416
five 0.0010615711252653928 0.48148606012211254 0.0005111316986434316
beto 0.0021231422505307855 1.5228787452803376 0.0032332882065399947
rourke 0.0021231422505307855 1.5228787452803376 0.0032332882065399947
former 0.0031847133757961785 0.27572413039921095 0.0008781023261121368
texas 0.0010615711252653928 0.619788758288394 0.0006579498495630509
congressman 0.0010615711252653928 0.958607314841775 0.0010176298459042196
represented 0.0010615711252653928 1.0969100130080565 0.001164447996823839
state 0.0021231422505307855 0.2924298239020636 0.0006208701144417486
th 0.0010615711252653928 0.2076083105017461 0.00022039098779378567
house 0.0010615711252653928 0.32790214206428253 0.0003480914459281131
vladimir 0.0021231422505307855 1.3979400086720377 0.002968025496118976
putin 0.0021231422505307855 1.3979400086720377 0.002968025496118976
russia 0.0021231422505307855 0.853871964321762 0.0018128916439952485
presidency 0.0010615711252653928 0.4685210829577449 0.0004973684532460137
previously 0.0010615711252653928 0.7695510786217261 0.0008169332044816626
prime 0.0010615711252653928 0.7958800173440752 0.0008448832455881902
minister 0.0010615711252653928 0.5376020021010439 0.0005707027623153332
rex 0.0021231422505307855 1.6989700043360187 0.0036071549985902734
tillerson 0.0021231422505307855 1.6989700043360187 0.0036071549985902734
commencement 0.0010615711252653928 2.0 0.0021231422505307855
address 0.0010615711252653928 0.7695510786217261 0.0008169332044816626
virginia 0.0010615711252653928 0.8239087409443188 0.0008746377292402534
institute 0.0010615711252653928 0.853871964321762 0.0009064458219976242
warned 0.0010615711252653928 1.3010299956639813 0.0013811358765010416
growing 0.0010615711252653928 0.585026652029182 0.0006210474013048641
crisis 0.0010615711252653928 0.8860566476931633 0.0009406121525405131
ethic 0.0010615711252653928 1.3010299956639813 0.0013811358765010416
integrity 0.0010615711252653928 1.1549019599857433 0.0012260105732332732
american 0.0010615711252653928 0.1023729087095586 0.00010867612389549746
pundit 0.0010615711252653928 2.0 0.0021231422505307855
linked 0.0010615711252653928 1.045757490560675 0.0011101459560092092
secretary 0.0010615711252653928 0.638272163982407 0.0006775712993443812
bos 0.0010615711252653928 1.045757490560675 0.0011101459560092092
loading 0.0010615711252653928 0.04575749056067514 4.85748307438165e-05
logo 0.0010615711252653928 0.04575749056067514 4.85748307438165e-05
registered 0.0010615711252653928 0.04575749056067514 4.85748307438165e-05
trademark 0.0010615711252653928 0.04575749056067514 4.85748307438165e-05
llc 0.0010615711252653928 0.04575749056067514 4.85748307438165e-05
close 0.004246284501061571 0.04575749056067514 0.000194299322975266
