ralph 0.029891304347826088 1.1549019599857433 0.03452152597783472
abernathy 0.035326086956521736 1.3010299956639813 0.0459602987598689
quote 0.002717391304347826 0.3872161432802645 0.0010522177806528926
death 0.006793478260869565 0.2365720064370627 0.0016071467828604803
fact 0.005434782608695652 0.14116214857141457 0.0007671855900620357
biography 0.01358695652173913 0.04575749056067514 0.0006217050347917818
skip 0.001358695652173913 0.04575749056067514 6.217050347917819e-05
main 0.001358695652173913 0.04575749056067514 6.217050347917819e-05
content 0.001358695652173913 0.04575749056067514 6.217050347917819e-05
people 0.006793478260869565 0.04575749056067514 0.0003108525173958909
nostalgia 0.004076086956521739 0.04575749056067514 0.00018651151043753454
celebrity 0.004076086956521739 0.04575749056067514 0.00018651151043753454
history 0.004076086956521739 0.04575749056067514 0.00018651151043753454
culture 0.004076086956521739 0.04575749056067514 0.00018651151043753454
crime 0.004076086956521739 0.04575749056067514 0.00018651151043753454
scandal 0.004076086956521739 0.04575749056067514 0.00018651151043753454
video 0.004076086956521739 0.04575749056067514 0.00018651151043753454
contact 0.004076086956521739 0.04575749056067514 0.00018651151043753454
u 0.008152173913043478 0.20065945054641832 0.0016358107381501492
advertise 0.002717391304347826 0.04575749056067514 0.00012434100695835637
privacy 0.004076086956521739 0.04575749056067514 0.00018651151043753454
notice 0.002717391304347826 0.04575749056067514 0.00012434100695835637
term 0.004076086956521739 0.04575749056067514 0.00018651151043753454
use 0.002717391304347826 0.04575749056067514 0.00012434100695835637
copyright 0.002717391304347826 0.04575749056067514 0.00012434100695835637
policy 0.002717391304347826 0.04575749056067514 0.00012434100695835637
ad 0.002717391304347826 0.04575749056067514 0.00012434100695835637
choice 0.002717391304347826 0.04575749056067514 0.00012434100695835637
accessibility 0.002717391304347826 0.04575749056067514 0.00012434100695835637
support 0.002717391304347826 0.04575749056067514 0.00012434100695835637
setting 0.001358695652173913 0.04575749056067514 6.217050347917819e-05
february 0.001358695652173913 0.04575749056067514 6.217050347917819e-05
subscribe 0.002717391304347826 0.04575749056067514 0.00012434100695835637
newsletter 0.004076086956521739 0.04575749056067514 0.00018651151043753454
photo 0.001358695652173913 0.12493873660829993 0.00016975371821779882
bettmann 0.001358695652173913 1.6989700043360187 0.002308383158065243
getty 0.001358695652173913 0.2291479883578558 0.0003113423754862171
image 0.001358695652173913 0.2218487496163564 0.00030142493154396247
quick 0.001358695652173913 0.07058107428570728 9.589819875775446e-05
name 0.004076086956521739 0.05551732784983141 0.0002262934559096389
birth 0.002717391304347826 0.07058107428570728 0.00019179639751550892
date 0.006793478260869565 0.07058107428570728 0.0004794909937887723
march 0.005434782608695652 1.7986028756795487 0.0097750156286932
april 0.005434782608695652 0.1549019599857432 0.0008418584781833869
education 0.002717391304347826 0.19382002601611284 0.0005266848533046544
atlanta 0.006793478260869565 0.8239087409443188 0.005597206120545643
university 0.004076086956521739 0.2596373105057561 0.0010583042547788971
alabama 0.006793478260869565 0.7447274948966939 0.005059290046852539
state 0.005434782608695652 0.4930892744484819 0.0026798330133069666
place 0.002717391304347826 0.07572071393811834 0.00020576280961445202
linden 0.002717391304347826 2.0 0.005434782608695652
georgia 0.002717391304347826 0.721246399047171 0.001959908693062965
full 0.001358695652173913 0.3010299956639812 0.00040900814628258314
david 0.002717391304347826 0.7695510786217261 0.002091171409298169
sr 0.001358695652173913 1.0969100130080565 0.0014903668655000767
early 0.002717391304347826 0.07572071393811834 0.00020576280961445202
year 0.006793478260869565 0.24995468798823245 0.001698061739050492
close 0.010869565217391304 0.04575749056067514 0.0004973640278334255
ally 0.002717391304347826 0.958607314841775 0.002604911181635258
martin 0.012228260869565218 0.5686362358410126 0.006953432231751514
luther 0.012228260869565218 0.638272163982407 0.007804958526958782
king 0.025815217391304348 0.4685210829577449 0.012094973608963524
jr 0.012228260869565218 0.32790214206428253 0.004009672932851281
legacy 0.002717391304347826 0.6989700043360189 0.00189937501178266
cite 0.001358695652173913 0.07058107428570728 9.589819875775446e-05
page 0.001358695652173913 0.07058107428570728 9.589819875775446e-05
quiet 0.001358695652173913 0.958607314841775 0.001302455590817629
peace 0.002717391304347826 0.7695510786217261 0.002091171409298169
land 0.001358695652173913 0.853871964321762 0.0011601521254371767
justice 0.001358695652173913 0.5376020021010439 0.0007304375028546792
equality 0.001358695652173913 0.8239087409443188 0.0011194412241091287
cover 0.002717391304347826 2.3979400086720375 0.006516141327913145
united 0.001358695652173913 0.18708664335714445 0.00025419380890916366
america 0.001358695652173913 0.37675070960209955 0.0005118895510898092
water 0.001358695652173913 1.045757490560675 0.0014208661556530911
sea 0.001358695652173913 2.0 0.002717391304347826
know 0.002717391304347826 0.4559319556497244 0.0012389455316568598
future 0.002717391304347826 0.721246399047171 0.001959908693062965
may 0.002717391304347826 0.3098039199714864 0.0008418584781833869
hold 0.002717391304347826 2.0 0.005434782608695652
going 0.001358695652173913 0.6020599913279624 0.0008180162925651663
say 0.001358695652173913 0.721246399047171 0.0009799543465314824
saint 0.001358695652173913 2.0 0.002717391304347826
perfect 0.002717391304347826 1.5228787452803376 0.004138257460000917
man 0.004076086956521739 0.37675070960209955 0.0015356686532694275
none 0.001358695652173913 1.5228787452803376 0.0020691287300004585
father 0.001358695652173913 0.14874165128092467 0.0002020946348925607
heaven 0.001358695652173913 1.5228787452803376 0.0020691287300004585
publish 0.001358695652173913 0.07058107428570728 9.589819875775446e-05
jun 0.001358695652173913 1.045757490560675 0.0014208661556530911
comment 0.002717391304347826 0.07058107428570728 0.00019179639751550892
baptist 0.006793478260869565 0.8860566476931633 0.006019406574002468
minister 0.009510869565217392 0.5376020021010439 0.005113062519982755
co 0.002717391304347826 0.4202164033831899 0.0011418924004977986
founded 0.004076086956521739 0.619788758288394 0.0025263128734581276
southern 0.004076086956521739 0.6575773191777938 0.002680342333605138
christian 0.004076086956521739 0.9208187539523752 0.003753337312305877
leadership 0.004076086956521739 0.638272163982407 0.0026016528423195937
conference 0.004076086956521739 0.7958800173440752 0.0032440761576524803
adviser 0.002717391304347826 0.7447274948966939 0.0020237160187410157
organized 0.002717391304347826 0.7958800173440752 0.002162717438434987
historic 0.001358695652173913 0.6989700043360189 0.00094968750589133
montgomery 0.005434782608695652 1.045757490560675 0.0056834646226123645
bus 0.006793478260869565 1.1549019599857433 0.0078458013585988
boycott 0.005434782608695652 2.920818753952375 0.01587401496713247
major 0.001358695652173913 0.4202164033831899 0.0005709462002488993
civil 0.010869565217391304 0.3467874862246563 0.0037694291980940905
right 0.012228260869565216 0.39848321634998984 0.004872756721671071
figure 0.001358695652173913 0.6777807052660807 0.0009208976973723922
serving 0.001358695652173913 0.48148606012211254 0.0006541930164702615
later 0.004076086956521739 0.09151498112135023 0.00037302302087506887
assuming 0.001358695652173913 2.0 0.002717391304347826
sclc 0.005434782608695652 1.0969100130080565 0.005961467462000307
presidency 0.002717391304347826 0.4685210829577449 0.0012731551167330024
born 0.002717391304347826 0.09151498112135023 0.0002486820139167126
th 0.004076086956521739 0.2076083105017461 0.0008462295265016825
offspring 0.001358695652173913 1.6989700043360187 0.002308383158065243
louivery 0.001358695652173913 2.0 0.002717391304347826
william 0.001358695652173913 0.8239087409443188 0.0011194412241091287
farmer 0.001358695652173913 1.045757490560675 0.0014208661556530911
deacon 0.001358695652173913 1.6989700043360187 0.002308383158065243
upon 0.001358695652173913 0.721246399047171 0.0009799543465314824
graduating 0.001358695652173913 0.5528419686577808 0.0007511439791545935
high 0.001358695652173913 0.27572413039921095 0.00037462517717284097
school 0.001358695652173913 0.14874165128092467 0.0002020946348925607
drafted 0.001358695652173913 1.3010299956639813 0.0017677037984564963
army 0.001358695652173913 0.7695510786217261 0.0010455857046490844
world 0.005434782608695652 0.04575749056067514 0.00024868201391671274
war 0.002717391304347826 0.35654732351381263 0.0009688785965049256
ii 0.002717391304347826 0.48148606012211254 0.001308386032940523
subsequently 0.001358695652173913 0.7695510786217261 0.0010455857046490844
leaving 0.001358695652173913 0.5686362358410126 0.0007726035813057237
family 0.001358695652173913 0.11918640771920867 0.00016193805396631612
acre 0.001358695652173913 2.0 0.002717391304347826
farm 0.001358695652173913 1.0969100130080565 0.0014903668655000767
following 0.002717391304347826 0.2518119729937996 0.0006842716657440206
military 0.001358695652173913 0.5528419686577808 0.0007511439791545935
service 0.001358695652173913 0.5086383061657272 0.0006910846551164772
became 0.006793478260869565 0.07572071393811834 0.00051440702403613
ordained 0.001358695652173913 1.5228787452803376 0.0020691287300004585
pursuing 0.001358695652173913 1.0969100130080565 0.0014903668655000767
earned 0.001358695652173913 0.40893539297350084 0.0005556187404531261
mathematics 0.001358695652173913 1.6989700043360187 0.002308383158065243
degree 0.002717391304347826 0.5228787452803376 0.0014208661556530913
college 0.001358695652173913 0.40893539297350084 0.0005556187404531261
received 0.001358695652173913 0.28399665636520083 0.0003858650222353272
master 0.001358695652173913 0.853871964321762 0.0011601521254371767
sociology 0.001358695652173913 1.3979400086720377 0.00189937501178266
pastor 0.001358695652173913 1.2218487496163564 0.0016601205837178754
first 0.001358695652173913 0.0655015487564323 8.899666950602214e-05
church 0.005434782608695652 0.619788758288394 0.0033684171646108365
dean 0.001358695652173913 0.958607314841775 0.001302455590817629
student 0.001358695652173913 0.853871964321762 0.0011601521254371767
also 0.004076086956521739 0.0861861476162833 0.00035130223213158956
married 0.001358695652173913 0.24412514432750856 0.0003316917721841149
juanita 0.001358695652173913 1.6989700043360187 0.002308383158065243
odessa 0.001358695652173913 2.0 0.002717391304347826
jones 0.001358695652173913 1.0 0.001358695652173913
two 0.004076086956521739 0.11918640771920867 0.0004858141618989484
would 0.002717391304347826 0.2291479883578558 0.0006226847509724342
four 0.002717391304347826 0.28399665636520083 0.0007717300444706544
child 0.001358695652173913 0.2076083105017461 0.00028207650883389416
together 0.001358695652173913 0.431798275933005 0.0005866824401263655
nearby 0.001358695652173913 1.0969100130080565 0.0014903668655000767
mentored 0.001358695652173913 1.6989700043360187 0.002308383158065243
formed 0.001358695652173913 0.721246399047171 0.0009799543465314824
incredible 0.001358695652173913 1.2218487496163564 0.0016601205837178754
bond 0.001358695652173913 1.0969100130080565 0.0014903668655000767
become 0.001358695652173913 0.3372421683184259 0.0004582094678239482
leader 0.005434782608695652 0.8582367697242121 0.004664330270240284
movement 0.004076086956521739 0.48148606012211254 0.001962579049410785
pair 0.001358695652173913 0.7958800173440752 0.0010813587192174934
improvement 0.001358695652173913 1.3010299956639813 0.0017677037984564963
association 0.001358695652173913 0.8239087409443188 0.0011194412241091287
yearlong 0.001358695652173913 2.0 0.002717391304347826
action 0.001358695652173913 0.6777807052660807 0.0009208976973723922
triggered 0.001358695652173913 2.0 0.002717391304347826
arrest 0.001358695652173913 0.8860566476931633 0.0012038813148004936
rosa 0.002717391304347826 1.3010299956639813 0.0035354075969129925
park 0.002717391304347826 1.1549019599857433 0.00313832054343952
refused 0.001358695652173913 0.7447274948966939 0.0010118580093705079
give 0.001358695652173913 0.721246399047171 0.0009799543465314824
seat 0.002717391304347826 0.619788758288394 0.0016842085823054183
white 0.002717391304347826 0.3872161432802645 0.0010522177806528926
caught 0.001358695652173913 1.1549019599857433 0.00156916027171976
country 0.001358695652173913 0.27572413039921095 0.00037462517717284097
attention 0.001358695652173913 0.6777807052660807 0.0009208976973723922
brought 0.001358695652173913 0.619788758288394 0.0008421042911527091
violence 0.001358695652173913 0.8239087409443188 0.0011194412241091287
home 0.001358695652173913 0.31875876262441283 0.0004330961448701261
damaged 0.001358695652173913 1.5228787452803376 0.0020691287300004585
bomb 0.001358695652173913 1.3010299956639813 0.0017677037984564963
blast 0.001358695652173913 2.0 0.002717391304347826
read 0.001358695652173913 0.0655015487564323 8.899666950602214e-05
next 0.001358695652173913 0.07058107428570728 9.589819875775446e-05
bella 0.001358695652173913 0.0655015487564323 8.899666950602214e-05
hadid 0.001358695652173913 0.0655015487564323 8.899666950602214e-05
sadie 0.001358695652173913 0.06048074738138145 8.217492850731174e-05
alexander 0.001358695652173913 0.05551732784983141 7.543115196987964e-05
adrienne 0.001358695652173913 0.0655015487564323 8.899666950602214e-05
kennedy 0.001358695652173913 0.06048074738138145 8.217492850731174e-05
danger 0.001358695652173913 1.3979400086720377 0.00189937501178266
deter 0.001358695652173913 2.0 0.002717391304347826
helped 0.002717391304347826 0.3372421683184259 0.0009164189356478964
found 0.001358695652173913 0.3372421683184259 0.0004582094678239482
prominent 0.001358695652173913 0.7447274948966939 0.0010118580093705079
organization 0.001358695652173913 0.7958800173440752 0.0010813587192174934
south 0.002717391304347826 0.40893539297350084 0.0011112374809062523
president 0.006793478260869565 0.16749108729376372 0.0011378470604195905
eventually 0.001358695652173913 0.3979400086720376 0.0005406793596087467
vice 0.001358695652173913 0.5376020021010439 0.0007304375028546792
hosted 0.001358695652173913 1.2218487496163564 0.0016601205837178754
rally 0.001358695652173913 1.1549019599857433 0.00156916027171976
freedom 0.001358695652173913 0.619788758288394 0.0008421042911527091
rider 0.001358695652173913 1.3979400086720377 0.00189937501178266
black 0.001358695652173913 0.3872161432802645 0.0005261088903264463
activist 0.004076086956521739 1.494850021680094 0.00609313867532647
traveled 0.001358695652173913 0.8860566476931633 0.0012038813148004936
protest 0.002717391304347826 1.5686362358410126 0.004262598466959274
segregation 0.001358695652173913 0.9208187539523752 0.0012511124374352924
took 0.001358695652173913 0.28399665636520083 0.0003858650222353272
effort 0.002717391304347826 0.5376020021010439 0.0014608750057093585
followed 0.001358695652173913 0.5528419686577808 0.0007511439791545935
working 0.002717391304347826 0.35654732351381263 0.0009688785965049256
west 0.001358695652173913 0.7695510786217261 0.0010455857046490844
hunter 0.001358695652173913 1.1549019599857433 0.00156916027171976
street 0.001358695652173913 0.8239087409443188 0.0011194412241091287
continued 0.001358695652173913 0.3372421683184259 0.0004582094678239482
organize 0.001358695652173913 1.1549019599857433 0.00156916027171976
sit 0.001358695652173913 0.958607314841775 0.001302455590817629
in 0.001358695652173913 1.5228787452803376 0.0020691287300004585
arrested 0.001358695652173913 0.8239087409443188 0.0011194412241091287
time 0.002717391304347826 0.37675070960209955 0.0010237791021796183
always 0.002717391304347826 0.638272163982407 0.0017344352282130625
side 0.001358695652173913 0.585026652029182 0.0007948731685179103
including 0.001358695652173913 0.2365720064370627 0.00032142935657209604
assassinated 0.001358695652173913 1.0969100130080565 0.0014903668655000767
worked 0.002717391304347826 0.3098039199714864 0.0008418584781833869
keep 0.001358695652173913 0.6575773191777938 0.0008934474445350459
spirit 0.001358695652173913 1.0969100130080565 0.0014903668655000767
alive 0.001358695652173913 1.0 0.001358695652173913
spearheaded 0.001358695652173913 1.5228787452803376 0.0020691287300004585
poor 0.001358695652173913 0.7958800173440752 0.0010813587192174934
campaign 0.001358695652173913 0.3872161432802645 0.0005261088903264463
included 0.001358695652173913 0.48148606012211254 0.0006541930164702615
washington 0.001358695652173913 0.3979400086720376 0.0005406793596087467
led 0.004076086956521739 0.37675070960209955 0.0015356686532694275
creation 0.001358695652173913 0.853871964321762 0.0011601521254371767
federal 0.001358695652173913 0.6020599913279624 0.0008180162925651663
food 0.001358695652173913 1.2218487496163564 0.0016601205837178754
stamp 0.001358695652173913 1.6989700043360187 0.002308383158065243
program 0.001358695652173913 0.5528419686577808 0.0007511439791545935
relinquished 0.001358695652173913 2.0 0.002717391304347826
role 0.001358695652173913 0.3665315444204135 0.0004980048157886053
ran 0.001358695652173913 0.48148606012211254 0.0006541930164702615
house 0.001358695652173913 0.32790214206428253 0.00044551921476125345
representative 0.001358695652173913 0.6575773191777938 0.0008934474445350459
failing 0.001358695652173913 1.3979400086720377 0.00189937501178266
elected 0.002717391304347826 0.3665315444204135 0.0009960096315772106
focused 0.001358695652173913 0.6989700043360189 0.00094968750589133
work 0.001358695652173913 0.2218487496163564 0.00030142493154396247
speaker 0.001358695652173913 0.7447274948966939 0.0010118580093705079
autobiography 0.001358695652173913 1.0 0.001358695652173913
wall 0.001358695652173913 1.3979400086720377 0.00189937501178266
came 0.001358695652173913 0.3010299956639812 0.00040900814628258314
tumbling 0.001358695652173913 2.0 0.002717391304347826
published 0.002717391304347826 0.07058107428570728 0.00019179639751550892
died 0.001358695652173913 0.31875876262441283 0.0004330961448701261
remembered 0.001358695652173913 1.0 0.001358695652173913
closest 0.001358695652173913 1.3010299956639813 0.0017677037984564963
confidante 0.001358695652173913 1.6989700043360187 0.002308383158065243
second 0.001358695652173913 0.19382002601611284 0.0002633424266523272
command 0.001358695652173913 1.3979400086720377 0.00189937501178266
said 0.001358695652173913 0.2518119729937996 0.0003421358328720103
last 0.002717391304347826 0.0655015487564323 0.00017799333901204428
speech 0.001358695652173913 0.7447274948966939 0.0010118580093705079
best 0.005434782608695652 0.13667713987954408 0.0007428105428236091
friend 0.001358695652173913 0.638272163982407 0.0008672176141065312
check 0.001358695652173913 0.07058107428570728 9.589819875775446e-05
strive 0.001358695652173913 0.07058107428570728 9.589819875775446e-05
accuracy 0.001358695652173913 0.07058107428570728 9.589819875775446e-05
fairness 0.001358695652173913 0.07058107428570728 9.589819875775446e-05
see 0.002717391304347826 0.04575749056067514 0.00012434100695835637
something 0.001358695652173913 0.07058107428570728 9.589819875775446e-05
look 0.001358695652173913 0.07058107428570728 9.589819875775446e-05
citation 0.001358695652173913 0.07058107428570728 9.589819875775446e-05
information 0.001358695652173913 0.07058107428570728 9.589819875775446e-05
article 0.001358695652173913 0.07058107428570728 9.589819875775446e-05
title 0.001358695652173913 0.07058107428570728 9.589819875775446e-05
author 0.001358695652173913 0.06048074738138145 8.217492850731174e-05
com 0.002717391304347826 0.06048074738138145 0.0001643498570146235
editor 0.001358695652173913 0.1023729087095586 0.00013909362596407419
website 0.002717391304347826 0.0655015487564323 0.00017799333901204428
url 0.001358695652173913 0.07058107428570728 9.589819875775446e-05
access 0.001358695652173913 0.07058107428570728 9.589819875775446e-05
publisher 0.001358695652173913 0.07058107428570728 9.589819875775446e-05
e 0.005434782608695652 0.04575749056067514 0.00024868201391671274
television 0.002717391304347826 0.04575749056067514 0.00012434100695835637
network 0.002717391304347826 0.04575749056067514 0.00012434100695835637
updated 0.001358695652173913 0.07058107428570728 9.589819875775446e-05
original 0.001358695652173913 0.0655015487564323 8.899666950602214e-05
receive 0.001358695652173913 0.05551732784983141 7.543115196987964e-05
story 0.004076086956521739 0.05551732784983141 0.0002262934559096389
shaped 0.002717391304347826 0.05551732784983141 0.00015086230393975927
life 0.001358695652173913 0.05060999335508724 6.876357792810767e-05
sign 0.001358695652173913 0.05551732784983141 7.543115196987964e-05
person 0.012228260869565218 0.05060999335508724 0.000618872201352969
nixon 0.002717391304347826 0.8860566476931633 0.002407762629600987
pullman 0.001358695652173913 1.5228787452803376 0.0020691287300004585
porter 0.001358695652173913 1.5228787452803376 0.0020691287300004585
dr 0.001358695652173913 0.7958800173440752 0.0010813587192174934
initiate 0.001358695652173913 1.5228787452803376 0.0020691287300004585
bunche 0.002717391304347826 2.0 0.005434782608695652
nobel 0.001358695652173913 1.0969100130080565 0.0014903668655000767
prize 0.001358695652173913 0.853871964321762 0.0011601521254371767
winning 0.002717391304347826 0.4202164033831899 0.0011418924004977986
academic 0.001358695652173913 1.3010299956639813 0.0017677037984564963
n 0.001358695652173913 0.7695510786217261 0.0010455857046490844
diplomat 0.001358695652173913 1.2218487496163564 0.0016601205837178754
known 0.005434782608695652 0.06048074738138145 0.000328699714029247
peacekeeping 0.001358695652173913 2.0 0.002717391304347826
middle 0.001358695652173913 0.585026652029182 0.0007948731685179103
east 0.001358695652173913 0.8860566476931633 0.0012038813148004936
africa 0.001358695652173913 0.7447274948966939 0.0010118580093705079
mediterranean 0.001358695652173913 2.0 0.002717391304347826
fred 0.002717391304347826 1.0 0.002717391304347826
shuttlesworth 0.002717391304347826 1.1549019599857433 0.00313832054343952
one 0.002717391304347826 0.08092190762392613 0.00021989648810849492
top 0.001358695652173913 0.48148606012211254 0.0006541930164702615
nader 0.002717391304347826 2.0 0.005434782608695652
attorney 0.001358695652173913 0.494850021680094 0.0006723505729349103
politician 0.001358695652173913 0.6575773191777938 0.0008934474445350459
auto 0.001358695652173913 1.5228787452803376 0.0020691287300004585
safety 0.001358695652173913 1.0969100130080565 0.0014903668655000767
reformer 0.001358695652173913 1.6989700043360187 0.002308383158065243
consumer 0.001358695652173913 2.0 0.002717391304347826
advocate 0.001358695652173913 0.9208187539523752 0.0012511124374352924
run 0.001358695652173913 0.4559319556497244 0.0006194727658284299
several 0.001358695652173913 0.32790214206428253 0.00044551921476125345
candidate 0.001358695652173913 0.585026652029182 0.0007948731685179103
green 0.001358695652173913 0.6989700043360189 0.00094968750589133
party 0.001358695652173913 0.3979400086720376 0.0005406793596087467
scholar 0.002717391304347826 1.0 0.002717391304347826
assassination 0.001358695652173913 0.7447274948966939 0.0010118580093705079
memorialized 0.001358695652173913 1.0969100130080565 0.0014903668655000767
day 0.001358695652173913 0.2924298239020636 0.0003973231303017169
waldo 0.002717391304347826 2.0 0.005434782608695652
emerson 0.002717391304347826 2.0 0.005434782608695652
american 0.004076086956521739 0.1023729087095586 0.0004172808778922226
transcendentalist 0.001358695652173913 2.0 0.002717391304347826
poet 0.001358695652173913 1.2218487496163564 0.0016601205837178754
philosopher 0.001358695652173913 1.6989700043360187 0.002308383158065243
essayist 0.001358695652173913 1.5228787452803376 0.0020691287300004585
century 0.002717391304347826 0.494850021680094 0.0013447011458698206
essay 0.001358695652173913 2.0 0.002717391304347826
self 0.001358695652173913 0.6989700043360189 0.00094968750589133
reliance 0.001358695652173913 1.6989700043360187 0.002308383158065243
ellison 0.002717391304347826 2.0 0.005434782608695652
african 0.001358695652173913 0.28399665636520083 0.0003858650222353272
writer 0.001358695652173913 0.6989700043360189 0.00094968750589133
renowned 0.001358695652173913 1.1549019599857433 0.00156916027171976
award 0.001358695652173913 0.494850021680094 0.0006723505729349103
novel 0.001358695652173913 1.0969100130080565 0.0014903668655000767
invisible 0.001358695652173913 2.0 0.002717391304347826
franklin 0.002717391304347826 0.8239087409443188 0.0022388824482182574
roosevelt 0.002717391304347826 1.0 0.002717391304347826
new 0.001358695652173913 0.14266750356873154 0.00019384171680534174
deal 0.001358695652173913 0.5528419686577808 0.0007511439791545935
nation 0.001358695652173913 0.35654732351381263 0.0004844392982524628
great 0.001358695652173913 0.5228787452803376 0.0007104330778265457
depression 0.001358695652173913 1.0969100130080565 0.0014903668655000767
ensure 0.001358695652173913 1.045757490560675 0.0014208661556530911
victory 0.001358695652173913 0.5686362358410126 0.0007726035813057237
lauren 0.004076086956521739 1.5228787452803376 0.006207386190001376
clothing 0.001358695652173913 1.5228787452803376 0.0020691287300004585
designer 0.001358695652173913 1.1549019599857433 0.00156916027171976
sportswear 0.001358695652173913 2.0 0.002717391304347826
line 0.001358695652173913 0.853871964321762 0.0011601521254371767
polo 0.001358695652173913 2.0 0.002717391304347826
centerpiece 0.001358695652173913 2.0 0.002717391304347826
fashion 0.001358695652173913 0.9208187539523752 0.0012511124374352924
empire 0.001358695652173913 1.045757490560675 0.0014208661556530911
loading 0.001358695652173913 0.04575749056067514 6.217050347917819e-05
logo 0.001358695652173913 0.04575749056067514 6.217050347917819e-05
registered 0.001358695652173913 0.04575749056067514 6.217050347917819e-05
trademark 0.001358695652173913 0.04575749056067514 6.217050347917819e-05
llc 0.001358695652173913 0.04575749056067514 6.217050347917819e-05
