phyllis 0.008882309400444115 2.0 0.01776461880088823
schlafly 0.03997039230199852 2.0 0.07994078460399703
quote 0.0014803849000740192 0.3872161432802645 0.0005732289315770015
era 0.018504811250925242 0.8239087409443188 0.01524627573916208
fact 0.0029607698001480384 0.14116214857141457 0.0004179486264142548
biography 0.006661732050333087 0.04575749056067514 0.0003048241414108633
skip 0.0007401924500370096 0.04575749056067514 3.3869349045651476e-05
main 0.0007401924500370096 0.04575749056067514 3.3869349045651476e-05
content 0.0007401924500370096 0.04575749056067514 3.3869349045651476e-05
people 0.003700962250185048 0.04575749056067514 0.00016934674522825737
nostalgia 0.0022205773501110288 0.04575749056067514 0.00010160804713695442
celebrity 0.0022205773501110288 0.04575749056067514 0.00010160804713695442
history 0.0029607698001480384 0.04575749056067514 0.0001354773961826059
culture 0.0022205773501110288 0.04575749056067514 0.00010160804713695442
crime 0.0022205773501110288 0.04575749056067514 0.00010160804713695442
scandal 0.0022205773501110288 0.04575749056067514 0.00010160804713695442
video 0.0022205773501110288 0.04575749056067514 0.00010160804713695442
contact 0.0022205773501110288 0.04575749056067514 0.00010160804713695442
u 0.0044411547002220575 0.20065945054641832 0.0008911596619382012
advertise 0.0014803849000740192 0.04575749056067514 6.773869809130295e-05
privacy 0.0022205773501110288 0.04575749056067514 0.00010160804713695442
notice 0.0014803849000740192 0.04575749056067514 6.773869809130295e-05
term 0.0014803849000740192 0.04575749056067514 6.773869809130295e-05
use 0.0014803849000740192 0.04575749056067514 6.773869809130295e-05
copyright 0.0014803849000740192 0.04575749056067514 6.773869809130295e-05
policy 0.0014803849000740192 0.04575749056067514 6.773869809130295e-05
ad 0.0014803849000740192 0.04575749056067514 6.773869809130295e-05
choice 0.003700962250185048 0.9318141382538384 0.003448608949866167
accessibility 0.0014803849000740192 0.04575749056067514 6.773869809130295e-05
support 0.0044411547002220575 0.04575749056067514 0.00020321609427390884
setting 0.0007401924500370096 0.04575749056067514 3.3869349045651476e-05
february 0.0007401924500370096 0.04575749056067514 3.3869349045651476e-05
subscribe 0.0014803849000740192 0.04575749056067514 6.773869809130295e-05
newsletter 0.003700962250185048 0.04575749056067514 0.00016934674522825737
photo 0.0014803849000740192 0.12493873660829993 0.0001849574191092523
joan 0.0007401924500370096 1.5228787452803376 0.0011272233495783401
roth 0.0007401924500370096 2.0 0.0014803849000740192
hulton 0.0007401924500370096 1.3979400086720377 0.0010347446400237141
archive 0.0014803849000740192 1.0969100130080565 0.0016238490199971228
getty 0.0014803849000740192 0.2291479883578558 0.00033922722184730685
image 0.0014803849000740192 0.2218487496163564 0.0003284215390323559
quick 0.0007401924500370096 0.07058107428570728 5.224357830178185e-05
name 0.0029607698001480384 0.05551732784983141 0.00016437402768269848
birth 0.0022205773501110288 0.07058107428570728 0.00015673073490534556
date 0.003700962250185048 0.07058107428570728 0.00026121789150890923
august 0.0014803849000740192 0.494850021680094 0.0007325684998965122
death 0.0029607698001480384 0.2365720064370627 0.0007004352522192826
september 0.0014803849000740192 0.5086383061657272 0.0007529804680469685
place 0.0014803849000740192 0.07572071393811834 0.00011209580153681471
st 0.003700962250185048 0.721246399047171 0.002669305695955481
louis 0.003700962250185048 1.0969100130080565 0.004059622549992807
missouri 0.0029607698001480384 1.3979400086720377 0.0041389785600948565
ladue 0.0014803849000740192 2.0 0.0029607698001480384
mcalpin 0.0014803849000740192 2.0 0.0029607698001480384
stewart 0.0029607698001480384 1.5228787452803376 0.0045088933983133605
cite 0.0007401924500370096 0.07058107428570728 5.224357830178185e-05
page 0.0007401924500370096 0.07058107428570728 5.224357830178185e-05
defending 0.0007401924500370096 1.3979400086720377 0.0010347446400237141
real 0.0007401924500370096 0.6989700043360189 0.0005173723200118571
right 0.010362694300518133 0.39848321634998984 0.004129359754922174
woman 0.014803849000740192 0.7958800173440752 0.011782087599468175
home 0.005921539600296077 0.31875876262441283 0.0018875426358218375
wife 0.0029607698001480384 0.3098039199714864 0.0009172580902190566
mother 0.0044411547002220575 1.6126101736612708 0.007161851252381661
husband 0.0051813471502590676 0.7447274948966939 0.003858691683402559
let 0.0007401924500370096 2.0 0.0014803849000740192
want 0.0022205773501110288 1.8860566476931633 0.004188134672893775
canceled 0.0007401924500370096 1.3979400086720377 0.0010347446400237141
speech 0.0007401924500370096 1.045757490560675 0.000774061799082661
whenever 0.0007401924500370096 1.6989700043360187 0.0012575647700488665
thought 0.0022205773501110288 0.7958800173440752 0.0017673131399202262
away 0.0029607698001480384 0.5376020021010439 0.001591715772319893
much 0.0007401924500370096 0.37675070960209955 0.00027886803079355996
simply 0.0007401924500370096 1.045757490560675 0.000774061799082661
believe 0.0007401924500370096 0.853871964321762 0.0006320295812892391
needed 0.0014803849000740192 0.8860566476931633 0.0013117048818551639
constitutional 0.0014803849000740192 1.045757490560675 0.001548123598165322
amendment 0.008142116950407105 1.1549019599857433 0.009403346824458309
protect 0.0007401924500370096 0.721246399047171 0.0005338611391910962
find 0.0014803849000740192 0.7958800173440752 0.0011782087599468175
greatest 0.0007401924500370096 0.6777807052660807 0.0005016881608187125
fulfillment 0.0007401924500370096 2.0 0.0014803849000740192
family 0.0044411547002220575 0.11918640771920867 0.0005293252748447461
man 0.0007401924500370096 0.37675070960209955 0.00027886803079355996
security 0.0007401924500370096 0.853871964321762 0.0006320295812892391
knowing 0.0014803849000740192 1.3010299956639813 0.0019260251601243244
compete 0.0007401924500370096 1.6989700043360187 0.0012575647700488665
sex 0.0051813471502590676 0.7958800173440752 0.0041237306598138615
education 0.0029607698001480384 0.19382002601611284 0.000573856479692414
class 0.0007401924500370096 1.1549019599857433 0.0008548497113143917
like 0.0014803849000740192 0.2365720064370627 0.0003502176261096413
sale 0.0007401924500370096 1.0969100130080565 0.0008119245099985614
party 0.0029607698001480384 1.4436974992327127 0.004274455956277462
abortion 0.0044411547002220575 2.619788758288394 0.011634887157461409
sexual 0.0007401924500370096 0.7958800173440752 0.0005891043799734088
harassment 0.0007401924500370096 1.0969100130080565 0.0008119245099985614
job 0.0014803849000740192 0.5686362358410126 0.0008418004971739639
problem 0.0007401924500370096 0.958607314841775 0.0007095538969961325
virtuous 0.0007401924500370096 2.0 0.0014803849000740192
getting 0.0007401924500370096 0.7695510786217261 0.0005696158983136388
married 0.0007401924500370096 0.24412514432750856 0.00018069958869541713
consented 0.0007401924500370096 2.0 0.0014803849000740192
think 0.0014803849000740192 0.585026652029182 0.0008660646218048586
call 0.0007401924500370096 0.6989700043360189 0.0005173723200118571
rape 0.0007401924500370096 1.3979400086720377 0.0010347446400237141
atomic 0.0014803849000740192 1.3979400086720377 0.0020694892800474283
bomb 0.0014803849000740192 1.3010299956639813 0.0019260251601243244
marvelous 0.0014803849000740192 1.6989700043360187 0.002515129540097733
gift 0.0014803849000740192 1.1549019599857433 0.0017096994226287834
given 0.0014803849000740192 0.6777807052660807 0.001003376321637425
country 0.0022205773501110288 0.27572413039921095 0.0006122667588435477
wise 0.0014803849000740192 1.5228787452803376 0.0022544466991566803
god 0.0014803849000740192 0.9208187539523752 0.0013631661790560697
publish 0.0007401924500370096 0.07058107428570728 5.224357830178185e-05
apr 0.0007401924500370096 0.5528419686577808 0.00040920945126408643
comment 0.0014803849000740192 0.07058107428570728 0.0001044871566035637
kept 0.0007401924500370096 0.8860566476931633 0.0006558524409275819
equal 0.0029607698001480384 1.0969100130080565 0.0032476980399942456
ratified 0.0022205773501110288 1.3979400086720377 0.003104233920071142
bolstered 0.0007401924500370096 2.0 0.0014803849000740192
power 0.0014803849000740192 0.5376020021010439 0.0007958578861599465
conservative 0.010362694300518135 2.2218487496163566 0.023024339374262764
movement 0.0022205773501110288 1.8794260687941502 0.004173410959572502
united 0.0022205773501110288 0.18708664335714445 0.0004154403627471749
state 0.006661732050333087 0.4930892744484819 0.0032848286232689396
firebrand 0.0007401924500370096 2.0 0.0014803849000740192
credited 0.0007401924500370096 1.5228787452803376 0.0011272233495783401
swaying 0.0007401924500370096 2.0 0.0014803849000740192
public 0.0014803849000740192 0.2596373105057561 0.00038436315396855083
opinion 0.0007401924500370096 1.045757490560675 0.000774061799082661
preventing 0.0007401924500370096 1.5228787452803376 0.0011272233495783401
added 0.0007401924500370096 0.853871964321762 0.0006320295812892391
constitution 0.0022205773501110288 0.853871964321762 0.0018960887438677172
fight 0.0014803849000740192 0.5376020021010439 0.0007958578861599465
ratify 0.0007401924500370096 1.5228787452803376 0.0011272233495783401
argued 0.0022205773501110288 1.1549019599857433 0.0025645491339431753
would 0.0051813471502590676 0.2291479883578558 0.001187295276465574
undermine 0.0007401924500370096 1.5228787452803376 0.0011272233495783401
stay 0.0007401924500370096 1.2218487496163564 0.0009044032195531875
forcing 0.0007401924500370096 1.2218487496163564 0.0009044032195531875
military 0.0014803849000740192 0.5528419686577808 0.0008184189025281729
service 0.0007401924500370096 0.5086383061657272 0.00037649023402348423
expanding 0.0007401924500370096 1.045757490560675 0.000774061799082661
access 0.0014803849000740192 0.07058107428570728 0.0001044871566035637
leading 0.0014803849000740192 0.5228787452803376 0.0007740617990826611
legalization 0.0007401924500370096 1.3979400086720377 0.0010347446400237141
marriage 0.0022205773501110288 0.5376020021010439 0.0011937868292399199
following 0.0022205773501110288 0.2518119729937996 0.0005591679637168014
defeat 0.0014803849000740192 1.0 0.0014803849000740192
remained 0.0007401924500370096 0.585026652029182 0.0004330323109024293
prominent 0.0007401924500370096 0.7447274948966939 0.0005512416690575083
figure 0.0007401924500370096 0.6777807052660807 0.0005016881608187125
early 0.0007401924500370096 0.07572071393811834 5.6047900768407354e-05
life 0.005181347150259067 0.13679614097137055 0.0007087882951884484
born 0.0007401924500370096 0.09151498112135023 6.773869809130291e-05
odile 0.0014803849000740192 2.0 0.0029607698001480384
dodge 0.0007401924500370096 2.0 0.0014803849000740192
john 0.0014803849000740192 0.37675070960209955 0.0005577360615871199
bruce 0.0007401924500370096 1.0969100130080565 0.0008119245099985614
great 0.0007401924500370096 0.5228787452803376 0.00038703089954133054
depression 0.0007401924500370096 1.0969100130080565 0.0008119245099985614
father 0.0007401924500370096 0.14874165128092467 0.00011009744728417815
lost 0.0007401924500370096 0.6989700043360189 0.0005173723200118571
though 0.0022205773501110288 0.3665315444204135 0.0008139116456411847
occasional 0.0007401924500370096 1.5228787452803376 0.0011272233495783401
work 0.0029607698001480384 0.2218487496163564 0.0006568430780647118
supported 0.0029607698001480384 0.6989700043360189 0.0020694892800474283
consisted 0.0007401924500370096 1.6989700043360187 0.0012575647700488665
younger 0.0007401924500370096 0.585026652029182 0.0004330323109024293
sister 0.0007401924500370096 0.721246399047171 0.0005338611391910962
worked 0.0029607698001480384 0.3098039199714864 0.0009172580902190566
department 0.0007401924500370096 0.7447274948966939 0.0005512416690575083
store 0.0007401924500370096 1.2218487496163564 0.0009044032195531875
saleswoman 0.0007401924500370096 2.0 0.0014803849000740192
teacher 0.0007401924500370096 0.6989700043360189 0.0005173723200118571
librarian 0.0007401924500370096 1.6989700043360187 0.0012575647700488665
however 0.0014803849000740192 0.32790214206428253 0.00048542137981388974
economic 0.0007401924500370096 0.585026652029182 0.0004330323109024293
struggle 0.0007401924500370096 1.3979400086720377 0.0010347446400237141
alter 0.0007401924500370096 1.3010299956639813 0.0009630125800621622
republicanism 0.0007401924500370096 2.0 0.0014803849000740192
make 0.0014803849000740192 0.3872161432802645 0.0005732289315770015
fan 0.0007401924500370096 0.8239087409443188 0.0006098510295664832
new 0.0014803849000740192 0.14266750356873154 0.00021120281801440642
deal 0.0007401924500370096 0.5528419686577808 0.00040920945126408643
attended 0.0014803849000740192 0.5376020021010439 0.0007958578861599465
academy 0.0007401924500370096 0.6020599913279624 0.0004456402600503052
sacred 0.0007401924500370096 1.6989700043360187 0.0012575647700488665
heart 0.0007401924500370096 0.5228787452803376 0.00038703089954133054
high 0.0007401924500370096 0.27572413039921095 0.00020408891961451586
school 0.0014803849000740192 0.14874165128092467 0.0002201948945683563
scholarship 0.0007401924500370096 1.2218487496163564 0.0009044032195531875
maryville 0.0007401924500370096 2.0 0.0014803849000740192
college 0.0022205773501110288 0.40893539297350084 0.0009080726712957087
yet 0.0007401924500370096 0.6777807052660807 0.0005016881608187125
soon 0.0007401924500370096 0.40893539297350084 0.0003026908904319029
opted 0.0007401924500370096 1.3979400086720377 0.0010347446400237141
transfer 0.0007401924500370096 1.3010299956639813 0.0009630125800621622
academically 0.0007401924500370096 1.6989700043360187 0.0012575647700488665
challenging 0.0007401924500370096 1.2218487496163564 0.0009044032195531875
washington 0.0022205773501110288 0.3979400086720376 0.0008836565699601131
university 0.0014803849000740192 0.2596373105057561 0.00038436315396855083
attending 0.0007401924500370096 0.9208187539523752 0.0006815830895280349
world 0.0014803849000740192 0.04575749056067514 6.773869809130295e-05
war 0.0007401924500370096 0.35654732351381263 0.00026391363694582725
ii 0.0007401924500370096 0.48148606012211254 0.00035639234650045336
meant 0.0014803849000740192 0.853871964321762 0.0012640591625784781
could 0.0007401924500370096 0.4202164033831899 0.00031104100916594363
night 0.0007401924500370096 0.638272163982407 0.00047244423684856185
testing 0.0014803849000740192 1.5228787452803376 0.0022544466991566803
ammunition 0.0007401924500370096 1.6989700043360187 0.0012575647700488665
order 0.0014803849000740192 0.494850021680094 0.0007325684998965122
earn 0.0007401924500370096 0.9208187539523752 0.0006815830895280349
tuition 0.0007401924500370096 1.2218487496163564 0.0009044032195531875
money 0.0007401924500370096 0.6575773191777938 0.0004867337669709799
graduation 0.0007401924500370096 1.045757490560675 0.000774061799082661
earned 0.0007401924500370096 0.40893539297350084 0.0003026908904319029
master 0.0007401924500370096 0.853871964321762 0.0006320295812892391
government 0.0014803849000740192 0.494850021680094 0.0007325684998965122
radcliffe 0.0007401924500370096 1.6989700043360187 0.0012575647700488665
working 0.0014803849000740192 0.35654732351381263 0.0005278272738916545
penned 0.0014803849000740192 1.2218487496163564 0.001808806439106375
article 0.0014803849000740192 0.07058107428570728 0.0001044871566035637
bank 0.0007401924500370096 1.0 0.0007401924500370096
attorney 0.0007401924500370096 0.494850021680094 0.0003662842499482561
fred 0.0029607698001480384 1.0 0.0029607698001480384
jr 0.0007401924500370096 0.32790214206428253 0.00024271068990694487
appreciated 0.0007401924500370096 2.0 0.0014803849000740192
piece 0.0007401924500370096 1.3979400086720377 0.0010347446400237141
came 0.0007401924500370096 0.3010299956639812 0.0002228201300251526
meet 0.0007401924500370096 0.9208187539523752 0.0006815830895280349
author 0.003700962250185048 0.06048074738138145 0.00022383696292147093
overcoming 0.0007401924500370096 2.0 0.0014803849000740192
surprise 0.0007401924500370096 1.1549019599857433 0.0008548497113143917
written 0.0007401924500370096 1.0 0.0007401924500370096
quickly 0.0007401924500370096 0.619788758288394 0.00045876295950288224
fell 0.0014803849000740192 0.8860566476931633 0.0013117048818551639
love 0.0007401924500370096 0.5086383061657272 0.00037649023402348423
couple 0.0007401924500370096 0.40893539297350084 0.0003026908904319029
wed 0.0007401924500370096 1.045757490560675 0.000774061799082661
october 0.0007401924500370096 0.37675070960209955 0.00027886803079355996
received 0.0007401924500370096 0.28399665636520083 0.00021021218087727668
law 0.0014803849000740192 0.3665315444204135 0.0005426077637607898
degree 0.0007401924500370096 0.5228787452803376 0.00038703089954133054
initial 0.0007401924500370096 0.8239087409443188 0.0006098510295664832
disapproval 0.0007401924500370096 2.0 0.0014803849000740192
prompted 0.0007401924500370096 1.2218487496163564 0.0009044032195531875
withdraw 0.0007401924500370096 1.3010299956639813 0.0009630125800621622
application 0.0014803849000740192 4.0 0.005921539600296077
gave 0.0014803849000740192 0.6020599913279624 0.0008912805201006104
permission 0.0014803849000740192 1.5228787452803376 0.0022544466991566803
believed 0.0014803849000740192 0.6020599913279624 0.0008912805201006104
help 0.0007401924500370096 0.4559319556497244 0.0003374773913025347
able 0.0014803849000740192 0.7447274948966939 0.0011024833381150167
pursue 0.0007401924500370096 0.8860566476931633 0.0006558524409275819
course 0.0007401924500370096 0.853871964321762 0.0006320295812892391
study 0.0007401924500370096 0.853871964321762 0.0006320295812892391
stop 0.0044411547002220575 1.0 0.0044411547002220575
campaign 0.0044411547002220575 0.3872161432802645 0.0017196867947310043
december 0.0007401924500370096 0.40893539297350084 0.0003026908904319029
friend 0.0007401924500370096 0.638272163982407 0.00047244423684856185
asked 0.0007401924500370096 1.0 0.0007401924500370096
speak 0.0007401924500370096 0.958607314841775 0.0007095538969961325
proposed 0.0007401924500370096 1.0969100130080565 0.0008119245099985614
prohibit 0.0007401924500370096 1.6989700043360187 0.0012575647700488665
discrimination 0.0007401924500370096 0.9208187539523752 0.0006815830895280349
basis 0.0007401924500370096 1.2218487496163564 0.0009044032195531875
point 0.0022205773501110288 1.8416375079047502 0.004089498537168209
focused 0.0007401924500370096 0.6989700043360189 0.0005173723200118571
threat 0.0007401924500370096 1.045757490560675 0.000774061799082661
communism 0.0007401924500370096 2.0 0.0014803849000740192
research 0.0007401924500370096 1.0 0.0007401924500370096
became 0.0044411547002220575 0.07572071393811834 0.00033628740461044416
opponent 0.0014803849000740192 2.113509274827518 0.0031288072166210483
formed 0.0007401924500370096 0.721246399047171 0.0005338611391910962
group 0.0022205773501110288 0.37675070960209955 0.0008366040923806799
acronym 0.0007401924500370096 1.5228787452803376 0.0011272233495783401
taking 0.0007401924500370096 0.6020599913279624 0.0004456402600503052
privilege 0.0007401924500370096 2.0 0.0014803849000740192
halt 0.0007401924500370096 1.2218487496163564 0.0009044032195531875
ratification 0.003700962250185048 4.0 0.014803849000740192
described 0.0007401924500370096 0.6989700043360189 0.0005173723200118571
attack 0.0007401924500370096 0.7958800173440752 0.0005891043799734088
homemaker 0.0007401924500370096 1.3979400086720377 0.0010347446400237141
subject 0.0007401924500370096 1.045757490560675 0.000774061799082661
draft 0.0007401924500370096 1.045757490560675 0.000774061799082661
keep 0.0007401924500370096 0.6575773191777938 0.0004867337669709799
receiving 0.0007401924500370096 0.619788758288394 0.00045876295950288224
alimony 0.0007401924500370096 2.0 0.0014803849000740192
also 0.005921539600296077 0.0861861476162833 0.000510354686106785
result 0.0007401924500370096 0.7695510786217261 0.0005696158983136388
gay 0.0022205773501110288 1.045757490560675 0.002322185397247983
unisex 0.0007401924500370096 2.0 0.0014803849000740192
bathroom 0.0007401924500370096 1.6989700043360187 0.0012575647700488665
paying 0.0007401924500370096 1.1549019599857433 0.0008548497113143917
tap 0.0007401924500370096 1.3979400086720377 0.0010347446400237141
backlash 0.0007401924500370096 1.3010299956639813 0.0009630125800621622
among 0.0007401924500370096 0.35654732351381263 0.00026391363694582725
housewife 0.0007401924500370096 1.6989700043360187 0.0012575647700488665
devalued 0.0007401924500370096 1.6989700043360187 0.0012575647700488665
religious 0.0007401924500370096 0.958607314841775 0.0007095538969961325
wary 0.0007401924500370096 1.6989700043360187 0.0012575647700488665
change 0.0007401924500370096 0.8860566476931633 0.0006558524409275819
traditional 0.0014803849000740192 1.3010299956639813 0.0019260251601243244
structure 0.0007401924500370096 2.0 0.0014803849000740192
many 0.0022205773501110288 0.28399665636520083 0.00063063654263183
motivated 0.0007401924500370096 1.5228787452803376 0.0011272233495783401
opposition 0.0014803849000740192 0.958607314841775 0.001419107793992265
supreme 0.0007401924500370096 0.585026652029182 0.0004330323109024293
court 0.0007401924500370096 0.4202164033831899 0.00031104100916594363
decision 0.0007401924500370096 0.585026652029182 0.0004330323109024293
roe 0.0007401924500370096 2.0 0.0014803849000740192
v 0.0007401924500370096 0.8860566476931633 0.0006558524409275819
wade 0.0007401924500370096 1.5228787452803376 0.0011272233495783401
legalized 0.0007401924500370096 2.0 0.0014803849000740192
momentum 0.0007401924500370096 1.3979400086720377 0.0010347446400237141
seemed 0.0007401924500370096 0.9208187539523752 0.0006815830895280349
favor 0.0007401924500370096 0.7695510786217261 0.0005696158983136388
began 0.0007401924500370096 0.20065945054641826 0.0001485266103230335
act 0.0007401924500370096 0.4685210829577449 0.0003467957682884862
democrat 0.0007401924500370096 0.7695510786217261 0.0005696158983136388
republican 0.007401924500370097 1.5985994592184558 0.011832712503467475
house 0.0007401924500370096 1.1549019599857433 0.0008548497113143917
congress 0.0029607698001480384 0.4202164033831899 0.0012441640366637745
passed 0.0029607698001480384 0.6777807052660807 0.00200675264327485
large 0.0007401924500370096 0.8860566476931633 0.0006558524409275819
margin 0.0007401924500370096 1.6989700043360187 0.0012575647700488665
year 0.0022205773501110288 0.24995468798823245 0.0005550437187007382
later 0.0022205773501110288 0.09151498112135023 0.0002032160942739087
meaning 0.0007401924500370096 1.3010299956639813 0.0009630125800621622
eight 0.0007401924500370096 0.6989700043360189 0.0005173723200118571
become 0.0014803849000740192 0.3372421683184259 0.0004992482136468185
part 0.0022205773501110288 0.3372421683184259 0.0007488723204702278
prevent 0.0007401924500370096 1.0 0.0007401924500370096
coordinated 0.0014803849000740192 1.2218487496163564 0.001808806439106375
effort 0.0007401924500370096 0.5376020021010439 0.00039792894307997325
sway 0.0007401924500370096 1.5228787452803376 0.0011272233495783401
legislature 0.0014803849000740192 2.0 0.0029607698001480384
tutored 0.0007401924500370096 1.6989700043360187 0.0012575647700488665
talking 0.0007401924500370096 1.0969100130080565 0.0008119245099985614
anti 0.003700962250185048 0.721246399047171 0.002669305695955481
give 0.0007401924500370096 0.721246399047171 0.0005338611391910962
homemade 0.0007401924500370096 2.0 0.0014803849000740192
bread 0.0007401924500370096 2.0 0.0014803849000740192
pie 0.0007401924500370096 2.0 0.0014803849000740192
symbolizing 0.0007401924500370096 1.6989700043360187 0.0012575647700488665
homemaking 0.0007401924500370096 2.0 0.0014803849000740192
legislator 0.0007401924500370096 2.0 0.0014803849000740192
debated 0.0007401924500370096 1.5228787452803376 0.0011272233495783401
feminist 0.0014803849000740192 1.6989700043360187 0.002515129540097733
debate 0.0007401924500370096 0.853871964321762 0.0006320295812892391
partner 0.0007401924500370096 1.1549019599857433 0.0008548497113143917
often 0.0014803849000740192 0.5376020021010439 0.0007958578861599465
angered 0.0007401924500370096 1.3979400086720377 0.0010347446400237141
saw 0.0007401924500370096 0.6989700043360189 0.0005173723200118571
lie 0.0007401924500370096 1.2218487496163564 0.0009044032195531875
betty 0.0007401924500370096 1.3979400086720377 0.0010347446400237141
friedan 0.0007401924500370096 2.0 0.0014803849000740192
feminine 0.0007401924500370096 2.0 0.0014803849000740192
mystique 0.0007401924500370096 2.0 0.0014803849000740192
told 0.0007401924500370096 0.44369749923271273 0.0003284215390323558
one 0.0014803849000740192 0.08092190762392613 0.0001197955701316449
face 0.0007401924500370096 0.7958800173440752 0.0005891043799734088
offs 0.0007401924500370096 2.0 0.0014803849000740192
burn 0.0007401924500370096 1.3979400086720377 0.0010347446400237141
stake 0.0007401924500370096 1.3010299956639813 0.0009630125800621622
consider 0.0007401924500370096 1.3010299956639813 0.0009630125800621622
traitor 0.0007401924500370096 2.0 0.0014803849000740192
november 0.0007401924500370096 0.24412514432750856 0.00018069958869541713
national 0.0051813471502590676 0.3010299956639812 0.0015597409101760684
conference 0.0007401924500370096 0.7958800173440752 0.0005891043799734088
held 0.0007401924500370096 0.48148606012211254 0.00035639234650045336
houston 0.0014803849000740192 1.3979400086720377 0.0020694892800474283
attendee 0.0014803849000740192 2.0 0.0029607698001480384
voiced 0.0007401924500370096 1.3010299956639813 0.0009630125800621622
discussed 0.0007401924500370096 1.1549019599857433 0.0008548497113143917
issue 0.0007401924500370096 0.6989700043360189 0.0005173723200118571
reproductive 0.0007401924500370096 2.0 0.0014803849000740192
nuclear 0.0014803849000740192 0.958607314841775 0.001419107793992265
disarmament 0.0007401924500370096 2.0 0.0014803849000740192
time 0.0029607698001480384 0.1023729087095586 0.0003031026164605732
pro 0.0022205773501110288 1.2218487496163564 0.0027132096586595625
rally 0.0014803849000740192 1.1549019599857433 0.0017096994226287834
event 0.0014803849000740192 1.575118363368933 0.0023317814409606705
welcomed 0.0007401924500370096 0.8860566476931633 0.0006558524409275819
least 0.0007401924500370096 1.045757490560675 0.000774061799082661
overflow 0.0007401924500370096 2.0 0.0014803849000740192
crowd 0.0007401924500370096 1.6989700043360187 0.0012575647700488665
astro 0.0007401924500370096 2.0 0.0014803849000740192
arena 0.0007401924500370096 0.9208187539523752 0.0006815830895280349
strength 0.0007401924500370096 1.5228787452803376 0.0011272233495783401
gathering 0.0007401924500370096 1.1549019599857433 0.0008548497113143917
considered 0.0014803849000740192 0.721246399047171 0.0010677222783821924
turning 0.0007401924500370096 1.0 0.0007401924500370096
january 0.0007401924500370096 0.2676062401770315 0.00019808011856182938
indiana 0.0007401924500370096 0.7958800173440752 0.0005891043799734088
becoming 0.0007401924500370096 0.3372421683184259 0.00024962410682340927
th 0.0007401924500370096 0.2076083105017461 0.00015367010399833169
followed 0.0007401924500370096 0.5528419686577808 0.00040920945126408643
bill 0.0007401924500370096 0.4202164033831899 0.00031104100916594363
extending 0.0007401924500370096 1.6989700043360187 0.0012575647700488665
deadline 0.0014803849000740192 1.2218487496163564 0.001808806439106375
march 0.0014803849000740192 0.27572413039921095 0.0004081778392290317
june 0.0007401924500370096 0.28399665636520083 0.00021021218087727668
still 0.0007401924500370096 0.431798275933005 0.0003196138237846077
short 0.0014803849000740192 0.8239087409443188 0.0012197020591329663
required 0.0014803849000740192 1.0 0.0014803849000740192
second 0.0007401924500370096 0.19382002601611284 0.0001434641199231035
five 0.0007401924500370096 0.48148606012211254 0.00035639234650045336
voted 0.0007401924500370096 0.853871964321762 0.0006320295812892391
rescind 0.0007401924500370096 1.6989700043360187 0.0012575647700488665
earlier 0.0007401924500370096 0.9208187539523752 0.0006815830895280349
legality 0.0007401924500370096 2.0 0.0014803849000740192
rescission 0.0007401924500370096 2.0 0.0014803849000740192
unclear 0.0007401924500370096 1.6989700043360187 0.0012575647700488665
celebrated 0.0007401924500370096 1.0969100130080565 0.0008119245099985614
win 0.0014803849000740192 0.585026652029182 0.0008660646218048586
hotel 0.0007401924500370096 1.045757490560675 0.000774061799082661
c 0.0007401924500370096 0.35654732351381263 0.00026391363694582725
announced 0.0007401924500370096 0.40893539297350084 0.0003026908904319029
dead 0.0007401924500370096 0.9208187539523752 0.0006815830895280349
forever 0.0007401924500370096 1.1549019599857433 0.0008548497113143917
century 0.0007401924500370096 0.494850021680094 0.0003662842499482561
lead 0.0007401924500370096 1.5228787452803376 0.0011272233495783401
member 0.0007401924500370096 0.5376020021010439 0.00039792894307997325
opposed 0.0007401924500370096 0.9208187539523752 0.0006815830895280349
song 0.0014803849000740192 1.337242168318426 0.0019796331137208376
force 0.0007401924500370096 0.6575773191777938 0.0004867337669709799
plan 0.0007401924500370096 0.6989700043360189 0.0005173723200118571
demonstration 0.0007401924500370096 1.045757490560675 0.000774061799082661
xa 0.0007401924500370096 0.17392519729917358 0.00012873811791204556
bettmann 0.0007401924500370096 1.6989700043360187 0.0012575647700488665
read 0.0014803849000740192 0.0655015487564323 9.696750371048452e-05
next 0.0007401924500370096 0.07058107428570728 5.224357830178185e-05
bella 0.0007401924500370096 0.0655015487564323 4.848375185524226e-05
hadid 0.0007401924500370096 0.0655015487564323 4.848375185524226e-05
sadie 0.0007401924500370096 0.06048074738138145 4.476739258429419e-05
alexander 0.0007401924500370096 0.05551732784983141 4.109350692067462e-05
adrienne 0.0007401924500370096 0.0655015487564323 4.848375185524226e-05
kennedy 0.0007401924500370096 0.06048074738138145 4.476739258429419e-05
belief 0.0007401924500370096 1.3979400086720377 0.0010347446400237141
staunch 0.0007401924500370096 1.0 0.0007401924500370096
graduate 0.0007401924500370096 1.045757490560675 0.000774061799082661
american 0.0022205773501110288 0.1023729087095586 0.0002273269623454299
enterprise 0.0014803849000740192 1.5228787452803376 0.0022544466991566803
association 0.0007401924500370096 0.8239087409443188 0.0006098510295664832
tank 0.0007401924500370096 2.0 0.0014803849000740192
institute 0.0007401924500370096 0.853871964321762 0.0006320295812892391
returning 0.0007401924500370096 0.8860566476931633 0.0006558524409275819
hometown 0.0007401924500370096 1.1549019599857433 0.0008548497113143917
successful 0.0007401924500370096 0.4559319556497244 0.0003374773913025347
congressional 0.0007401924500370096 0.721246399047171 0.0005338611391910962
candidate 0.0014803849000740192 0.585026652029182 0.0008660646218048586
founded 0.0007401924500370096 0.619788758288394 0.00045876295950288224
catholic 0.0007401924500370096 1.2218487496163564 0.0009044032195531875
communist 0.0014803849000740192 1.2218487496163564 0.001808806439106375
called 0.0007401924500370096 0.3010299956639812 0.0002228201300251526
cardinal 0.0007401924500370096 2.0 0.0014803849000740192
mindszenty 0.0007401924500370096 2.0 0.0014803849000740192
foundation 0.0007401924500370096 0.7695510786217261 0.0005696158983136388
honor 0.0007401924500370096 0.7695510786217261 0.0005696158983136388
hungarian 0.0007401924500370096 2.0 0.0014803849000740192
priest 0.0007401924500370096 2.0 0.0014803849000740192
persecuted 0.0007401924500370096 2.0 0.0014803849000740192
regime 0.0007401924500370096 1.0 0.0007401924500370096
stating 0.0014803849000740192 0.9208187539523752 0.0013631661790560697
unleashed 0.0007401924500370096 2.0 0.0014803849000740192
vitriol 0.0007401924500370096 1.6989700043360187 0.0012575647700488665
politician 0.0007401924500370096 1.2218487496163564 0.0009044032195531875
including 0.0022205773501110288 0.2365720064370627 0.000525326439164462
weak 0.0007401924500370096 1.2218487496163564 0.0009044032195531875
defense 0.0014803849000740192 0.7695510786217261 0.0011392317966272777
view 0.0007401924500370096 0.853871964321762 0.0006320295812892391
shared 0.0007401924500370096 0.7695510786217261 0.0005696158983136388
report 0.0007401924500370096 0.8239087409443188 0.0006098510295664832
subscription 0.0007401924500370096 1.6989700043360187 0.0012575647700488665
launched 0.0007401924500370096 0.6777807052660807 0.0005016881608187125
eagle 0.0014803849000740192 2.0 0.0029607698001480384
forum 0.0014803849000740192 1.5228787452803376 0.0022544466991566803
continued 0.0007401924500370096 0.3372421683184259 0.00024962410682340927
advocate 0.0007401924500370096 0.9208187539523752 0.0006815830895280349
cause 0.0022205773501110288 1.045757490560675 0.002322185397247983
used 0.0007401924500370096 0.5086383061657272 0.00037649023402348423
television 0.0022205773501110288 0.04575749056067514 0.00010160804713695442
appearance 0.0007401924500370096 1.0 0.0007401924500370096
newspaper 0.0007401924500370096 1.0969100130080565 0.0008119245099985614
column 0.0007401924500370096 1.6989700043360187 0.0012575647700488665
radio 0.0007401924500370096 0.8860566476931633 0.0006558524409275819
segment 0.0007401924500370096 2.0 0.0014803849000740192
decry 0.0007401924500370096 2.0 0.0014803849000740192
pornography 0.0007401924500370096 2.0 0.0014803849000740192
immigration 0.0007401924500370096 0.8860566476931633 0.0006558524409275819
reform 0.0007401924500370096 0.7958800173440752 0.0005891043799734088
every 0.0007401924500370096 0.6575773191777938 0.0004867337669709799
convention 0.0014803849000740192 0.9208187539523752 0.0013631661790560697
barry 0.0007401924500370096 1.6989700043360187 0.0012575647700488665
goldwater 0.0014803849000740192 2.0 0.0029607698001480384
ronald 0.0014803849000740192 1.0 0.0014803849000740192
reagan 0.0044411547002220575 1.045757490560675 0.004644370794495966
stand 0.0007401924500370096 0.9208187539523752 0.0006815830895280349
vocal 0.0014803849000740192 0.853871964321762 0.0012640591625784781
made 0.0014803849000740192 0.1804560644581313 0.0002671444329506015
possible 0.0007401924500370096 0.7695510786217261 0.0005696158983136388
presidency 0.0014803849000740192 0.4685210829577449 0.0006935915365769724
endorsed 0.0007401924500370096 1.5228787452803376 0.0011272233495783401
donald 0.0007401924500370096 0.494850021680094 0.0003662842499482561
trump 0.0014803849000740192 0.5086383061657272 0.0007529804680469685
month 0.0014803849000740192 0.431798275933005 0.0006392276475692154
unsuccessful 0.0007401924500370096 0.8860566476931633 0.0006558524409275819
run 0.0007401924500370096 1.5228787452803376 0.0011272233495783401
illinois 0.0014803849000740192 1.045757490560675 0.001548123598165322
federation 0.0014803849000740192 1.3979400086720377 0.0020694892800474283
recognized 0.0007401924500370096 1.0 0.0007401924500370096
political 0.0014803849000740192 0.3098039199714864 0.0004586290451095283
skill 0.0007401924500370096 1.045757490560675 0.000774061799082661
describing 0.0007401924500370096 1.5228787452803376 0.0011272233495783401
darn 0.0007401924500370096 2.0 0.0014803849000740192
effective 0.0007401924500370096 1.3979400086720377 0.0010347446400237141
diary 0.0007401924500370096 2.0 0.0014803849000740192
appointment 0.0007401924500370096 0.958607314841775 0.0007095538969961325
commission 0.0007401924500370096 1.2218487496163564 0.0009044032195531875
bicentennial 0.0007401924500370096 2.0 0.0014803849000740192
feminism 0.0014803849000740192 2.0 0.0029607698001480384
role 0.0014803849000740192 0.9863203027088074 0.0014601336827665542
profile 0.0007401924500370096 0.853871964321762 0.0006320295812892391
tied 0.0007401924500370096 1.2218487496163564 0.0009044032195531875
idea 0.0007401924500370096 0.8239087409443188 0.0006098510295664832
focus 0.0007401924500370096 0.7695510786217261 0.0005696158983136388
household 0.0014803849000740192 1.0 0.0014803849000740192
featured 0.0007401924500370096 0.7695510786217261 0.0005696158983136388
different 0.0007401924500370096 0.7695510786217261 0.0005696158983136388
division 0.0007401924500370096 1.2218487496163564 0.0009044032195531875
labor 0.0007401924500370096 0.8860566476931633 0.0006558524409275819
spearheading 0.0007401924500370096 1.3010299956639813 0.0009630125800621622
travel 0.0007401924500370096 0.8860566476931633 0.0006558524409275819
domestic 0.0007401924500370096 1.045757490560675 0.000774061799082661
eased 0.0007401924500370096 1.3979400086720377 0.0010347446400237141
full 0.0007401924500370096 0.3010299956639812 0.0002228201300251526
housekeeper 0.0007401924500370096 2.0 0.0014803849000740192
noticed 0.0007401924500370096 1.2218487496163564 0.0009044032195531875
variance 0.0007401924500370096 2.0 0.0014803849000740192
statement 0.0007401924500370096 1.2218487496163564 0.0009044032195531875
private 0.0007401924500370096 0.6020599913279624 0.0004456402600503052
countered 0.0007401924500370096 1.6989700043360187 0.0012575647700488665
stayed 0.0007401924500370096 0.8239087409443188 0.0006098510295664832
six 0.0014803849000740192 0.5686362358410126 0.0008418004971739639
child 0.0029607698001480384 0.5000381344038097 0.0014804978072651656
breastfeeding 0.0007401924500370096 2.0 0.0014803849000740192
homeschooling 0.0007401924500370096 2.0 0.0014803849000740192
age 0.0014803849000740192 0.11350927482751813 0.0001680374164730098
seven 0.0007401924500370096 0.619788758288394 0.00045876295950288224
ran 0.0007401924500370096 0.48148606012211254 0.00035639234650045336
first 0.003700962250185048 0.0655015487564323 0.00024241875927621132
toddler 0.0007401924500370096 1.6989700043360187 0.0012575647700488665
characterized 0.0007401924500370096 1.3010299956639813 0.0009630125800621622
hobby 0.0007401924500370096 2.0 0.0014803849000740192
undertaken 0.0007401924500370096 1.5228787452803376 0.0011272233495783401
opening 0.0007401924500370096 0.9208187539523752 0.0006815830895280349
word 0.0007401924500370096 0.7447274948966939 0.0005512416690575083
thank 0.0007401924500370096 1.3979400086720377 0.0010347446400237141
letting 0.0007401924500370096 1.6989700043360187 0.0012575647700488665
come 0.0007401924500370096 0.5528419686577808 0.00040920945126408643
something 0.0014803849000740192 0.07058107428570728 0.0001044871566035637
said 0.0014803849000740192 0.2518119729937996 0.0003727786424778676
irritates 0.0007401924500370096 2.0 0.0014803849000740192
libber 0.0007401924500370096 2.0 0.0014803849000740192
anything 0.0007401924500370096 0.9208187539523752 0.0006815830895280349
interview 0.0007401924500370096 0.585026652029182 0.0004330323109024293
stated 0.0022205773501110288 0.7447274948966939 0.0016537250071725251
fill 0.0007401924500370096 1.5228787452803376 0.0011272233495783401
put 0.0007401924500370096 0.6777807052660807 0.0005016881608187125
occupation 0.0007401924500370096 1.3979400086720377 0.0010347446400237141
evidence 0.0007401924500370096 1.0 0.0007401924500370096
rejection 0.0007401924500370096 1.3979400086720377 0.0010347446400237141
declared 0.0007401924500370096 0.5528419686577808 0.00040920945126408643
title 0.0014803849000740192 0.07058107428570728 0.0001044871566035637
m 0.0007401924500370096 2.0 0.0014803849000740192
misery 0.0007401924500370096 1.6989700043360187 0.0012575647700488665
technical 0.0007401924500370096 1.2218487496163564 0.0009044032195531875
advance 0.0007401924500370096 2.0 0.0014803849000740192
male 0.0007401924500370096 1.2218487496163564 0.0009044032195531875
inventor 0.0007401924500370096 1.6989700043360187 0.0012575647700488665
disposable 0.0007401924500370096 2.0 0.0014803849000740192
diaper 0.0007401924500370096 2.0 0.0014803849000740192
frozen 0.0007401924500370096 1.5228787452803376 0.0011272233495783401
food 0.0007401924500370096 1.6989700043360187 0.0012575647700488665
done 0.0007401924500370096 0.958607314841775 0.0007095538969961325
far 0.0007401924500370096 1.0 0.0007401924500370096
improve 0.0007401924500370096 1.3010299956639813 0.0009630125800621622
book 0.0029607698001480384 1.306273051076353 0.0038675738003741016
echo 0.0007401924500370096 2.0 0.0014803849000740192
polemic 0.0007401924500370096 2.0 0.0014803849000740192
elite 0.0007401924500370096 2.0 0.0014803849000740192
controlling 0.0007401924500370096 1.5228787452803376 0.0011272233495783401
nomination 0.0014803849000740192 0.5086383061657272 0.0007529804680469685
process 0.0007401924500370096 0.7958800173440752 0.0005891043799734088
self 0.0007401924500370096 0.6989700043360189 0.0005173723200118571
published 0.0014803849000740192 0.07058107428570728 0.0001044871566035637
sold 0.0007401924500370096 0.8860566476931633 0.0006558524409275819
three 0.0007401924500370096 0.2076083105017461 0.00015367010399833169
million 0.0007401924500370096 0.5228787452803376 0.00038703089954133054
copy 0.0007401924500370096 1.1549019599857433 0.0008548497113143917
delegate 0.0007401924500370096 1.1549019599857433 0.0008548497113143917
influenced 0.0007401924500370096 1.0 0.0007401924500370096
helped 0.0007401924500370096 0.3372421683184259 0.00024962410682340927
senator 0.0007401924500370096 0.5228787452803376 0.00038703089954133054
land 0.0014803849000740192 2.2518119729937998 0.0033335484426259064
presidential 0.0007401924500370096 0.3665315444204135 0.0002713038818803949
went 0.0007401924500370096 0.32790214206428253 0.00024271068990694487
lose 0.0007401924500370096 1.3979400086720377 0.0010347446400237141
election 0.0007401924500370096 0.44369749923271273 0.0003284215390323558
president 0.0014803849000740192 0.16749108729376372 0.00024795127652666723
lyndon 0.0007401924500370096 1.2218487496163564 0.0009044032195531875
b 0.0014803849000740192 0.37675070960209955 0.0005577360615871199
johnson 0.0007401924500370096 0.853871964321762 0.0006320295812892391
wrote 0.0014803849000740192 0.5528419686577808 0.0008184189025281729
produced 0.0007401924500370096 0.7958800173440752 0.0005891043799734088
denounced 0.0007401924500370096 1.3979400086720377 0.0010347446400237141
positive 0.0007401924500370096 0.8860566476931633 0.0006558524409275819
authored 0.0014803849000740192 1.1549019599857433 0.0017096994226287834
co 0.0007401924500370096 0.4202164033831899 0.00031104100916594363
case 0.0007401924500370096 0.5228787452803376 0.00038703089954133054
died 0.0007401924500370096 0.31875876262441283 0.0002359428294777297
personal 0.0007401924500370096 0.3372421683184259 0.00024962410682340927
lived 0.0007401924500370096 0.6020599913279624 0.0004456402600503052
alton 0.0007401924500370096 2.0 0.0014803849000740192
suburb 0.0007401924500370096 2.0 0.0014803849000740192
together 0.0007401924500370096 0.431798275933005 0.0003196138237846077
four 0.0014803849000740192 0.28399665636520083 0.00042042436175455337
son 0.0007401924500370096 0.853871964321762 0.0006320295812892391
two 0.0007401924500370096 0.11918640771920867 8.822087914079101e-05
daughter 0.0007401924500370096 0.8239087409443188 0.0006098510295664832
lasted 0.0007401924500370096 1.5228787452803376 0.0011272233495783401
check 0.0007401924500370096 0.07058107428570728 5.224357830178185e-05
strive 0.0007401924500370096 0.07058107428570728 5.224357830178185e-05
accuracy 0.0007401924500370096 0.07058107428570728 5.224357830178185e-05
fairness 0.0007401924500370096 0.07058107428570728 5.224357830178185e-05
see 0.0014803849000740192 0.04575749056067514 6.773869809130295e-05
look 0.0007401924500370096 0.07058107428570728 5.224357830178185e-05
citation 0.0007401924500370096 0.07058107428570728 5.224357830178185e-05
information 0.0007401924500370096 0.07058107428570728 5.224357830178185e-05
sara 0.0007401924500370096 1.2218487496163564 0.0009044032195531875
kettler 0.0007401924500370096 1.3979400086720377 0.0010347446400237141
website 0.0014803849000740192 0.0655015487564323 9.696750371048452e-05
com 0.0007401924500370096 0.06048074738138145 4.476739258429419e-05
url 0.0007401924500370096 0.07058107428570728 5.224357830178185e-05
publisher 0.0007401924500370096 0.07058107428570728 5.224357830178185e-05
e 0.0014803849000740192 0.04575749056067514 6.773869809130295e-05
network 0.0014803849000740192 0.04575749056067514 6.773869809130295e-05
last 0.0007401924500370096 0.0655015487564323 4.848375185524226e-05
updated 0.0007401924500370096 0.07058107428570728 5.224357830178185e-05
april 0.0014803849000740192 0.1549019599857432 0.00022931452255476416
original 0.0007401924500370096 0.0655015487564323 4.848375185524226e-05
receive 0.0007401924500370096 0.05551732784983141 4.109350692067462e-05
story 0.0029607698001480384 0.7332980331159121 0.002171126670957549
shaped 0.0014803849000740192 0.05551732784983141 8.218701384134924e-05
sign 0.0007401924500370096 0.05551732784983141 4.109350692067462e-05
person 0.006661732050333087 0.05060999335508724 0.0003371502148007292
chuck 0.0014803849000740192 1.2218487496163564 0.001808806439106375
berry 0.0014803849000740192 1.3010299956639813 0.0019260251601243244
influential 0.0007401924500370096 0.6777807052660807 0.0005016881608187125
rock 0.0007401924500370096 0.721246399047171 0.0005338611391910962
n 0.0007401924500370096 0.7695510786217261 0.0005696158983136388
roll 0.0007401924500370096 1.0 0.0007401924500370096
performer 0.0007401924500370096 1.1549019599857433 0.0008548497113143917
music 0.0007401924500370096 0.4559319556497244 0.0003374773913025347
known 0.0029607698001480384 0.06048074738138145 0.00017906957033717675
maybellene 0.0007401924500370096 1.5228787452803376 0.0011272233495783401
johnny 0.0007401924500370096 1.3010299956639813 0.0009630125800621622
goode 0.0007401924500370096 1.5228787452803376 0.0011272233495783401
kate 0.0014803849000740192 1.2218487496163564 0.001808806439106375
chopin 0.0014803849000740192 2.0 0.0029607698001480384
writer 0.0007401924500370096 0.6989700043360189 0.0005173723200118571
novelist 0.0007401924500370096 1.6989700043360187 0.0012575647700488665
awakening 0.0007401924500370096 1.6989700043360187 0.0012575647700488665
novel 0.0007401924500370096 1.0969100130080565 0.0008119245099985614
young 0.0007401924500370096 0.3010299956639812 0.0002228201300251526
abandon 0.0007401924500370096 2.0 0.0014803849000740192
initially 0.0007401924500370096 0.7695510786217261 0.0005696158983136388
condemned 0.0007401924500370096 1.3010299956639813 0.0009630125800621622
acclaimed 0.0014803849000740192 0.7958800173440752 0.0011782087599468175
lucy 0.0014803849000740192 1.3979400086720377 0.0020694892800474283
stone 0.0014803849000740192 1.0969100130080565 0.0016238490199971228
activist 0.0014803849000740192 0.494850021680094 0.0007325684998965122
pioneer 0.0007401924500370096 0.958607314841775 0.0007095538969961325
abolitionist 0.0007401924500370096 1.0969100130080565 0.0008119245099985614
nancy 0.0014803849000740192 1.0 0.0014803849000740192
former 0.0007401924500370096 0.27572413039921095 0.00020408891961451586
hollywood 0.0007401924500370096 0.7958800173440752 0.0005891043799734088
actress 0.0007401924500370096 0.6020599913279624 0.0004456402600503052
lady 0.0007401924500370096 0.6575773191777938 0.0004867337669709799
office 0.0007401924500370096 0.31875876262441283 0.0002359428294777297
founder 0.0007401924500370096 0.7958800173440752 0.0005891043799734088
say 0.0007401924500370096 0.721246399047171 0.0005338611391910962
drug 0.0007401924500370096 0.6575773191777938 0.0004867337669709799
awareness 0.0007401924500370096 1.3010299956639813 0.0009630125800621622
william 0.0014803849000740192 0.8239087409443188 0.0012197020591329663
clark 0.0022205773501110288 1.5228787452803376 0.0033816700487350206
half 0.0007401924500370096 0.853871964321762 0.0006320295812892391
famous 0.0007401924500370096 0.494850021680094 0.0003662842499482561
exploration 0.0007401924500370096 1.5228787452803376 0.0011272233495783401
team 0.0007401924500370096 0.619788758288394 0.00045876295950288224
lewis 0.0007401924500370096 0.8860566476931633 0.0006558524409275819
explored 0.0007401924500370096 1.6989700043360187 0.0012575647700488665
mapped 0.0007401924500370096 2.0 0.0014803849000740192
unknown 0.0007401924500370096 1.0 0.0007401924500370096
west 0.0007401924500370096 0.7695510786217261 0.0005696158983136388
mississippi 0.0007401924500370096 1.1549019599857433 0.0008548497113143917
river 0.0007401924500370096 1.1549019599857433 0.0008548497113143917
julia 0.0014803849000740192 1.6989700043360187 0.002515129540097733
tv 0.0007401924500370096 0.5228787452803376 0.00038703089954133054
chef 0.0014803849000740192 1.3010299956639813 0.0019260251601243244
via 0.0007401924500370096 0.5086383061657272 0.00037649023402348423
groundbreaking 0.0007401924500370096 1.1549019599857433 0.0008548497113143917
cookbook 0.0007401924500370096 1.6989700043360187 0.0012575647700488665
mastering 0.0007401924500370096 1.6989700043360187 0.0012575647700488665
art 0.0007401924500370096 1.0969100130080565 0.0008119245099985614
french 0.0014803849000740192 1.1549019599857433 0.0017096994226287834
cooking 0.0007401924500370096 1.3979400086720377 0.0010347446400237141
popular 0.0007401924500370096 0.4685210829577449 0.0003467957682884862
show 0.0007401924500370096 0.494850021680094 0.0003662842499482561
maya 0.0014803849000740192 1.3979400086720377 0.0020694892800474283
angelou 0.0014803849000740192 1.6989700043360187 0.002515129540097733
civil 0.0007401924500370096 0.3467874862246563 0.00025668947907080407
poet 0.0007401924500370096 1.2218487496163564 0.0009044032195531875
award 0.0007401924500370096 0.494850021680094 0.0003662842499482561
winning 0.0007401924500370096 0.4202164033831899 0.00031104100916594363
memoir 0.0007401924500370096 1.045757490560675 0.000774061799082661
know 0.0007401924500370096 0.4559319556497244 0.0003374773913025347
caged 0.0007401924500370096 2.0 0.0014803849000740192
bird 0.0007401924500370096 2.0 0.0014803849000740192
sings 0.0007401924500370096 1.6989700043360187 0.0012575647700488665
numerous 0.0007401924500370096 0.721246399047171 0.0005338611391910962
poetry 0.0007401924500370096 1.5228787452803376 0.0011272233495783401
essay 0.0007401924500370096 1.5228787452803376 0.0011272233495783401
collection 0.0007401924500370096 2.0 0.0014803849000740192
maria 0.0014803849000740192 2.0 0.0029607698001480384
mitchell 0.0022205773501110288 1.3979400086720377 0.003104233920071142
best 0.0007401924500370096 0.13667713987954408 0.0001011673870314908
professional 0.0007401924500370096 0.8239087409443188 0.0006098510295664832
female 0.0007401924500370096 0.6020599913279624 0.0004456402600503052
astronomer 0.0007401924500370096 1.6989700043360187 0.0012575647700488665
discovered 0.0007401924500370096 0.7958800173440752 0.0005891043799734088
comet 0.0014803849000740192 2.0 0.0029607698001480384
miss 0.0007401924500370096 1.0969100130080565 0.0008119245099985614
shirley 0.0014803849000740192 1.0969100130080565 0.0016238490199971228
chisholm 0.0014803849000740192 1.1549019599857433 0.0017096994226287834
african 0.0007401924500370096 0.28399665636520083 0.00021021218087727668
congresswoman 0.0007401924500370096 1.045757490560675 0.000774061799082661
major 0.0007401924500370096 0.4202164033831899 0.00031104100916594363
black 0.0007401924500370096 0.3872161432802645 0.00028661446578850074
bid 0.0007401924500370096 0.6020599913279624 0.0004456402600503052
loading 0.0007401924500370096 0.04575749056067514 3.3869349045651476e-05
logo 0.0007401924500370096 0.04575749056067514 3.3869349045651476e-05
registered 0.0007401924500370096 0.04575749056067514 3.3869349045651476e-05
trademark 0.0007401924500370096 0.04575749056067514 3.3869349045651476e-05
llc 0.0007401924500370096 0.04575749056067514 3.3869349045651476e-05
close 0.0029607698001480384 0.04575749056067514 0.0001354773961826059
