john 0.017627118644067796 0.37675070960209955 0.006641029457392941
lewis 0.031186440677966103 0.8860566476931633 0.027632953080600348
death 0.002711864406779661 0.2365720064370627 0.0006415512038971192
congress 0.005423728813559322 0.4202164033831899 0.0022791398149596743
civil 0.009491525423728813 0.3467874862246563 0.0032915422421323313
right 0.01559322033898305 0.39848321634998984 0.006213636593932045
biography 0.006779661016949152 0.04575749056067514 0.0003102202749876281
skip 0.0006779661016949153 0.04575749056067514 3.102202749876281e-05
main 0.0006779661016949153 0.04575749056067514 3.102202749876281e-05
content 0.0006779661016949153 0.04575749056067514 3.102202749876281e-05
people 0.006779661016949152 0.04575749056067514 0.0003102202749876281
nostalgia 0.002033898305084746 0.04575749056067514 9.306608249628843e-05
celebrity 0.002033898305084746 0.04575749056067514 9.306608249628843e-05
history 0.002711864406779661 0.04575749056067514 0.00012408810999505124
culture 0.002033898305084746 0.04575749056067514 9.306608249628843e-05
crime 0.002033898305084746 0.04575749056067514 9.306608249628843e-05
scandal 0.002033898305084746 0.04575749056067514 9.306608249628843e-05
video 0.002033898305084746 0.04575749056067514 9.306608249628843e-05
contact 0.002033898305084746 0.04575749056067514 9.306608249628843e-05
u 0.009491525423728813 0.20065945054641832 0.001904564276372784
advertise 0.0013559322033898306 0.04575749056067514 6.204405499752562e-05
privacy 0.002033898305084746 0.04575749056067514 9.306608249628843e-05
notice 0.0013559322033898306 0.04575749056067514 6.204405499752562e-05
term 0.002033898305084746 0.5406075122407692 0.0010995407028625815
use 0.0013559322033898306 0.04575749056067514 6.204405499752562e-05
copyright 0.0013559322033898306 0.04575749056067514 6.204405499752562e-05
policy 0.0013559322033898306 0.04575749056067514 6.204405499752562e-05
ad 0.0013559322033898306 0.04575749056067514 6.204405499752562e-05
choice 0.0013559322033898306 0.04575749056067514 6.204405499752562e-05
accessibility 0.0013559322033898306 0.04575749056067514 6.204405499752562e-05
support 0.002711864406779661 0.04575749056067514 0.00012408810999505124
setting 0.0006779661016949153 0.04575749056067514 3.102202749876281e-05
february 0.002033898305084746 0.04575749056067514 9.306608249628843e-05
subscribe 0.0013559322033898306 0.04575749056067514 6.204405499752562e-05
newsletter 0.002033898305084746 0.04575749056067514 9.306608249628843e-05
photo 0.0013559322033898306 0.12493873660829993 0.0001694084564180338
courtesy 0.0006779661016949153 1.6989700043360187 0.001151844070736284
quick 0.0006779661016949153 0.07058107428570728 4.78515757869202e-05
fact 0.002711864406779661 0.14116214857141457 0.0003828126062953616
name 0.0013559322033898306 0.05551732784983141 7.527773267773751e-05
birth 0.0013559322033898306 0.07058107428570728 9.57031515738404e-05
date 0.003389830508474576 0.07058107428570728 0.00023925787893460095
july 0.0013559322033898306 0.37675070960209955 0.0005108484197994571
know 0.003389830508474576 0.4559319556497244 0.001545532053049913
struggle 0.002711864406779661 0.9208187539523752 0.002497135603938645
arrested 0.002711864406779661 0.8239087409443188 0.0022343287890015428
approximately 0.0013559322033898306 1.3010299956639813 0.0017641084686969238
time 0.0054237288135593215 0.4791236183116582 0.002598636573893739
youngest 0.0013559322033898306 0.5228787452803376 0.0007089881291936781
speaker 0.0013559322033898306 0.7447274948966939 0.001009799993080263
march 0.006101694915254237 0.27572413039921095 0.0016823845244697618
washington 0.0047457627118644066 0.3979400086720376 0.0018885288547147547
place 0.002711864406779661 0.07572071393811834 0.00020534430898472771
near 0.0013559322033898306 0.8860566476931633 0.0012014327426347977
troy 0.0013559322033898306 2.0 0.002711864406779661
alabama 0.003389830508474576 0.7447274948966939 0.0025244999827006573
legacy 0.0013559322033898306 0.6989700043360189 0.0009477559380827375
cite 0.0006779661016949153 0.07058107428570728 4.78515757869202e-05
page 0.0006779661016949153 0.07058107428570728 4.78515757869202e-05
quote 0.0006779661016949153 0.3872161432802645 0.0002625194191730607
growing 0.0006779661016949153 0.585026652029182 0.00039662823866385224
mother 0.0013559322033898306 0.21467016498923297 0.00029107818981590915
father 0.0006779661016949153 0.14874165128092467 0.000100841797478593
family 0.0006779661016949153 0.11918640771920867 8.080434421641266e-05
member 0.002033898305084746 0.8386319977650252 0.001705692198844119
said 0.006101694915254237 0.2518119729937996 0.0015364798352164044
get 0.002711864406779661 0.44369749923271273 0.0012032474555463398
trouble 0.002033898305084746 1.2218487496163564 0.0024851161009146233
way 0.003389830508474576 0.431798275933005 0.0014637229692644237
got 0.0013559322033898306 0.5376020021010439 0.0007289518672556529
necessary 0.0013559322033898306 1.3010299956639813 0.0017641084686969238
second 0.0006779661016949153 0.19382002601611284 0.00013140340746855108
class 0.0006779661016949153 0.44369749923271273 0.00030081186388658494
citizenship 0.0013559322033898306 1.3010299956639813 0.0017641084686969238
courage 0.004067796610169492 0.958607314841775 0.003899419585797051
reflection 0.0013559322033898306 1.3979400086720377 0.001895511876165475
heart 0.002033898305084746 1.9208187539523753 0.00390675000803873
something 0.002033898305084746 0.07058107428570728 0.00014355472736076057
deep 0.0013559322033898306 0.8860566476931633 0.0012014327426347977
within 0.0006779661016949153 0.8239087409443188 0.0005585821972503857
man 0.0013559322033898306 0.37675070960209955 0.0005108484197994571
woman 0.0006779661016949153 0.3979400086720376 0.0002697898363878221
even 0.0006779661016949153 0.3665315444204135 0.0002484959623189244
child 0.0013559322033898306 0.2924298239020636 0.00039651501546042527
must 0.004067796610169492 0.8239087409443188 0.0033514931835023137
resist 0.0006779661016949153 2.0 0.0013559322033898306
defy 0.0006779661016949153 1.6989700043360187 0.001151844070736284
authority 0.0006779661016949153 1.2218487496163564 0.0008283720336382077
morally 0.0006779661016949153 2.0 0.0013559322033898306
wrong 0.0013559322033898306 1.045757490560675 0.001417976258387356
make 0.002711864406779661 1.3080348972326397 0.0035472132806308875
despite 0.0006779661016949153 0.4202164033831899 0.0002848924768699593
fear 0.0006779661016949153 1.045757490560675 0.000708988129193678
doubt 0.0006779661016949153 1.1549019599857433 0.0007829843796513514
road 0.0006779661016949153 0.853871964321762 0.0005788962469978048
toward 0.0006779661016949153 0.8860566476931633 0.0006007163713173989
justice 0.002033898305084746 0.5376020021010439 0.0010934278008834792
heroic 0.0006779661016949153 2.0 0.0013559322033898306
bird 0.0006779661016949153 1.5228787452803376 0.0010324601662917545
need 0.0006779661016949153 0.638272163982407 0.0004327268908355302
wing 0.0006779661016949153 2.0 0.0013559322033898306
fly 0.0013559322033898306 1.3979400086720377 0.001895511876165475
rooted 0.0006779661016949153 2.0 0.0013559322033898306
reason 0.0006779661016949153 1.0969100130080565 0.0007436678054291908
rather 0.0006779661016949153 1.2218487496163564 0.0008283720336382077
come 0.002711864406779661 1.5528419686577808 0.004211096864156694
divine 0.0006779661016949153 1.3979400086720377 0.0009477559380827375
purpose 0.0006779661016949153 1.5228787452803376 0.0010324601662917545
thing 0.0013559322033898306 0.6989700043360189 0.0009477559380827375
around 0.0013559322033898306 0.4559319556497244 0.0006182128212199653
world 0.002711864406779661 0.04575749056067514 0.00012408810999505124
inspired 0.002711864406779661 0.6989700043360189 0.001895511876165475
missile 0.0006779661016949153 1.5228787452803376 0.0010324601662917545
gun 0.002033898305084746 2.408935392973501 0.0048995296128274595
idea 0.0013559322033898306 2.0457574905606752 0.002773908461777187
accomplished 0.0006779661016949153 1.3979400086720377 0.0009477559380827375
everything 0.0013559322033898306 0.853871964321762 0.0011577924939956095
wanted 0.0013559322033898306 0.5528419686577808 0.0007496162286885164
would 0.003389830508474576 0.2291479883578558 0.0007767728418910366
like 0.0013559322033898306 0.2365720064370627 0.0003207756019485596
leave 0.0006779661016949153 0.6575773191777938 0.00044581513164596194
little 0.002033898305084746 0.6989700043360189 0.0014216339071241061
piece 0.0006779661016949153 1.3979400086720377 0.0009477559380827375
real 0.0006779661016949153 0.6989700043360189 0.00047387796904136873
estate 0.0006779661016949153 0.853871964321762 0.0005788962469978048
cause 0.0006779661016949153 1.0 0.0006779661016949153
peace 0.002711864406779661 0.7695510786217261 0.0020869181793131556
end 0.0006779661016949153 0.44369749923271273 0.00030081186388658494
violence 0.002711864406779661 0.8239087409443188 0.0022343287890015428
home 0.0013559322033898306 0.31875876262441283 0.00043221527135513607
abroad 0.0006779661016949153 1.045757490560675 0.000708988129193678
spend 0.0006779661016949153 1.1549019599857433 0.0007829843796513514
much 0.002033898305084746 0.37675070960209955 0.0007662726296991855
resource 0.0006779661016949153 1.3979400086720377 0.0009477559380827375
killing 0.0006779661016949153 1.045757490560675 0.000708988129193678
determined 0.0006779661016949153 0.7695510786217261 0.0005217295448282889
let 0.0006779661016949153 0.6777807052660807 0.00045951234255327505
act 0.0047457627118644066 0.4685210829577449 0.002223489885223196
keep 0.0006779661016949153 0.6575773191777938 0.00044581513164596194
goal 0.0006779661016949153 0.9208187539523752 0.0006242839009846612
knew 0.0006779661016949153 0.9208187539523752 0.0006242839009846612
life 0.0047457627118644066 0.13679614097137055 0.0006492020249488771
could 0.0006779661016949153 0.4202164033831899 0.0002848924768699593
threatened 0.0006779661016949153 0.958607314841775 0.0006499032642995085
made 0.0013559322033898306 0.1804560644581313 0.0002446861890957713
mind 0.0013559322033898306 1.5228787452803376 0.002064920332583509
turn 0.0006779661016949153 0.7958800173440752 0.0005395796727756442
back 0.0006779661016949153 0.4202164033831899 0.0002848924768699593
lyndon 0.0006779661016949153 1.2218487496163564 0.0008283720336382077
johnson 0.0006779661016949153 0.853871964321762 0.0005788962469978048
signed 0.0006779661016949153 0.494850021680094 0.00033549154012209765
voting 0.004067796610169492 0.7958800173440752 0.0032374780366538655
helped 0.003389830508474576 0.3372421683184259 0.0011431937909099183
free 0.0013559322033898306 0.6989700043360189 0.0009477559380827375
liberate 0.0006779661016949153 2.0 0.0013559322033898306
disagree 0.0006779661016949153 1.6989700043360187 0.001151844070736284
court 0.005423728813559322 0.4202164033831899 0.0022791398149596743
discrimination 0.0013559322033898306 0.9208187539523752 0.0012485678019693225
somehow 0.0013559322033898306 1.5228787452803376 0.002064920332583509
irrelevant 0.0006779661016949153 1.6989700043360187 0.001151844070736284
today 0.0006779661016949153 0.7447274948966939 0.0005048999965401315
record 0.0006779661016949153 0.494850021680094 0.00033549154012209765
clearly 0.0006779661016949153 1.5228787452803376 0.0010324601662917545
demonstrates 0.0006779661016949153 2.0 0.0013559322033898306
numerous 0.0013559322033898306 0.721246399047171 0.0009779612190470117
attempt 0.002033898305084746 1.540607512240769 0.003133439007947327
impede 0.0006779661016949153 1.6989700043360187 0.001151844070736284
still 0.0013559322033898306 0.431798275933005 0.0005854891877057696
exist 0.0013559322033898306 1.3979400086720377 0.001895511876165475
matter 0.0006779661016949153 0.853871964321762 0.0005788962469978048
pervasive 0.0006779661016949153 1.6989700043360187 0.001151844070736284
widespread 0.0006779661016949153 1.2218487496163564 0.0008283720336382077
rampant 0.0006779661016949153 2.0 0.0013559322033898306
one 0.006101694915254237 0.08092190762392613 0.0004937607922815832
instance 0.0006779661016949153 1.3010299956639813 0.0008820542343484619
democracy 0.0006779661016949153 1.0 0.0006779661016949153
imagine 0.0006779661016949153 2.0 0.0013559322033898306
beaten 0.002711864406779661 1.5228787452803376 0.004129840665167018
rock 0.0006779661016949153 0.721246399047171 0.0004889806095235059
hill 0.0006779661016949153 0.8860566476931633 0.0006007163713173989
greyhound 0.0006779661016949153 2.0 0.0013559322033898306
bus 0.002033898305084746 1.1549019599857433 0.0023489531389540544
terminal 0.0013559322033898306 3.6989700043360187 0.005015552548252229
freedom 0.006101694915254237 0.619788758288394 0.003781761914980031
ride 0.002711864406779661 1.2218487496163564 0.003313488134552831
police 0.0006779661016949153 0.5376020021010439 0.0003644759336278264
chief 0.0013559322033898306 0.5686362358410126 0.0007710321841912036
black 0.0006779661016949153 0.3872161432802645 0.0002625194191730607
recognize 0.0013559322033898306 1.3010299956639813 0.0017641084686969238
radical 0.0013559322033898306 1.3010299956639813 0.0017641084686969238
social 0.002033898305084746 0.5228787452803376 0.0010634821937905172
political 0.0013559322033898306 0.3098039199714864 0.0004200731118257443
economic 0.0013559322033898306 0.585026652029182 0.0007932564773277045
change 0.002033898305084746 0.8860566476931633 0.0018021491139521965
take 0.0013559322033898306 0.48148606012211254 0.0006528624544028645
society 0.0013559322033898306 0.7695510786217261 0.0010434590896565778
mass 0.002033898305084746 2.4814860601221125 0.005047090291773788
bring 0.002711864406779661 0.7447274948966939 0.002019599986160526
seek 0.0006779661016949153 1.045757490560675 0.000708988129193678
work 0.005423728813559322 0.2218487496163564 0.0012032474555463398
community 0.003389830508474576 0.48148606012211254 0.001632156136007161
love 0.002033898305084746 0.5086383061657272 0.0010345185888116486
true 0.0013559322033898306 0.8239087409443188 0.0011171643945007714
brotherhood 0.0006779661016949153 1.5228787452803376 0.0010324601662917545
soul 0.0006779661016949153 2.0 0.0013559322033898306
cannot 0.0006779661016949153 1.045757490560675 0.000708988129193678
rest 0.0006779661016949153 0.6020599913279624 0.0004081762653070932
believe 0.003389830508474576 0.853871964321762 0.002894481234989024
nonviolence 0.0006779661016949153 1.5228787452803376 0.0010324601662917545
living 0.0006779661016949153 0.619788758288394 0.0004201957683311146
immutable 0.0006779661016949153 2.0 0.0013559322033898306
principle 0.0006779661016949153 1.5228787452803376 0.0010324601662917545
nonnegotiable 0.0006779661016949153 2.0 0.0013559322033898306
going 0.005423728813559322 0.6020599913279624 0.0032654101224567455
create 0.002711864406779661 0.8239087409443188 0.0022343287890015428
maybe 0.0006779661016949153 1.6989700043360187 0.001151844070736284
happen 0.0006779661016949153 1.2218487496163564 0.0008283720336382077
lifetime 0.002033898305084746 0.7958800173440752 0.0016187390183269328
beloved 0.0006779661016949153 1.045757490560675 0.000708988129193678
national 0.0013559322033898306 0.3010299956639812 0.0004081762653070932
organizing 0.0013559322033898306 1.1549019599857433 0.0015659687593027028
voter 0.002711864406779661 2.045757490560675 0.005547816923554372
registration 0.0013559322033898306 1.3010299956639813 0.0017641084686969238
drive 0.0013559322033898306 1.3979400086720377 0.001895511876165475
sitting 0.0013559322033898306 1.1549019599857433 0.0015659687593027028
coming 0.0013559322033898306 0.8239087409443188 0.0011171643945007714
first 0.003389830508474576 0.0655015487564323 0.00022203914832688915
getting 0.0013559322033898306 0.7695510786217261 0.0010434590896565778
jail 0.0013559322033898306 1.0969100130080565 0.0014873356108583817
never 0.002711864406779661 0.431798275933005 0.0011709783754115391
thought 0.002033898305084746 0.7958800173440752 0.0016187390183269328
dreamed 0.0013559322033898306 1.3010299956639813 0.0017641084686969238
possibility 0.0013559322033898306 2.0 0.002711864406779661
african 0.002711864406779661 0.28399665636520083 0.0007701604240412226
american 0.0054237288135593215 0.6552148773673394 0.003553707809449976
day 0.0033898305084745766 0.7013652168755644 0.002377509209747676
elected 0.0047457627118644066 0.3665315444204135 0.0017394717362324709
president 0.0047457627118644066 0.16749108729376372 0.0007948729566483702
united 0.002033898305084746 0.18708664335714445 0.0003805152068280904
state 0.002711864406779661 0.4930892744484819 0.001337191252741646
publish 0.0006779661016949153 0.07058107428570728 4.78515757869202e-05
jan 0.0006779661016949153 0.9208187539523752 0.0006242839009846612
comment 0.0013559322033898306 0.07058107428570728 9.57031515738404e-05
big 0.0013559322033898306 0.5228787452803376 0.0007089881291936781
six 0.002033898305084746 0.5686362358410126 0.0011565482762868054
leader 0.002711864406779661 0.8582367697242121 0.0023274217484046435
movement 0.004067796610169492 0.48148606012211254 0.0019585873632085933
continued 0.002033898305084746 0.3372421683184259 0.000685916274545951
fight 0.0013559322033898306 0.5376020021010439 0.0007289518672556529
since 0.0013559322033898306 0.3372421683184259 0.00045727751636396734
joining 0.0006779661016949153 0.7695510786217261 0.0005217295448282889
grew 0.0013559322033898306 0.494850021680094 0.0006709830802441953
era 0.0006779661016949153 0.8239087409443188 0.0005585821972503857
racial 0.0006779661016949153 0.6989700043360189 0.00047387796904136873
segregation 0.0013559322033898306 0.9208187539523752 0.0012485678019693225
martin 0.002711864406779661 0.5686362358410126 0.0015420643683824072
luther 0.002711864406779661 0.638272163982407 0.0017309075633421208
king 0.004067796610169492 0.4685210829577449 0.0019058484730484538
jr 0.003389830508474576 0.32790214206428253 0.0011115326849636695
joined 0.0013559322033898306 0.4685210829577449 0.0006352828243494846
burgeoning 0.0006779661016949153 2.0 0.0013559322033898306
rider 0.0013559322033898306 3.0969100130080562 0.004199200017638042
spoke 0.002711864406779661 0.7695510786217261 0.0020869181793131556
led 0.003389830508474576 0.37675070960209955 0.0012771210494986426
demonstration 0.0013559322033898306 2.045757490560675 0.002773908461777186
became 0.004067796610169492 0.07572071393811834 0.00030801646347709154
known 0.0013559322033898306 0.06048074738138145 8.200779305950028e-05
bloody 0.0013559322033898306 1.1549019599857433 0.0015659687593027028
sunday 0.0013559322033898306 1.3010299956639813 0.0017641084686969238
received 0.0013559322033898306 0.28399665636520083 0.0003850802120206113
presidential 0.002033898305084746 0.3665315444204135 0.0007454878869567733
medal 0.002033898305084746 0.6575773191777938 0.0013374453949378858
early 0.0006779661016949153 0.07572071393811834 5.133607724618193e-05
robert 0.002033898305084746 0.5528419686577808 0.0011244243430327744
born 0.0006779661016949153 0.09151498112135023 6.204405499752558e-05
outside 0.0006779661016949153 0.6989700043360189 0.00047387796904136873
happy 0.0006779661016949153 1.045757490560675 0.000708988129193678
childhood 0.0006779661016949153 0.6020599913279624 0.0004081762653070932
though 0.002033898305084746 0.3665315444204135 0.0007454878869567733
needed 0.0006779661016949153 0.8860566476931633 0.0006007163713173989
hard 0.0006779661016949153 0.638272163982407 0.0004327268908355302
assist 0.0006779661016949153 1.5228787452803376 0.0010324601662917545
sharecropper 0.0006779661016949153 1.6989700043360187 0.001151844070736284
parent 0.0006779661016949153 0.4559319556497244 0.00030910641060998267
chafed 0.0006779661016949153 2.0 0.0013559322033898306
unfairness 0.0006779661016949153 2.0 0.0013559322033898306
particularly 0.0006779661016949153 1.0 0.0006779661016949153
disappointed 0.0006779661016949153 1.6989700043360187 0.001151844070736284
supreme 0.005423728813559322 0.585026652029182 0.003173025909310818
ruling 0.0006779661016949153 0.9208187539523752 0.0006242839009846612
brown 0.002033898305084746 0.8239087409443188 0.0016757465917511568
v 0.0013559322033898306 0.8860566476931633 0.0012014327426347977
board 0.0006779661016949153 0.8239087409443188 0.0005585821972503857
education 0.002033898305084746 0.19382002601611284 0.00039421022240565323
xa 0.005423728813559322 0.17392519729917358 0.0009433231039955177
affect 0.0006779661016949153 1.5228787452803376 0.0010324601662917545
school 0.0013559322033898306 0.14874165128092467 0.000201683594957186
however 0.0013559322033898306 0.32790214206428253 0.0004446130739854679
hearing 0.0006779661016949153 1.0969100130080565 0.0007436678054291908
sermon 0.0006779661016949153 2.0 0.0013559322033898306
news 0.0013559322033898306 0.585026652029182 0.0007932564773277045
montgomery 0.0013559322033898306 1.045757490560675 0.001417976258387356
boycott 0.0006779661016949153 1.2218487496163564 0.0008283720336382077
see 0.002033898305084746 0.04575749056067514 9.306608249628843e-05
left 0.0013559322033898306 0.2924298239020636 0.00039651501546042527
attend 0.002033898305084746 0.7958800173440752 0.0016187390183269328
baptist 0.0013559322033898306 0.8860566476931633 0.0012014327426347977
theological 0.0006779661016949153 1.3979400086720377 0.0009477559380827375
seminary 0.0006779661016949153 1.3979400086720377 0.0009477559380827375
nashville 0.0006779661016949153 1.2218487496163564 0.0008283720336382077
tennessee 0.0006779661016949153 1.0 0.0006779661016949153
learned 0.0006779661016949153 0.6989700043360189 0.00047387796904136873
nonviolent 0.0013559322033898306 1.0969100130080565 0.0014873356108583817
protest 0.002033898305084746 0.7447274948966939 0.0015146999896203943
organize 0.0006779661016949153 1.1549019599857433 0.0007829843796513514
sit 0.0013559322033898306 0.958607314841775 0.001299806528599017
in 0.0006779661016949153 1.5228787452803376 0.0010324601662917545
segregated 0.0013559322033898306 1.1549019599857433 0.0015659687593027028
lunch 0.0006779661016949153 1.5228787452803376 0.0010324601662917545
counter 0.0006779661016949153 1.6989700043360187 0.001151844070736284
upset 0.0006779661016949153 1.1549019599857433 0.0007829843796513514
committed 0.0006779661016949153 0.9208187539523752 0.0006242839009846612
went 0.0006779661016949153 0.32790214206428253 0.00022230653699273394
participate 0.0006779661016949153 1.3010299956639813 0.0008820542343484619
challenged 0.0006779661016949153 1.045757490560675 0.000708988129193678
facility 0.0006779661016949153 1.3010299956639813 0.0008820542343484619
encountered 0.0006779661016949153 1.3979400086720377 0.0009477559380827375
interstate 0.0006779661016949153 1.6989700043360187 0.001151844070736284
south 0.002033898305084746 0.40893539297350084 0.0008317330026579678
deemed 0.0006779661016949153 1.3010299956639813 0.0008820542343484619
illegal 0.0006779661016949153 1.0969100130080565 0.0007436678054291908
dangerous 0.0006779661016949153 1.2218487496163564 0.0008283720336382077
resulted 0.0006779661016949153 0.8860566476931633 0.0006007163713173989
arrest 0.0006779661016949153 1.3010299956639813 0.0008820542343484619
beating 0.0006779661016949153 2.0 0.0013559322033898306
many 0.0013559322033898306 0.28399665636520083 0.0003850802120206113
involved 0.0006779661016949153 0.4559319556497244 0.00030910641060998267
including 0.002711864406779661 0.2365720064370627 0.0006415512038971192
chairman 0.0006779661016949153 0.8860566476931633 0.0006007163713173989
student 0.0006779661016949153 0.6020599913279624 0.0004081762653070932
coordinating 0.0006779661016949153 1.6989700043360187 0.001151844070736284
committee 0.0006779661016949153 0.638272163982407 0.0004327268908355302
year 0.0013559322033898306 0.24995468798823245 0.00033892161083150165
plan 0.0006779661016949153 0.6989700043360189 0.00047387796904136873
event 0.0006779661016949153 0.721246399047171 0.0004889806095235059
alter 0.0006779661016949153 1.3010299956639813 0.0008820542343484619
speech 0.0013559322033898306 0.7447274948966939 0.001009799993080263
order 0.0006779661016949153 0.494850021680094 0.00033549154012209765
please 0.0006779661016949153 1.2218487496163564 0.0008283720336382077
organizer 0.0006779661016949153 2.0 0.0013559322033898306
delivered 0.0006779661016949153 0.8239087409443188 0.0005585821972503857
powerful 0.0013559322033898306 0.721246399047171 0.0009779612190470117
oration 0.0006779661016949153 1.5228787452803376 0.0010324601662917545
declared 0.0006779661016949153 0.5528419686577808 0.0003748081143442582
law 0.0013559322033898306 0.3665315444204135 0.0004969919246378488
easier 0.0006779661016949153 1.3979400086720377 0.0009477559380827375
vote 0.0013559322033898306 0.638272163982407 0.0008654537816710604
attention 0.0013559322033898306 0.6777807052660807 0.0009190246851065501
hosea 0.0006779661016949153 2.0 0.0013559322033898306
williams 0.0006779661016949153 0.8860566476931633 0.0006007163713173989
selma 0.0006779661016949153 1.2218487496163564 0.0008283720336382077
crossing 0.0006779661016949153 2.0 0.0013559322033898306
edmund 0.0006779661016949153 1.3979400086720377 0.0009477559380827375
pettus 0.0006779661016949153 1.5228787452803376 0.0010324601662917545
bridge 0.0006779661016949153 1.1549019599857433 0.0007829843796513514
marcher 0.0006779661016949153 1.5228787452803376 0.0010324601662917545
attacked 0.0006779661016949153 1.0969100130080565 0.0007436678054291908
trooper 0.0006779661016949153 1.5228787452803376 0.0010324601662917545
severely 0.0006779661016949153 1.3010299956639813 0.0008820542343484619
suffering 0.0006779661016949153 0.7958800173440752 0.0005395796727756442
fractured 0.0006779661016949153 1.3979400086720377 0.0009477559380827375
skull 0.0006779661016949153 1.5228787452803376 0.0010324601662917545
violent 0.0006779661016949153 0.958607314841775 0.0006499032642995085
attack 0.0013559322033898306 1.540607512240769 0.0020889593386315512
recorded 0.0006779661016949153 0.8860566476931633 0.0006007163713173989
disseminated 0.0006779661016949153 2.0 0.0013559322033898306
throughout 0.0006779661016949153 0.6020599913279624 0.0004081762653070932
country 0.0006779661016949153 0.27572413039921095 0.00018693161382997355
image 0.0013559322033898306 0.2218487496163564 0.00030081186388658494
proved 0.0006779661016949153 0.8860566476931633 0.0006007163713173989
ignore 0.0006779661016949153 2.0 0.0013559322033898306
labeled 0.0006779661016949153 1.6989700043360187 0.001151844070736284
sped 0.0006779661016949153 2.0 0.0013559322033898306
passage 0.0006779661016949153 1.0 0.0006779661016949153
congressman 0.0013559322033898306 0.958607314841775 0.001299806528599017
sncc 0.0006779661016949153 2.0 0.0013559322033898306
devastated 0.0006779661016949153 1.5228787452803376 0.0010324601662917545
assassination 0.0006779661016949153 2.0 0.0013559322033898306
kennedy 0.003389830508474576 0.06048074738138145 0.00020501948264875066
enfranchise 0.0006779661016949153 1.6989700043360187 0.001151844070736284
minority 0.0013559322033898306 2.1079053973095196 0.002858176809911213
director 0.0006779661016949153 0.5686362358410126 0.0003855160920956018
project 0.0006779661016949153 1.045757490560675 0.000708988129193678
tenure 0.0006779661016949153 0.9208187539523752 0.0006242839009846612
vep 0.0006779661016949153 2.0 0.0013559322033898306
register 0.0006779661016949153 1.3979400086720377 0.0009477559380827375
million 0.0006779661016949153 0.958607314841775 0.0006499032642995085
ran 0.0013559322033898306 0.48148606012211254 0.0006528624544028645
office 0.0013559322033898306 0.31875876262441283 0.00043221527135513607
winning 0.0006779661016949153 0.4202164033831899 0.0002848924768699593
seat 0.0006779661016949153 0.619788758288394 0.0004201957683311146
atlanta 0.0013559322033898306 0.8239087409443188 0.0011171643945007714
city 0.0006779661016949153 0.3665315444204135 0.0002484959623189244
council 0.0006779661016949153 0.7695510786217261 0.0005217295448282889
house 0.002033898305084746 0.32790214206428253 0.0006669196109782018
representative 0.002033898305084746 1.4814860601221125 0.0030131919866890422
representing 0.0006779661016949153 0.8860566476931633 0.0006007163713173989
georgia 0.0006779661016949153 0.721246399047171 0.0004889806095235059
th 0.002711864406779661 0.2076083105017461 0.0005630055878013455
district 0.0006779661016949153 0.721246399047171 0.0004889806095235059
respected 0.0006779661016949153 1.3979400086720377 0.0009477559380827375
entering 0.0006779661016949153 1.045757490560675 0.000708988129193678
called 0.0006779661016949153 0.3010299956639812 0.0002040881326535466
healthcare 0.0006779661016949153 0.958607314841775 0.0006499032642995085
reform 0.0006779661016949153 0.7958800173440752 0.0005395796727756442
measure 0.0013559322033898306 1.0 0.0013559322033898306
poverty 0.0006779661016949153 1.1549019599857433 0.0007829843796513514
improvement 0.0006779661016949153 2.0 0.0013559322033898306
importantly 0.0006779661016949153 2.0 0.0013559322033898306
oversaw 0.0006779661016949153 1.1549019599857433 0.0007829843796513514
multiple 0.0006779661016949153 0.721246399047171 0.0004889806095235059
renewal 0.0006779661016949153 2.0 0.0013559322033898306
struck 0.0006779661016949153 0.9208187539523752 0.0006242839009846612
part 0.0006779661016949153 0.3372421683184259 0.00022863875818198367
shelby 0.0006779661016949153 2.0 0.0013559322033898306
county 0.0006779661016949153 0.8239087409443188 0.0005585821972503857
holder 0.0006779661016949153 2.0 0.0013559322033898306
decried 0.0006779661016949153 1.5228787452803376 0.0010324601662917545
decision 0.0013559322033898306 0.585026652029182 0.0007932564773277045
dagger 0.0006779661016949153 2.0 0.0013559322033898306
wake 0.0006779661016949153 1.3010299956639813 0.0008820542343484619
shooting 0.0006779661016949153 0.958607314841775 0.0006499032642995085
took 0.0006779661016949153 0.28399665636520083 0.00019254010601030565
june 0.0013559322033898306 0.28399665636520083 0.0003850802120206113
orlando 0.0006779661016949153 1.6989700043360187 0.001151844070736284
florida 0.0013559322033898306 0.7447274948966939 0.001009799993080263
comprised 0.0006779661016949153 2.0 0.0013559322033898306
democrat 0.0006779661016949153 0.7695510786217261 0.0005217295448282889
floor 0.0006779661016949153 1.3979400086720377 0.0009477559380827375
nd 0.0006779661016949153 1.0969100130080565 0.0007436678054291908
force 0.0006779661016949153 0.6575773191777938 0.00044581513164596194
address 0.0006779661016949153 0.7695510786217261 0.0005217295448282889
taking 0.0006779661016949153 0.6020599913279624 0.0004081762653070932
definitive 0.0006779661016949153 2.0 0.0013559322033898306
legislative 0.0006779661016949153 0.8239087409443188 0.0005585821972503857
action 0.0013559322033898306 0.585026652029182 0.0007932564773277045
x 0.01288135593220339 0.4559319556497244 0.00587302180158967
c 0.006101694915254237 0.35654732351381263 0.002175542990931738
quiet 0.0006779661016949153 0.958607314841775 0.0006499032642995085
long 0.0006779661016949153 0.4559319556497244 0.00030910641060998267
say 0.0006779661016949153 0.721246399047171 0.0004889806095235059
noise 0.0006779661016949153 1.5228787452803376 0.0010324601662917545
move 0.0006779661016949153 0.721246399047171 0.0004889806095235059
foot 0.0006779661016949153 1.3010299956639813 0.0008820542343484619
came 0.0013559322033898306 0.3010299956639812 0.0004081762653070932
several 0.0013559322033898306 0.32790214206428253 0.0004446130739854679
bill 0.0006779661016949153 0.4202164033831899 0.0002848924768699593
regarding 0.0006779661016949153 0.9208187539523752 0.0006242839009846612
background 0.0006779661016949153 0.7958800173440752 0.0005395796727756442
check 0.0013559322033898306 1.3716110699496886 0.0018598116202707643
adding 0.0013559322033898306 0.958607314841775 0.001299806528599017
restriction 0.0006779661016949153 1.1549019599857433 0.0007829843796513514
purchase 0.0006779661016949153 1.0 0.0006779661016949153
federal 0.0013559322033898306 0.6020599913279624 0.0008163525306141864
list 0.0006779661016949153 0.958607314841775 0.0006499032642995085
failed 0.0006779661016949153 0.5376020021010439 0.0003644759336278264
senate 0.0013559322033898306 0.5686362358410126 0.0007710321841912036
senator 0.0013559322033898306 0.5228787452803376 0.0007089881291936781
chris 0.0006779661016949153 1.045757490560675 0.000708988129193678
murphy 0.0013559322033898306 1.5228787452803376 0.002064920332583509
applauded 0.0006779661016949153 1.5228787452803376 0.0010324601662917545
previously 0.0006779661016949153 0.7695510786217261 0.0005217295448282889
filibuster 0.0006779661016949153 1.5228787452803376 0.0010324601662917545
subsequent 0.0006779661016949153 0.9208187539523752 0.0006242839009846612
read 0.002711864406779661 0.0655015487564323 0.00017763131866151133
next 0.0006779661016949153 0.07058107428570728 4.78515757869202e-05
bella 0.0006779661016949153 0.0655015487564323 4.440782966537783e-05
hadid 0.0006779661016949153 0.0655015487564323 4.440782966537783e-05
sadie 0.0006779661016949153 0.06048074738138145 4.100389652975014e-05
alexander 0.0006779661016949153 0.05551732784983141 3.7638866338868754e-05
adrienne 0.0006779661016949153 0.0655015487564323 4.440782966537783e-05
clashing 0.0006779661016949153 2.0 0.0013559322033898306
donald 0.0013559322033898306 0.494850021680094 0.0006709830802441953
trump 0.0047457627118644066 0.5086383061657272 0.00241387670722718
also 0.0047457627118644066 0.0861861476162833 0.0004090190056365987
presidency 0.0013559322033898306 0.4685210829577449 0.0006352828243494846
november 0.0006779661016949153 0.24412514432750856 0.00016550857242542954
interview 0.0013559322033898306 0.585026652029182 0.0007932564773277045
chuck 0.0006779661016949153 1.2218487496163564 0.0008283720336382077
todd 0.0006779661016949153 1.5228787452803376 0.0010324601662917545
nbc 0.0006779661016949153 1.1549019599857433 0.0007829843796513514
meet 0.0006779661016949153 0.9208187539523752 0.0006242839009846612
press 0.0006779661016949153 0.7958800173440752 0.0005395796727756442
aired 0.0006779661016949153 1.2218487496163564 0.0008283720336382077
january 0.0013559322033898306 0.2676062401770315 0.00036285591888411055
legitimate 0.0006779661016949153 1.5228787452803376 0.0010324601662917545
russian 0.0013559322033898306 2.3565473235138126 0.003195318404764492
interference 0.0006779661016949153 1.3010299956639813 0.0008820542343484619
election 0.002033898305084746 0.44369749923271273 0.0009024355916597548
think 0.0006779661016949153 0.585026652029182 0.00039662823866385224
participated 0.0006779661016949153 1.1549019599857433 0.0007829843796513514
helping 0.0013559322033898306 0.958607314841775 0.001299806528599017
destroy 0.0006779661016949153 1.2218487496163564 0.0008283720336382077
candidacy 0.0006779661016949153 0.9208187539523752 0.0006242839009846612
hillary 0.0006779661016949153 0.853871964321762 0.0005788962469978048
clinton 0.0006779661016949153 0.5228787452803376 0.00035449406459683907
inauguration 0.002711864406779661 1.0 0.002711864406779661
responded 0.0006779661016949153 1.0969100130080565 0.0007436678054291908
twitter 0.0006779661016949153 1.0969100130080565 0.0007436678054291908
criticizing 0.0006779661016949153 2.0 0.0013559322033898306
tweeting 0.0013559322033898306 1.5228787452803376 0.002064920332583509
talk 0.002033898305084746 0.6989700043360189 0.0014216339071241061
result 0.0013559322033898306 1.045757490560675 0.001417976258387356
sad 0.0006779661016949153 1.3979400086720377 0.0009477559380827375
elect 0.0006779661016949153 0.8860566476931633 0.0006007163713173989
holiday 0.0006779661016949153 1.045757490560675 0.000708988129193678
prompted 0.0006779661016949153 1.2218487496163564 0.0008283720336382077
vocal 0.0006779661016949153 0.853871964321762 0.0005788962469978048
icon 0.0013559322033898306 1.0 0.0013559322033898306
across 0.0006779661016949153 0.8239087409443188 0.0005585821972503857
medium 0.0006779661016949153 0.5086383061657272 0.0003448395296038829
democratic 0.0013559322033898306 0.3872161432802645 0.0005250388383461214
lawmaker 0.0006779661016949153 1.2218487496163564 0.0008283720336382077
boycotted 0.0013559322033898306 2.0 0.002711864406779661
war 0.0013559322033898306 0.35654732351381263 0.00048345399798483074
word 0.0006779661016949153 0.7447274948966939 0.0005048999965401315
missed 0.0013559322033898306 1.6989700043360187 0.002303688141472568
lie 0.0006779661016949153 1.5228787452803376 0.0010324601662917545
bush 0.002711864406779661 0.7447274948966939 0.002019599986160526
hypocritical 0.0006779661016949153 2.0 0.0013559322033898306
swearing 0.0006779661016949153 1.5228787452803376 0.0010324601662917545
sound 0.0006779661016949153 1.045757490560675 0.000708988129193678
familiar 0.0006779661016949153 1.2218487496163564 0.0008283720336382077
spokeswoman 0.0006779661016949153 2.0 0.0013559322033898306
confirmed 0.0006779661016949153 0.8860566476931633 0.0006007163713173989
george 0.0006779661016949153 0.4685210829577449 0.0003176414121747423
w 0.0013559322033898306 0.6989700043360189 0.0009477559380827375
absence 0.0006779661016949153 1.3010299956639813 0.0008820542343484619
form 0.0006779661016949153 0.7447274948966939 0.0005048999965401315
dissent 0.0006779661016949153 1.3010299956639813 0.0008820542343484619
outcome 0.0006779661016949153 1.3979400086720377 0.0009477559380827375
controversy 0.0006779661016949153 1.1549019599857433 0.0007829843796513514
unprecedented 0.0006779661016949153 1.3010299956639813 0.0008820542343484619
intervention 0.0006779661016949153 1.5228787452803376 0.0010324601662917545
reflected 0.0006779661016949153 1.0969100130080565 0.0007436678054291908
fair 0.0006779661016949153 1.0969100130080565 0.0007436678054291908
open 0.0006779661016949153 0.7447274948966939 0.0005048999965401315
process 0.0006779661016949153 0.7958800173440752 0.0005395796727756442
l 0.0006779661016949153 1.0 0.0006779661016949153
r 0.0006779661016949153 0.5086383061657272 0.0003448395296038829
joachim 0.0006779661016949153 2.0 0.0013559322033898306
prinz 0.0006779661016949153 2.0 0.0013559322033898306
eugene 0.0006779661016949153 1.6989700043360187 0.001151844070736284
carson 0.0006779661016949153 2.0 0.0013559322033898306
blake 0.0006779661016949153 1.6989700043360187 0.001151844070736284
floyd 0.0006779661016949153 1.3979400086720377 0.0009477559380827375
mckissick 0.0006779661016949153 2.0 0.0013559322033898306
matthew 0.0006779661016949153 1.6989700043360187 0.001151844070736284
ahmann 0.0006779661016949153 2.0 0.0013559322033898306
kelley 0.0006779661016949153 2.0 0.0013559322033898306
picture 0.0006779661016949153 0.9208187539523752 0.0006242839009846612
collection 0.0006779661016949153 0.853871964321762 0.0005788962469978048
via 0.0006779661016949153 0.5086383061657272 0.0003448395296038829
getty 0.0006779661016949153 0.2291479883578558 0.00015535456837820734
cancer 0.002033898305084746 0.8239087409443188 0.0016757465917511568
diagnosis 0.0006779661016949153 1.3010299956639813 0.0008820542343484619
december 0.0006779661016949153 0.40893539297350084 0.00027724433421932263
announced 0.0006779661016949153 0.40893539297350084 0.00027724433421932263
diagnosed 0.0006779661016949153 1.0 0.0006779661016949153
stage 0.0006779661016949153 0.721246399047171 0.0004889806095235059
pancreatic 0.0006779661016949153 1.5228787452803376 0.0010324601662917545
although 0.0006779661016949153 0.431798275933005 0.0002927445938528848
clear 0.0006779661016949153 0.9208187539523752 0.0006242839009846612
eyed 0.0006779661016949153 1.3010299956639813 0.0008820542343484619
prognosis 0.0006779661016949153 2.0 0.0013559322033898306
felt 0.0006779661016949153 0.6020599913279624 0.0004081762653070932
encouraged 0.0013559322033898306 0.8239087409443188 0.0011171643945007714
medical 0.0006779661016949153 0.7447274948966939 0.0005048999965401315
advancement 0.0006779661016949153 2.0 0.0013559322033898306
type 0.0006779661016949153 1.3979400086720377 0.0009477559380827375
treatable 0.0006779661016949153 2.0 0.0013559322033898306
case 0.0006779661016949153 0.958607314841775 0.0006499032642995085
intended 0.0006779661016949153 1.0 0.0006779661016949153
return 0.0006779661016949153 0.7447274948966939 0.0005048999965401315
soon 0.0006779661016949153 0.40893539297350084 0.00027724433421932263
possible 0.0006779661016949153 0.7695510786217261 0.0005217295448282889
passed 0.0006779661016949153 0.6777807052660807 0.00045951234255327505
away 0.0006779661016949153 0.5376020021010439 0.0003644759336278264
blow 0.0006779661016949153 1.5228787452803376 0.0010324601662917545
progress 0.0013559322033898306 1.0 0.0013559322033898306
occurred 0.0006779661016949153 1.3979400086720377 0.0009477559380827375
barack 0.0013559322033898306 0.3872161432802645 0.0005250388383461214
obama 0.0013559322033898306 0.37675070960209955 0.0005108484197994571
stated 0.0006779661016949153 0.7447274948966939 0.0005048999965401315
addition 0.0006779661016949153 0.6777807052660807 0.00045951234255327505
reached 0.0006779661016949153 0.721246399047171 0.0004889806095235059
younger 0.0006779661016949153 0.585026652029182 0.00039662823866385224
generation 0.0006779661016949153 1.0 0.0006779661016949153
series 0.0013559322033898306 0.37675070960209955 0.0005108484197994571
graphic 0.0013559322033898306 2.0 0.002711864406779661
novel 0.0013559322033898306 2.318758762624413 0.003144079678134797
book 0.0033898305084745766 1.306273051076353 0.00442804424093679
award 0.002711864406779661 1.216096420727265 0.0032978885985824142
third 0.0006779661016949153 0.4202164033831899 0.0002848924768699593
installment 0.0006779661016949153 1.6989700043360187 0.001151844070736284
three 0.0006779661016949153 0.2076083105017461 0.00014075139695033637
mark 0.0006779661016949153 1.2218487496163564 0.0008283720336382077
honor 0.0013559322033898306 0.7695510786217261 0.0010434590896565778
accepted 0.0006779661016949153 0.619788758288394 0.0004201957683311146
co 0.0006779661016949153 0.4202164033831899 0.0002848924768699593
writer 0.0013559322033898306 2.0 0.002711864406779661
andrew 0.002033898305084746 0.7447274948966939 0.0015146999896203943
aydin 0.0006779661016949153 2.0 0.0013559322033898306
illustrator 0.0006779661016949153 2.0 0.0013559322033898306
nate 0.0006779661016949153 2.0 0.0013559322033898306
powell 0.0006779661016949153 1.5228787452803376 0.0010324601662917545
significance 0.0006779661016949153 2.0 0.0013559322033898306
emotional 0.0006779661016949153 0.9208187539523752 0.0006242839009846612
acceptance 0.0006779661016949153 1.3010299956639813 0.0008820542343484619
rural 0.0006779661016949153 1.045757490560675 0.000708988129193678
poor 0.0006779661016949153 0.7958800173440752 0.0005395796727756442
remember 0.0006779661016949153 1.1549019599857433 0.0007829843796513514
old 0.0006779661016949153 0.28399665636520083 0.00019254010601030565
public 0.0006779661016949153 0.2596373105057561 0.00017602529525813975
library 0.002033898305084746 1.3979400086720377 0.0028432678142482123
card 0.0006779661016949153 1.5228787452803376 0.0010324601662917545
told 0.0013559322033898306 0.44369749923271273 0.0006016237277731699
white 0.0006779661016949153 1.5228787452803376 0.0010324601662917545
colored 0.0006779661016949153 2.0 0.0013559322033898306
receive 0.0013559322033898306 0.05551732784983141 7.527773267773751e-05
importance 0.0006779661016949153 1.0 0.0006779661016949153
wonderful 0.0006779661016949153 1.3979400086720377 0.0009477559380827375
teacher 0.0006779661016949153 0.6989700043360189 0.00047387796904136873
elementary 0.0006779661016949153 0.8860566476931633 0.0006007163713173989
tried 0.0006779661016949153 0.8239087409443188 0.0005585821972503857
honored 0.0006779661016949153 1.0 0.0006779661016949153
naacp 0.0006779661016949153 0.958607314841775 0.0006499032642995085
spingarn 0.0006779661016949153 1.6989700043360187 0.001151844070736284
sole 0.0006779661016949153 2.0 0.0013559322033898306
f 0.002033898305084746 0.721246399047171 0.0014669418285705174
profile 0.0006779661016949153 0.853871964321762 0.0005788962469978048
achievement 0.0006779661016949153 0.8860566476931633 0.0006007163713173989
strive 0.0006779661016949153 0.07058107428570728 4.78515757869202e-05
accuracy 0.0006779661016949153 0.07058107428570728 4.78515757869202e-05
fairness 0.0006779661016949153 0.07058107428570728 4.78515757869202e-05
look 0.0006779661016949153 0.07058107428570728 4.78515757869202e-05
citation 0.0006779661016949153 0.07058107428570728 4.78515757869202e-05
information 0.0006779661016949153 0.07058107428570728 4.78515757869202e-05
article 0.0013559322033898306 1.3716110699496886 0.0018598116202707643
title 0.0006779661016949153 0.07058107428570728 4.78515757869202e-05
author 0.0006779661016949153 0.06048074738138145 4.100389652975014e-05
com 0.0013559322033898306 0.06048074738138145 8.200779305950028e-05
editor 0.0006779661016949153 0.1023729087095586 6.940536183698888e-05
website 0.0013559322033898306 0.0655015487564323 8.881565933075566e-05
url 0.0006779661016949153 0.07058107428570728 4.78515757869202e-05
access 0.0006779661016949153 0.07058107428570728 4.78515757869202e-05
publisher 0.0006779661016949153 0.07058107428570728 4.78515757869202e-05
e 0.0013559322033898306 0.04575749056067514 6.204405499752562e-05
television 0.0013559322033898306 0.04575749056067514 6.204405499752562e-05
network 0.0013559322033898306 0.04575749056067514 6.204405499752562e-05
last 0.0006779661016949153 0.0655015487564323 4.440782966537783e-05
updated 0.0006779661016949153 0.07058107428570728 4.78515757869202e-05
original 0.0006779661016949153 0.0655015487564323 4.440782966537783e-05
published 0.0006779661016949153 0.07058107428570728 4.78515757869202e-05
april 0.0006779661016949153 0.1549019599857432 0.00010501827795643607
story 0.002033898305084746 0.05551732784983141 0.00011291659901660626
shaped 0.0013559322033898306 0.05551732784983141 7.527773267773751e-05
sign 0.0006779661016949153 0.05551732784983141 3.7638866338868754e-05
person 0.006101694915254237 0.05060999335508724 0.0003088067391157866
negotiated 0.0006779661016949153 1.3010299956639813 0.0008820542343484619
nuclear 0.0006779661016949153 0.958607314841775 0.0006499032642995085
test 0.0006779661016949153 1.0 0.0006779661016949153
ban 0.0006779661016949153 0.8860566476931633 0.0006007163713173989
treaty 0.0006779661016949153 1.0969100130080565 0.0007436678054291908
initiated 0.0006779661016949153 1.2218487496163564 0.0008283720336382077
alliance 0.0006779661016949153 1.2218487496163564 0.0008283720336382077
assassinated 0.0006779661016949153 1.0969100130080565 0.0007436678054291908
mccain 0.0013559322033898306 1.0969100130080565 0.0014873356108583817
vietnam 0.0006779661016949153 0.9208187539523752 0.0006242839009846612
veteran 0.0006779661016949153 0.9208187539523752 0.0006242839009846612
arizona 0.0006779661016949153 0.958607314841775 0.0006499032642995085
republican 0.0006779661016949153 0.6777807052660807 0.00045951234255327505
nominee 0.0006779661016949153 0.7695510786217261 0.0005217295448282889
loss 0.0006779661016949153 0.7447274948966939 0.0005048999965401315
jesse 0.0013559322033898306 1.2218487496163564 0.0016567440672764155
jackson 0.0013559322033898306 0.5228787452803376 0.0007089881291936781
minister 0.0006779661016949153 0.5376020021010439 0.0003644759336278264
politician 0.0006779661016949153 0.6575773191777938 0.00044581513164596194
twice 0.0006779661016949153 0.958607314841775 0.0006499032642995085
young 0.0013559322033898306 0.3010299956639812 0.0004081762653070932
activist 0.0006779661016949153 0.494850021680094 0.00033549154012209765
alongside 0.0006779661016949153 0.7695510786217261 0.0005217295448282889
mayor 0.0006779661016949153 0.6777807052660807 0.00045951234255327505
ambassador 0.0006779661016949153 0.8239087409443188 0.0005585821972503857
nation 0.0006779661016949153 0.6575773191777938 0.00044581513164596194
coltrane 0.0013559322033898306 1.5228787452803376 0.002064920332583509
acclaimed 0.0006779661016949153 0.7958800173440752 0.0005395796727756442
saxophonist 0.0006779661016949153 1.3979400086720377 0.0009477559380827375
bandleader 0.0006779661016949153 1.5228787452803376 0.0010324601662917545
composer 0.0006779661016949153 1.2218487496163564 0.0008283720336382077
becoming 0.0006779661016949153 0.3372421683184259 0.00022863875818198367
iconic 0.0006779661016949153 1.045757490560675 0.000708988129193678
figure 0.0006779661016949153 0.6777807052660807 0.00045951234255327505
jazz 0.0006779661016949153 1.0969100130080565 0.0007436678054291908
century 0.0013559322033898306 0.494850021680094 0.0006709830802441953
album 0.0006779661016949153 0.5686362358410126 0.0003855160920956018
giant 0.0006779661016949153 1.3979400086720377 0.0009477559380827375
step 0.0006779661016949153 1.0969100130080565 0.0007436678054291908
favorite 0.0006779661016949153 0.8239087409443188 0.0005585821972503857
marshall 0.0013559322033898306 1.1549019599857433 0.0015659687593027028
fourth 0.0006779661016949153 0.721246399047171 0.0004889806095235059
largely 0.0006779661016949153 0.853871964321762 0.0005788962469978048
responsible 0.0006779661016949153 0.7695510786217261 0.0005217295448282889
establishing 0.0006779661016949153 1.045757490560675 0.000708988129193678
role 0.0006779661016949153 0.3665315444204135 0.0002484959623189244
government 0.0006779661016949153 0.494850021680094 0.00033549154012209765
barbara 0.0013559322033898306 1.045757490560675 0.001417976258387356
jordan 0.0013559322033898306 1.3010299956639813 0.0017641084686969238
congressional 0.0006779661016949153 0.721246399047171 0.0004889806095235059
texas 0.0006779661016949153 0.619788758288394 0.0004201957683311146
congresswoman 0.0006779661016949153 1.045757490560675 0.000708988129193678
dickinson 0.0013559322033898306 1.5228787452803376 0.002064920332583509
statesman 0.0006779661016949153 1.1549019599857433 0.0007829843796513514
delegate 0.0006779661016949153 1.6989700043360187 0.001151844070736284
continental 0.0006779661016949153 1.3979400086720377 0.0009477559380827375
confederation 0.0006779661016949153 1.6989700043360187 0.001151844070736284
militant 0.0006779661016949153 1.2218487496163564 0.0008283720336382077
abolitionist 0.0006779661016949153 1.0969100130080565 0.0007436678054291908
raid 0.0006779661016949153 1.3010299956639813 0.0008820542343484619
harper 0.0006779661016949153 2.0 0.0013559322033898306
ferry 0.0006779661016949153 1.6989700043360187 0.001151844070736284
loading 0.0006779661016949153 0.04575749056067514 3.102202749876281e-05
logo 0.0006779661016949153 0.04575749056067514 3.102202749876281e-05
registered 0.0006779661016949153 0.04575749056067514 3.102202749876281e-05
trademark 0.0006779661016949153 0.04575749056067514 3.102202749876281e-05
llc 0.0006779661016949153 0.04575749056067514 3.102202749876281e-05
close 0.002711864406779661 0.04575749056067514 0.00012408810999505124
