george 0.024442082890541977 0.4685210829577449 0.011451631145619695
w 0.01753453772582359 0.6989700043360189 0.012256115910249003
bush 0.04516471838469713 0.7447274948966939 0.03363540758035015
painting 0.0005313496280552603 2.0 0.0010626992561105207
age 0.001594048884165781 0.11350927482751813 0.00018093933288127224
wife 0.0021253985122210413 0.3098039199714864 0.0006584567905876437
biography 0.006907545164718385 0.04575749056067514 0.00031607193267203874
skip 0.0005313496280552603 0.04575749056067514 2.4313225590156824e-05
main 0.0005313496280552603 0.04575749056067514 2.4313225590156824e-05
content 0.0005313496280552603 0.04575749056067514 2.4313225590156824e-05
people 0.004250797024442083 0.04575749056067514 0.0001945058047212546
nostalgia 0.001594048884165781 0.04575749056067514 7.293967677047046e-05
celebrity 0.001594048884165781 0.04575749056067514 7.293967677047046e-05
history 0.003188097768331562 0.04575749056067514 0.00014587935354094092
culture 0.001594048884165781 0.04575749056067514 7.293967677047046e-05
crime 0.0021253985122210413 0.04575749056067514 9.72529023606273e-05
scandal 0.0021253985122210413 0.04575749056067514 9.72529023606273e-05
video 0.0026567481402763014 0.8696662315049939 0.002310484143211992
contact 0.001594048884165781 0.04575749056067514 7.293967677047046e-05
u 0.007970244420828904 0.20065945054641832 0.001599304866204184
advertise 0.0010626992561105207 0.04575749056067514 4.862645118031365e-05
privacy 0.001594048884165781 0.04575749056067514 7.293967677047046e-05
notice 0.0010626992561105207 0.04575749056067514 4.862645118031365e-05
term 0.004250797024442083 0.5406075122407692 0.0022980128044240984
use 0.001594048884165781 0.04575749056067514 7.293967677047046e-05
copyright 0.0010626992561105207 0.04575749056067514 4.862645118031365e-05
policy 0.0010626992561105207 0.04575749056067514 4.862645118031365e-05
ad 0.0010626992561105207 0.04575749056067514 4.862645118031365e-05
choice 0.0010626992561105207 0.04575749056067514 4.862645118031365e-05
accessibility 0.0010626992561105207 0.04575749056067514 4.862645118031365e-05
support 0.001594048884165781 0.04575749056067514 7.293967677047046e-05
setting 0.0005313496280552603 0.04575749056067514 2.4313225590156824e-05
february 0.0005313496280552603 0.04575749056067514 2.4313225590156824e-05
subscribe 0.0010626992561105207 0.04575749056067514 4.862645118031365e-05
newsletter 0.001594048884165781 0.04575749056067514 7.293967677047046e-05
quick 0.0010626992561105207 0.07058107428570728 7.500645513890253e-05
fact 0.0010626992561105207 0.14116214857141457 0.00015001291027780505
name 0.0021253985122210413 0.05551732784983141 0.00011799644601451947
occupation 0.0005313496280552603 1.3979400086720377 0.0007427949036514546
governor 0.005313496280552604 0.6575773191777938 0.00349403463962696
birth 0.0010626992561105207 0.07058107428570728 7.500645513890253e-05
date 0.0021253985122210413 0.07058107428570728 0.00015001291027780505
july 0.0021253985122210413 0.37675070960209955 0.000800745397666524
education 0.0021253985122210413 0.19382002601611284 0.00041194479493328974
kinkaid 0.0005313496280552603 2.0 0.0010626992561105207
school 0.002656748140276302 0.14874165128092467 0.00039516910542222283
harvard 0.0010626992561105207 0.7447274948966939 0.0007914213548317682
business 0.004782146652497344 0.6989700043360189 0.0033425770664315462
yale 0.002656748140276302 1.3979400086720377 0.0037139745182572736
university 0.001594048884165781 0.2596373105057561 0.00041387456509950495
phillips 0.0010626992561105207 1.5228787452803376 0.0016183621097559378
academy 0.0010626992561105207 0.6020599913279624 0.0006398087049181322
place 0.0021253985122210413 0.07572071393811834 0.00016093669274839178
new 0.003188097768331562 0.14266750356873154 0.0004548379497409082
connecticut 0.0021253985122210413 1.1549019599857433 0.0024546269075148633
aka 0.0005313496280552603 0.853871964321762 0.0004537045506491828
jr 0.002656748140276302 0.32790214206428253 0.0008711534061218983
full 0.0010626992561105207 0.3010299956639812 0.0003199043524590661
walker 0.001594048884165781 1.5228787452803376 0.0024275431646339067
zodiac 0.0005313496280552603 0.3010299956639812 0.00015995217622953304
sign 0.0010626992561105207 0.05551732784983141 5.899822300725973e-05
cancer 0.0005313496280552603 0.8239087409443188 0.0004377836030522416
early 0.0021253985122210413 0.07572071393811834 0.00016093669274839178
life 0.006376195536663124 0.13679614097137055 0.0008722389434943924
personal 0.001594048884165781 0.3372421683184259 0.0005375805021016353
texas 0.007970244420828906 0.619788758288394 0.004939867892840548
first 0.0037194473963868225 0.0655015487564323 0.0002436295649814166
president 0.01275239107332625 1.0213630516155257 0.013024821062047087
iraq 0.004782146652497344 0.853871964321762 0.004083340955842646
war 0.005313496280552603 1.6575773191777938 0.008807530920179562
second 0.0021253985122210413 0.19382002601611284 0.00041194479493328974
white 0.0021253985122210413 0.3872161432802645 0.0008229886148358437
house 0.0031880977683315624 1.4828041020500258 0.0047273244486185735
related 0.0010626992561105207 0.7695510786217261 0.0008178013587903572
cite 0.0005313496280552603 0.07058107428570728 3.750322756945126e-05
page 0.0005313496280552603 0.07058107428570728 3.750322756945126e-05
quote 0.0005313496280552603 0.3872161432802645 0.00020574715370896092
freedom 0.001594048884165781 0.619788758288394 0.0009879735785681093
attacked 0.0005313496280552603 1.0969100130080565 0.0005828427274219216
morning 0.0010626992561105207 0.958607314841775 0.0010187112803844579
faceless 0.0005313496280552603 2.0 0.0010626992561105207
coward 0.0005313496280552603 1.6989700043360187 0.0009027470798809876
defended 0.0010626992561105207 1.2218487496163564 0.0012984577572968717
publish 0.0005313496280552603 0.07058107428570728 3.750322756945126e-05
feb 0.0005313496280552603 1.0969100130080565 0.0005828427274219216
comment 0.0010626992561105207 0.07058107428570728 7.500645513890253e-05
rd 0.001594048884165781 1.3010299956639813 0.00207390541285438
united 0.006907545164718385 0.18708664335714445 0.001292309438705036
state 0.006907545164718384 0.4930892744484819 0.0034060364334911075
led 0.0021253985122210413 0.37675070960209955 0.000800745397666524
country 0.0037194473963868225 0.27572413039921095 0.0010255413989343658
response 0.001594048884165781 0.853871964321762 0.0013611136519475484
attack 0.0026567481402763014 1.540607512240769 0.004093006143041362
initiated 0.0010626992561105207 1.2218487496163564 0.0012984577572968717
born 0.001594048884165781 0.09151498112135023 0.00014587935354094084
narrowly 0.0005313496280552603 1.3010299956639813 0.0006913018042847933
electoral 0.0021253985122210413 1.0 0.0021253985122210413
college 0.0010626992561105207 0.40893539297350084 0.0004345753379102028
vote 0.0026567481402763014 1.5590909179347823 0.004142111896744904
one 0.0037194473963868225 0.08092190762392613 0.00030098477862246703
closest 0.0005313496280552603 1.3010299956639813 0.0006913018042847933
controversial 0.001594048884165781 0.721246399047171 0.0011497020176097306
election 0.005313496280552603 1.2975694635544748 0.0068946305183553375
american 0.0026567481402763014 0.6552148773673394 0.0017407409069270438
terrorist 0.0026567481402763014 2.154901959985743 0.00572503177466988
presidency 0.002656748140276302 0.4685210829577449 0.0012447425158282279
businessman 0.001594048884165781 0.958607314841775 0.001528066920576687
served 0.001594048884165781 0.2676062401770315 0.00042657742854999706
eldest 0.0005313496280552603 1.0969100130080565 0.0005828427274219216
six 0.0005313496280552603 0.5686362358410126 0.00030214465241286534
child 0.0010626992561105207 0.5000381344038097 0.0005313901534578212
herbert 0.0005313496280552603 1.5228787452803376 0.0008091810548779689
barbara 0.0010626992561105207 1.045757490560675 0.0011113257072908342
pierce 0.0005313496280552603 1.5228787452803376 0.0008091810548779689
family 0.005844845908607864 0.11918640771920867 0.0006966261875192856
involved 0.0021253985122210413 0.4559319556497244 0.000969037100211954
politics 0.0010626992561105207 0.4685210829577449 0.000497897006331291
since 0.0005313496280552603 0.3372421683184259 0.00017919350070054512
grandfather 0.0010626992561105207 1.0 0.0010626992561105207
prescott 0.0005313496280552603 2.0 0.0010626992561105207
former 0.001594048884165781 0.27572413039921095 0.0004395177424004425
wall 0.0005313496280552603 0.5528419686577808 0.00029375237441964973
street 0.0005313496280552603 0.8239087409443188 0.0004377836030522416
banker 0.0005313496280552603 1.0 0.0005313496280552603
progressive 0.0005313496280552603 1.045757490560675 0.0005556628536454171
republican 0.0021253985122210413 1.5985994592184558 0.003397660912260267
senator 0.0010626992561105207 0.5228787452803376 0.0005556628536454172
father 0.004250797024442083 0.14874165128092467 0.0006322705686755565
diplomat 0.0005313496280552603 1.2218487496163564 0.0006492288786484359
vice 0.0005313496280552603 0.5376020021010439 0.00028565462385815295
h 0.0010626992561105207 1.3979400086720377 0.0014855898073029093
moved 0.001594048884165781 0.3872161432802645 0.0006172414611268828
midland 0.0021253985122210413 2.0 0.004250797024442083
made 0.003188097768331562 0.1804560644581313 0.0005753115763808649
fortune 0.0010626992561105207 1.0969100130080565 0.0011656854548438432
oil 0.0021253985122210413 1.0 0.0021253985122210413
young 0.001594048884165781 0.3010299956639812 0.0004798565286885991
spent 0.0005313496280552603 0.48148606012211254 0.0002558374389596772
childhood 0.0005313496280552603 0.6020599913279624 0.0003199043524590661
attending 0.0005313496280552603 0.9208187539523752 0.0004892767024189029
seventh 0.0005313496280552603 1.0 0.0005313496280552603
grade 0.0010626992561105207 2.6989700043360187 0.002868193415872496
houston 0.0005313496280552603 1.3979400086720377 0.0007427949036514546
sent 0.0010626992561105207 0.853871964321762 0.0009074091012983656
andover 0.0005313496280552603 2.0 0.0010626992561105207
massachusetts 0.0005313496280552603 0.7695510786217261 0.0004089006793951786
around 0.0005313496280552603 0.4559319556497244 0.0002422592750529885
athlete 0.0005313496280552603 1.3010299956639813 0.0006913018042847933
playing 0.0010626992561105207 0.8860566476931633 0.0009416117403753063
baseball 0.0010626992561105207 1.1549019599857433 0.0012273134537574316
basketball 0.0005313496280552603 1.045757490560675 0.0005556628536454171
football 0.0005313496280552603 1.2218487496163564 0.0006492288786484359
fair 0.0005313496280552603 1.0969100130080565 0.0005828427274219216
student 0.001594048884165781 0.6020599913279624 0.0009597130573771982
reputation 0.0021253985122210413 0.7958800173440752 0.001691562204769554
occasional 0.0005313496280552603 1.5228787452803376 0.0008091810548779689
troublemaker 0.0005313496280552603 1.5228787452803376 0.0008091810548779689
despite 0.001594048884165781 0.4202164033831899 0.0006698454889211315
connection 0.0005313496280552603 1.2218487496163564 0.0006492288786484359
helped 0.0010626992561105207 0.3372421683184259 0.00035838700140109023
enter 0.0005313496280552603 1.045757490560675 0.0005556628536454171
popular 0.001594048884165781 0.4685210829577449 0.0007468455094969366
becoming 0.0005313496280552603 0.3372421683184259 0.00017919350070054512
delta 0.0005313496280552603 1.5228787452803376 0.0008091810548779689
kappa 0.0005313496280552603 2.0 0.0010626992561105207
epsilon 0.0005313496280552603 2.0 0.0010626992561105207
fraternity 0.0005313496280552603 1.5228787452803376 0.0008091810548779689
also 0.0021253985122210413 0.0861861476162833 0.00018317990991771157
rugby 0.0005313496280552603 1.6989700043360187 0.0009027470798809876
took 0.0005313496280552603 0.28399665636520083 0.00015090151772858705
back 0.0005313496280552603 0.4202164033831899 0.00022328182964037718
seat 0.0010626992561105207 0.619788758288394 0.0006586490523787396
social 0.0010626992561105207 0.5228787452803376 0.0005556628536454172
privileged 0.0005313496280552603 1.6989700043360187 0.0009027470798809876
background 0.0005313496280552603 0.7958800173440752 0.0004228905511923885
comfortable 0.0005313496280552603 2.0 0.0010626992561105207
kind 0.0005313496280552603 1.3979400086720377 0.0007427949036514546
wide 0.0005313496280552603 2.0 0.0010626992561105207
circle 0.0005313496280552603 1.3979400086720377 0.0007427949036514546
friend 0.0026567481402763014 1.2069083998234196 0.003206451646714717
acquaintance 0.0005313496280552603 2.0 0.0010626992561105207
like 0.0010626992561105207 0.2365720064370627 0.0002514048952572398
became 0.003188097768331562 0.07572071393811834 0.0002414050391225877
member 0.001594048884165781 0.8386319977650252 0.001336820400263058
secretive 0.0005313496280552603 1.6989700043360187 0.0009027470798809876
skull 0.0005313496280552603 1.5228787452803376 0.0008091810548779689
bone 0.0005313496280552603 2.0 0.0010626992561105207
society 0.0005313496280552603 0.7695510786217261 0.0004089006793951786
invitation 0.0005313496280552603 1.5228787452803376 0.0008091810548779689
club 0.0005313496280552603 0.8239087409443188 0.0004377836030522416
whose 0.0005313496280552603 0.7695510786217261 0.0004089006793951786
membership 0.0005313496280552603 1.5228787452803376 0.0008091810548779689
contains 0.0005313496280552603 1.3979400086720377 0.0007427949036514546
powerful 0.0005313496280552603 0.721246399047171 0.0003832340058699102
elite 0.0005313496280552603 1.3979400086720377 0.0007427949036514546
two 0.0021253985122210413 0.11918640771920867 0.00025331861364337655
week 0.0005313496280552603 0.7695510786217261 0.0004089006793951786
graduation 0.0005313496280552603 1.045757490560675 0.0005556628536454171
end 0.001594048884165781 0.44369749923271273 0.0007072755035590532
draft 0.0005313496280552603 1.045757490560675 0.0005556628536454171
deferment 0.0005313496280552603 1.6989700043360187 0.0009027470798809876
enlisted 0.0005313496280552603 1.2218487496163564 0.0006492288786484359
air 0.0010626992561105207 0.8860566476931633 0.0009416117403753063
national 0.001594048884165781 0.3010299956639812 0.0004798565286885991
guard 0.001594048884165781 0.9208187539523752 0.0014678301072567086
vietnam 0.0005313496280552603 0.9208187539523752 0.0004892767024189029
height 0.0005313496280552603 1.6989700043360187 0.0009027470798809876
though 0.001594048884165781 0.3665315444204135 0.0005842691993949206
unit 0.0005313496280552603 1.5228787452803376 0.0008091810548779689
long 0.0005313496280552603 0.4559319556497244 0.0002422592750529885
waiting 0.0005313496280552603 1.2218487496163564 0.0006492288786484359
list 0.0005313496280552603 0.958607314841775 0.0005093556401922289
accepted 0.0005313496280552603 0.619788758288394 0.0003293245261893698
unsolicited 0.0005313496280552603 2.0 0.0010626992561105207
help 0.0005313496280552603 0.4559319556497244 0.0002422592750529885
commissioned 0.0005313496280552603 1.6989700043360187 0.0009027470798809876
lieutenant 0.0005313496280552603 1.6989700043360187 0.0009027470798809876
earned 0.0021253985122210413 0.40893539297350084 0.0008691506758204056
fighter 0.0010626992561105207 3.0457574905606752 0.0032367242195118755
pilot 0.0005313496280552603 1.3979400086720377 0.0007427949036514546
certification 0.0005313496280552603 1.6989700043360187 0.0009027470798809876
june 0.0005313496280552603 0.28399665636520083 0.00015090151772858705
irregular 0.0005313496280552603 2.0 0.0010626992561105207
attendance 0.0005313496280552603 1.5228787452803376 0.0008091810548779689
question 0.0005313496280552603 0.9208187539523752 0.0004892767024189029
whether 0.0005313496280552603 0.8860566476931633 0.00047080587018765314
completely 0.0005313496280552603 1.045757490560675 0.0005556628536454171
fulfilled 0.0005313496280552603 1.3010299956639813 0.0006913018042847933
military 0.002656748140276302 0.5528419686577808 0.0014687618720982487
obligation 0.0005313496280552603 2.0 0.0010626992561105207
honorably 0.0005313496280552603 2.0 0.0010626992561105207
discharged 0.0005313496280552603 1.6989700043360187 0.0009027470798809876
force 0.001594048884165781 1.543633966870957 0.0024606280024510475
reserve 0.0005313496280552603 1.6989700043360187 0.0009027470798809876
november 0.001594048884165781 0.24412514432750856 0.00038914741391207525
duty 0.0005313496280552603 0.958607314841775 0.0005093556401922289
continued 0.0010626992561105207 0.3372421683184259 0.00035838700140109023
enrolling 0.0005313496280552603 1.5228787452803376 0.0008091810548779689
master 0.0005313496280552603 1.6989700043360187 0.0009027470798809876
administration 0.006376195536663124 0.6575773191777938 0.004192841567552352
degree 0.0005313496280552603 0.5228787452803376 0.0002778314268227086
returned 0.001594048884165781 0.5086383061657272 0.0008107943243874504
entered 0.0010626992561105207 0.721246399047171 0.0007664680117398203
working 0.0005313496280552603 0.35654732351381263 0.0001894512877331629
later 0.0010626992561105207 0.09151498112135023 9.725290236062723e-05
started 0.0005313496280552603 0.6020599913279624 0.0003199043524590661
gas 0.0010626992561105207 1.0969100130080565 0.0011656854548438432
firm 0.0005313496280552603 0.6020599913279624 0.0003199043524590661
backyard 0.0005313496280552603 2.0 0.0010626992561105207
barbeque 0.0005313496280552603 2.0 0.0010626992561105207
introduced 0.0005313496280552603 0.9208187539523752 0.0004892767024189029
laura 0.001594048884165781 1.6989700043360187 0.0027082412396429627
welch 0.0005313496280552603 2.0 0.0010626992561105207
teacher 0.0010626992561105207 2.2218487496163566 0.002361157013407393
librarian 0.0005313496280552603 1.6989700043360187 0.0009027470798809876
three 0.001594048884165781 0.2076083105017461 0.0003309377956988514
month 0.0010626992561105207 0.585026652029182 0.0006217073879162401
courtship 0.0005313496280552603 1.6989700043360187 0.0009027470798809876
proposed 0.0005313496280552603 1.0969100130080565 0.0005828427274219216
married 0.0005313496280552603 0.24412514432750856 0.00012971580463735843
couple 0.0010626992561105207 0.40893539297350084 0.0004345753379102028
settled 0.0010626992561105207 1.1549019599857433 0.0012273134537574316
build 0.0005313496280552603 1.0 0.0005313496280552603
credit 0.001594048884165781 2.318758762624413 0.0036962148182110724
bringing 0.0005313496280552603 1.045757490560675 0.0005556628536454171
order 0.0005313496280552603 0.494850021680094 0.00026293837496285547
prior 0.0005313496280552603 0.853871964321762 0.0004537045506491828
marriage 0.0005313496280552603 0.5376020021010439 0.00028565462385815295
several 0.0010626992561105207 0.32790214206428253 0.0003484613624487593
embarrassing 0.0005313496280552603 2.0 0.0010626992561105207
episode 0.0010626992561105207 3.3979400086720375 0.0036109883195239506
alcohol 0.0005313496280552603 1.3979400086720377 0.0007427949036514546
soon 0.001594048884165781 0.40893539297350084 0.0006518630068653041
marrying 0.0005313496280552603 1.5228787452803376 0.0008091810548779689
joined 0.001594048884165781 0.4685210829577449 0.0007468455094969366
methodist 0.0010626992561105207 1.3979400086720377 0.0014855898073029093
church 0.0010626992561105207 0.619788758288394 0.0006586490523787396
christian 0.0010626992561105207 0.9208187539523752 0.0009785534048378057
enjoyed 0.0010626992561105207 0.6575773191777938 0.000698806927925392
arrival 0.0005313496280552603 1.6989700043360187 0.0009027470798809876
twin 0.0005313496280552603 1.2218487496163564 0.0006492288786484359
daughter 0.0005313496280552603 0.8239087409443188 0.0004377836030522416
jenna 0.0005313496280552603 1.3979400086720377 0.0007427949036514546
sold 0.0010626992561105207 0.8860566476931633 0.0009416117403753063
struggling 0.0005313496280552603 1.3010299956639813 0.0006913018042847933
harken 0.0005313496280552603 2.0 0.0010626992561105207
energy 0.0005313496280552603 0.8239087409443188 0.0004377836030522416
corporation 0.0005313496280552603 1.3979400086720377 0.0007427949036514546
stock 0.0010626992561105207 1.0969100130080565 0.0011656854548438432
board 0.0005313496280552603 0.8239087409443188 0.0004377836030522416
director 0.0005313496280552603 1.5228787452803376 0.0008091810548779689
time 0.005844845908607864 0.4791236183116582 0.0028004037202062912
quit 0.0005313496280552603 1.1549019599857433 0.0006136567268787158
drinking 0.0005313496280552603 1.5228787452803376 0.0008091810548779689
deeply 0.0005313496280552603 1.0969100130080565 0.0005828427274219216
washington 0.0010626992561105207 0.3979400086720376 0.0004228905511923885
dc 0.0005313496280552603 1.3979400086720377 0.0007427949036514546
work 0.0005313496280552603 0.2218487496163564 0.00011787925059317555
bid 0.0005313496280552603 0.6020599913279624 0.0003199043524590661
participating 0.0005313496280552603 1.2218487496163564 0.0006492288786484359
campaign 0.001594048884165781 0.3872161432802645 0.0006172414611268828
activity 0.0005313496280552603 1.0969100130080565 0.0005828427274219216
meeting 0.0010626992561105207 0.8860566476931633 0.0009416117403753063
influential 0.0005313496280552603 0.6777807052660807 0.000360138525646164
victory 0.001594048884165781 0.5686362358410126 0.0009064339572385961
group 0.0010626992561105207 0.37675070960209955 0.000400372698833262
investor 0.0005313496280552603 2.0 0.0010626992561105207
purchasing 0.0005313496280552603 2.0 0.0010626992561105207
ranger 0.0010626992561105207 2.0 0.0021253985122210413
team 0.001594048884165781 0.619788758288394 0.0009879735785681093
quickly 0.0010626992561105207 0.619788758288394 0.0006586490523787396
emerged 0.0005313496280552603 1.2218487496163564 0.0006492288786484359
leader 0.003188097768331562 0.37675070960209955 0.001201118096499786
savvy 0.0005313496280552603 1.6989700043360187 0.0009027470798809876
trade 0.0005313496280552603 2.0 0.0010626992561105207
well 0.001594048884165781 0.20065945054641826 0.00031986097324083676
successful 0.0010626992561105207 0.4559319556497244 0.000484518550105977
share 0.0005313496280552603 0.958607314841775 0.0005093556401922289
reported 0.0010626992561105207 0.7447274948966939 0.0007914213548317682
initial 0.0005313496280552603 0.8239087409443188 0.0004377836030522416
investment 0.0005313496280552603 0.853871964321762 0.0004537045506491828
reelection 0.0010626992561105207 1.0 0.0010626992561105207
loss 0.0005313496280552603 0.7447274948966939 0.0003957106774158841
bill 0.001594048884165781 0.4202164033831899 0.0006698454889211315
clinton 0.0021253985122210413 0.5228787452803376 0.0011113257072908344
decided 0.0010626992561105207 0.494850021680094 0.0005258767499257109
run 0.0005313496280552603 0.4559319556497244 0.0002422592750529885
affiliation 0.0005313496280552603 1.6989700043360187 0.0009027470798809876
incumbent 0.0005313496280552603 0.8860566476931633 0.00047080587018765314
democrat 0.0005313496280552603 0.7958800173440752 0.0004228905511923885
ann 0.0005313496280552603 1.0969100130080565 0.0005828427274219216
richards 0.0005313496280552603 1.5228787452803376 0.0008091810548779689
focused 0.0005313496280552603 0.6989700043360189 0.0003713974518257273
welfare 0.0005313496280552603 1.2218487496163564 0.0006492288786484359
tort 0.0005313496280552603 2.0 0.0010626992561105207
reform 0.0021253985122210413 0.7958800173440752 0.001691562204769554
reduction 0.0005313496280552603 1.1549019599857433 0.0006136567268787158
improvement 0.0005313496280552603 1.3010299956639813 0.0006913018042847933
contest 0.0005313496280552603 1.5228787452803376 0.0008091810548779689
contentious 0.0010626992561105207 1.3010299956639813 0.0013826036085695867
bare 0.0005313496280552603 1.6989700043360187 0.0009027470798809876
knuckled 0.0005313496280552603 2.0 0.0010626992561105207
accusation 0.0005313496280552603 1.1549019599857433 0.0006136567268787158
financial 0.0005313496280552603 0.8860566476931633 0.00047080587018765314
impropriety 0.0005313496280552603 2.0 0.0010626992561105207
side 0.0010626992561105207 1.5058454059815571 0.0016002607927540458
homosexuality 0.0005313496280552603 1.6989700043360187 0.0009027470798809876
percent 0.001594048884165781 0.8860566476931633 0.0014124176105629594
elected 0.0010626992561105207 0.3665315444204135 0.0003895127995966137
consecutive 0.0005313496280552603 1.2218487496163564 0.0006492288786484359
four 0.001594048884165781 0.28399665636520083 0.00045270455318576115
year 0.0026567481402763014 0.24995468798823245 0.0006640666524660797
appealed 0.0005313496280552603 1.2218487496163564 0.0006492288786484359
moderate 0.0005313496280552603 1.2218487496163564 0.0006492288786484359
conservative 0.0010626992561105207 1.3979400086720377 0.0014855898073029093
party 0.0005313496280552603 0.3979400086720376 0.00021144527559619424
bipartisan 0.0005313496280552603 1.0 0.0005313496280552603
governing 0.0005313496280552603 1.5228787452803376 0.0008091810548779689
implemented 0.0005313496280552603 1.2218487496163564 0.0006492288786484359
philosophy 0.0005313496280552603 1.2218487496163564 0.0006492288786484359
compassionate 0.0005313496280552603 2.0 0.0010626992561105207
conservatism 0.0005313496280552603 1.6989700043360187 0.0009027470798809876
combined 0.0005313496280552603 1.3979400086720377 0.0007427949036514546
limited 0.0005313496280552603 0.9208187539523752 0.0004892767024189029
government 0.001594048884165781 0.494850021680094 0.0007888151248885664
concern 0.0005313496280552603 1.0 0.0005313496280552603
underprivileged 0.0005313496280552603 2.0 0.0010626992561105207
responsibility 0.0005313496280552603 1.0969100130080565 0.0005828427274219216
previous 0.0010626992561105207 1.1549019599857433 0.0012273134537574316
gubernatorial 0.0005313496280552603 1.3010299956639813 0.0006913018042847933
left 0.002656748140276302 0.2924298239020636 0.000776912390813134
treasury 0.0005313496280552603 1.5228787452803376 0.0008091810548779689
surplus 0.001594048884165781 2.0 0.003188097768331562
pushed 0.0021253985122210413 0.7958800173440752 0.001691562204769554
tax 0.001594048884165781 0.7958800173440752 0.0012686716535771656
cut 0.001594048884165781 2.0555173278498313 0.0032765951028424513
increased 0.0005313496280552603 0.9208187539523752 0.0004892767024189029
funding 0.0005313496280552603 1.1549019599857433 0.0006136567268787158
promoted 0.0005313496280552603 0.8860566476931633 0.00047080587018765314
educational 0.0005313496280552603 1.0 0.0005313496280552603
tying 0.0005313496280552603 1.6989700043360187 0.0009027470798809876
salary 0.0005313496280552603 2.0 0.0010626992561105207
performance 0.0005313496280552603 0.8860566476931633 0.00047080587018765314
standardized 0.0005313496280552603 2.0 0.0010626992561105207
test 0.0005313496280552603 1.3979400086720377 0.0007427949036514546
signed 0.0005313496280552603 0.494850021680094 0.00026293837496285547
law 0.0005313496280552603 0.3665315444204135 0.00019475639979830685
legislation 0.0005313496280552603 0.8239087409443188 0.0004377836030522416
lowering 0.0005313496280552603 1.6989700043360187 0.0009027470798809876
juvenile 0.0005313496280552603 2.0 0.0010626992561105207
could 0.0010626992561105207 0.4202164033831899 0.00044656365928075437
tried 0.0005313496280552603 0.8239087409443188 0.0004377836030522416
adult 0.0005313496280552603 0.8860566476931633 0.00047080587018765314
court 0.0010626992561105207 1.7212463990471711 0.0018291672678503411
began 0.0010626992561105207 0.20065945054641826 0.0002132406488272245
quest 0.0005313496280552603 1.6989700043360187 0.0009027470798809876
series 0.0010626992561105207 0.37675070960209955 0.000400372698833262
primary 0.0005313496280552603 0.7695510786217261 0.0004089006793951786
presidential 0.002656748140276302 0.3665315444204135 0.0009737819989915344
nomination 0.0005313496280552603 0.5086383061657272 0.0002702647747958168
pitting 0.0005313496280552603 2.0 0.0010626992561105207
democratic 0.001594048884165781 0.3872161432802645 0.0006172414611268828
candidate 0.0010626992561105207 0.585026652029182 0.0006217073879162401
al 0.002656748140276302 0.7447274948966939 0.0019785533870794207
gore 0.001594048884165781 1.1549019599857433 0.0018409701806361475
close 0.002656748140276302 0.04575749056067514 0.00012156612795078412
day 0.0005313496280552603 0.2924298239020636 0.0001553824781626268
unfolded 0.0005313496280552603 2.0 0.0010626992561105207
clear 0.0010626992561105207 0.9208187539523752 0.0009785534048378057
winner 0.001594048884165781 0.853871964321762 0.0013611136519475484
late 0.0005313496280552603 0.3665315444204135 0.00019475639979830685
night 0.0005313496280552603 0.638272163982407 0.00033914567693007813
news 0.001594048884165781 0.585026652029182 0.0009325610818743602
declared 0.001594048884165781 0.5528419686577808 0.0008812571232589491
next 0.0010626992561105207 0.07058107428570728 7.500645513890253e-05
needed 0.0005313496280552603 0.8860566476931633 0.00047080587018765314
win 0.0010626992561105207 0.585026652029182 0.0006217073879162401
florida 0.0005313496280552603 0.7447274948966939 0.0003957106774158841
held 0.001594048884165781 0.48148606012211254 0.0007675123168790316
balance 0.0005313496280552603 1.3979400086720377 0.0007427949036514546
county 0.0005313496280552603 2.0 0.0010626992561105207
problem 0.0010626992561105207 0.7958800173440752 0.000845781102384777
balloting 0.0005313496280552603 2.0 0.0010626992561105207
recount 0.0005313496280552603 1.5228787452803376 0.0008091810548779689
legal 0.0005313496280552603 0.5086383061657272 0.0002702647747958168
maneuvering 0.0005313496280552603 2.0 0.0010626992561105207
supreme 0.0005313496280552603 0.585026652029182 0.00031085369395812007
giving 0.0005313496280552603 1.0 0.0005313496280552603
lost 0.0005313496280552603 0.6989700043360189 0.0003713974518257273
received 0.001594048884165781 0.28399665636520083 0.00045270455318576115
result 0.0010626992561105207 0.7695510786217261 0.0008178013587903572
complicated 0.0005313496280552603 1.5228787452803376 0.0008091810548779689
political 0.0021253985122210413 0.3098039199714864 0.0006584567905876437
majority 0.0005313496280552603 0.7447274948966939 0.0003957106774158841
congressional 0.0005313496280552603 0.721246399047171 0.0003832340058699102
faced 0.0010626992561105207 0.7695510786217261 0.0008178013587903572
strongly 0.0005313496280552603 1.5228787452803376 0.0008091810548779689
divided 0.0010626992561105207 1.5228787452803376 0.0016183621097559378
rhetoric 0.0005313496280552603 1.3010299956639813 0.0006913018042847933
fueled 0.0005313496280552603 1.3979400086720377 0.0007427949036514546
divide 0.0005313496280552603 2.0 0.0010626992561105207
taking 0.0005313496280552603 0.6020599913279624 0.0003199043524590661
budget 0.0010626992561105207 0.958607314841775 0.0010187112803844579
trillion 0.0010626992561105207 1.0969100130080565 0.0011656854548438432
stimulate 0.0005313496280552603 2.0 0.0010626992561105207
economy 0.0010626992561105207 1.0 0.0010626992561105207
critic 0.0010626992561105207 0.853871964321762 0.0009074091012983656
contended 0.0005313496280552603 2.0 0.0010626992561105207
favored 0.0005313496280552603 1.5228787452803376 0.0008091810548779689
wealthy 0.0005313496280552603 0.958607314841775 0.0005093556401922289
prompted 0.0005313496280552603 1.2218487496163564 0.0006492288786484359
controversy 0.0005313496280552603 0.8239087409443188 0.0004377836030522416
announced 0.0010626992561105207 0.40893539297350084 0.0004345753379102028
would 0.002656748140276302 0.2291479883578558 0.000608788491917789
abide 0.0005313496280552603 2.0 0.0010626992561105207
kyoto 0.0005313496280552603 2.0 0.0010626992561105207
protocol 0.0005313496280552603 2.0 0.0010626992561105207
reducing 0.0005313496280552603 1.045757490560675 0.0005556628536454171
green 0.0005313496280552603 0.6989700043360189 0.0003713974518257273
emission 0.0005313496280552603 1.2218487496163564 0.0006492288786484359
citing 0.0005313496280552603 1.1549019599857433 0.0006136567268787158
potential 0.0005313496280552603 0.958607314841775 0.0005093556401922289
harm 0.0005313496280552603 1.5228787452803376 0.0008091810548779689
read 0.0010626992561105207 0.0655015487564323 6.96084471375476e-05
bella 0.0005313496280552603 0.0655015487564323 3.48042235687738e-05
hadid 0.0005313496280552603 0.0655015487564323 3.48042235687738e-05
sadie 0.0005313496280552603 0.06048074738138145 3.2136422625601194e-05
alexander 0.0005313496280552603 0.05551732784983141 2.9499111503629866e-05
adrienne 0.0005313496280552603 0.0655015487564323 3.48042235687738e-05
kennedy 0.0005313496280552603 0.06048074738138145 3.2136422625601194e-05
september 0.0010626992561105207 0.5086383061657272 0.0005405295495916336
qaeda 0.0021253985122210413 1.2218487496163564 0.0025969155145937435
hijacked 0.0005313496280552603 2.0 0.0010626992561105207
commercial 0.0005313496280552603 1.2218487496163564 0.0006492288786484359
jetliner 0.0005313496280552603 2.0 0.0010626992561105207
hit 0.001594048884165781 0.8751698505861407 0.001395063523782371
target 0.0005313496280552603 1.3979400086720377 0.0007427949036514546
york 0.0010626992561105207 0.3467874862246563 0.0003685308036393797
c 0.001594048884165781 0.35654732351381263 0.0005683538631994887
fourth 0.0005313496280552603 0.721246399047171 0.0003832340058699102
plane 0.0005313496280552603 1.2218487496163564 0.0006492288786484359
crashed 0.0005313496280552603 1.5228787452803376 0.0008091810548779689
farmer 0.001594048884165781 1.045757490560675 0.0016669885609362513
field 0.0005313496280552603 1.0 0.0005313496280552603
pennsylvania 0.0005313496280552603 0.8860566476931633 0.00047080587018765314
terror 0.0010626992561105207 1.6989700043360187 0.0018054941597619753
begun 0.0005313496280552603 2.0 0.0010626992561105207
promised 0.0005313496280552603 0.8860566476931633 0.00047080587018765314
prevent 0.0010626992561105207 1.0 0.0010626992561105207
another 0.0005313496280552603 0.40893539297350084 0.0002172876689551014
comprehensive 0.0005313496280552603 1.0969100130080565 0.0005828427274219216
strategy 0.0005313496280552603 1.0969100130080565 0.0005828427274219216
formed 0.0005313496280552603 0.721246399047171 0.0003832340058699102
creation 0.0005313496280552603 0.853871964321762 0.0004537045506491828
homeland 0.0005313496280552603 1.3010299956639813 0.0006913018042847933
security 0.0021253985122210413 0.853871964321762 0.0018148182025967312
department 0.0005313496280552603 0.7447274948966939 0.0003957106774158841
patriot 0.0005313496280552603 1.3979400086720377 0.0007427949036514546
act 0.001594048884165781 0.4685210829577449 0.0007468455094969366
authorization 0.0005313496280552603 2.0 0.0010626992561105207
intelligence 0.0010626992561105207 0.958607314841775 0.0010187112803844579
gathering 0.0005313496280552603 1.1549019599857433 0.0006136567268787158
included 0.0005313496280552603 0.48148606012211254 0.0002558374389596772
monitoring 0.0005313496280552603 1.5228787452803376 0.0008091810548779689
international 0.001594048884165781 0.40893539297350084 0.0006518630068653041
phone 0.0005313496280552603 1.0969100130080565 0.0005828427274219216
call 0.0005313496280552603 1.2218487496163564 0.0006492288786484359
citizen 0.0010626992561105207 0.721246399047171 0.0007664680117398203
built 0.0005313496280552603 1.0969100130080565 0.0005828427274219216
coalition 0.0005313496280552603 1.6989700043360187 0.0009027470798809876
seek 0.0005313496280552603 1.045757490560675 0.0005556628536454171
destroy 0.0005313496280552603 1.2218487496163564 0.0006492288786484359
organization 0.0010626992561105207 0.7958800173440752 0.000845781102384777
afghanistan 0.001594048884165781 1.1549019599857433 0.0018409701806361475
ruling 0.0005313496280552603 0.9208187539523752 0.0004892767024189029
taliban 0.0010626992561105207 1.6989700043360187 0.0018054941597619753
said 0.0010626992561105207 0.2518119729937996 0.0002676003963802333
harboring 0.0005313496280552603 2.0 0.0010626992561105207
osama 0.001594048884165781 1.3979400086720377 0.002228384710954364
bin 0.001594048884165781 1.3979400086720377 0.002228384710954364
laden 0.001594048884165781 1.3010299956639813 0.00207390541285438
conflict 0.0005313496280552603 1.0969100130080565 0.0005828427274219216
raged 0.0005313496280552603 2.0 0.0010626992561105207
transferring 0.0005313496280552603 1.6989700043360187 0.0009027470798809876
suspected 0.0005313496280552603 1.6989700043360187 0.0009027470798809876
special 0.0005313496280552603 0.638272163982407 0.00033914567693007813
prison 0.0010626992561105207 0.6020599913279624 0.0006398087049181322
guant 0.0005313496280552603 1.6989700043360187 0.0009027470798809876
xe 0.0005313496280552603 0.853871964321762 0.0004537045506491828
namo 0.0005313496280552603 1.6989700043360187 0.0009027470798809876
bay 0.0005313496280552603 1.0969100130080565 0.0005828427274219216
cuba 0.0005313496280552603 1.0 0.0005313496280552603
permanent 0.0005313496280552603 1.0969100130080565 0.0005828427274219216
naval 0.0005313496280552603 1.3010299956639813 0.0006913018042847933
base 0.0005313496280552603 1.0 0.0005313496280552603
hundred 0.0005313496280552603 1.045757490560675 0.0005556628536454171
prisoner 0.0005313496280552603 1.3979400086720377 0.0007427949036514546
enemy 0.0005313496280552603 1.1549019599857433 0.0006136567268787158
combatant 0.0005313496280552603 2.0 0.0010626992561105207
classification 0.0005313496280552603 2.0 0.0010626992561105207
given 0.0005313496280552603 0.6777807052660807 0.000360138525646164
stated 0.0005313496280552603 0.7447274948966939 0.0003957106774158841
detainee 0.0005313496280552603 1.6989700043360187 0.0009027470798809876
protected 0.0005313496280552603 1.3979400086720377 0.0007427949036514546
geneva 0.0005313496280552603 1.6989700043360187 0.0009027470798809876
convention 0.0005313496280552603 1.5228787452803376 0.0008091810548779689
many 0.0021253985122210413 0.28399665636520083 0.0006036060709143482
subject 0.0005313496280552603 1.045757490560675 0.0005556628536454171
enhanced 0.0005313496280552603 2.0 0.0010626992561105207
interrogation 0.0005313496280552603 1.5228787452803376 0.0008091810548779689
technique 0.0005313496280552603 1.2218487496163564 0.0006492288786484359
opinion 0.0005313496280552603 1.045757490560675 0.0005556628536454171
various 0.0005313496280552603 0.958607314841775 0.0005093556401922289
including 0.0010626992561105207 0.2365720064370627 0.0002514048952572398
red 0.0005313496280552603 0.8239087409443188 0.0004377836030522416
cross 0.0005313496280552603 1.3010299956639813 0.0006913018042847933
amounted 0.0005313496280552603 1.3979400086720377 0.0007427949036514546
torture 0.0005313496280552603 2.0 0.0010626992561105207
preemptively 0.0005313496280552603 2.0 0.0010626992561105207
necessary 0.0005313496280552603 1.3010299956639813 0.0006913018042847933
threat 0.0005313496280552603 1.0969100130080565 0.0005828427274219216
rogue 0.0005313496280552603 1.6989700043360187 0.0009027470798809876
especially 0.0005313496280552603 1.0 0.0005313496280552603
possessed 0.0005313496280552603 1.5228787452803376 0.0008091810548779689
weapon 0.0010626992561105207 1.3979400086720377 0.0014855898073029093
mass 0.0005313496280552603 0.958607314841775 0.0005093556401922289
destruction 0.0005313496280552603 1.3979400086720377 0.0007427949036514546
based 0.0005313496280552603 0.619788758288394 0.0003293245261893698
prove 0.0005313496280552603 1.1549019599857433 0.0006136567268787158
inaccurate 0.0005313496280552603 1.5228787452803376 0.0008091810548779689
report 0.0010626992561105207 0.7695510786217261 0.0008178013587903572
successfully 0.0005313496280552603 1.3979400086720377 0.0007427949036514546
obtained 0.0005313496280552603 1.5228787452803376 0.0008091810548779689
un 0.0005313496280552603 1.3010299956639813 0.0006913018042847933
council 0.0005313496280552603 0.7695510786217261 0.0004089006793951786
resolution 0.0005313496280552603 1.0969100130080565 0.0005828427274219216
return 0.0005313496280552603 0.7447274948966939 0.0003957106774158841
inspector 0.0005313496280552603 1.5228787452803376 0.0008091810548779689
afterward 0.0005313496280552603 0.853871964321762 0.0004537045506491828
complied 0.0005313496280552603 2.0 0.0010626992561105207
inspection 0.0005313496280552603 2.0 0.0010626992561105207
march 0.0005313496280552603 0.27572413039921095 0.00014650591413348083
launched 0.0005313496280552603 0.6777807052660807 0.000360138525646164
invasion 0.0005313496280552603 1.3979400086720377 0.0007427949036514546
defeating 0.0005313496280552603 1.3010299956639813 0.0006913018042847933
iraqi 0.0010626992561105207 1.5228787452803376 0.0016183621097559378
baghdad 0.0005313496280552603 2.0 0.0010626992561105207
capital 0.0005313496280552603 1.0 0.0005313496280552603
fell 0.0010626992561105207 0.8860566476931633 0.0009416117403753063
april 0.0010626992561105207 0.1549019599857432 0.00016461419764691093
personally 0.0005313496280552603 1.5228787452803376 0.0008091810548779689
major 0.0005313496280552603 0.4202164033831899 0.00022328182964037718
combat 0.0005313496280552603 1.2218487496163564 0.0006492288786484359
operation 0.0005313496280552603 1.3979400086720377 0.0007427949036514546
may 0.0005313496280552603 0.3098039199714864 0.00016461419764691093
power 0.0005313496280552603 0.5376020021010439 0.00028565462385815295
vacuum 0.0005313496280552603 2.0 0.0010626992561105207
sectarian 0.0005313496280552603 2.0 0.0010626992561105207
civil 0.001594048884165781 0.3467874862246563 0.0005527962054590696
ran 0.0010626992561105207 0.48148606012211254 0.0005116748779193544
going 0.0010626992561105207 0.6020599913279624 0.0006398087049181322
effort 0.0010626992561105207 0.5376020021010439 0.0005713092477163059
met 0.0005313496280552603 0.44369749923271273 0.00023575850118635108
great 0.0005313496280552603 0.5228787452803376 0.0002778314268227086
resistance 0.0005313496280552603 1.2218487496163564 0.0006492288786484359
core 0.0010626992561105207 1.045757490560675 0.0011113257072908342
remained 0.0010626992561105207 0.585026652029182 0.0006217073879162401
supportive 0.0005313496280552603 1.3979400086720377 0.0007427949036514546
able 0.0005313496280552603 0.7447274948966939 0.0003957106774158841
challenger 0.0005313496280552603 1.3979400086720377 0.0007427949036514546
john 0.003188097768331562 0.37675070960209955 0.001201118096499786
kerry 0.0005313496280552603 1.2218487496163564 0.0006492288786484359
immigration 0.0005313496280552603 0.8860566476931633 0.00047080587018765314
criticism 0.001594048884165781 0.9208187539523752 0.0014678301072567086
eased 0.0005313496280552603 1.3979400086720377 0.0007427949036514546
environmental 0.0005313496280552603 1.0 0.0005313496280552603
regulation 0.0005313496280552603 1.2218487496163564 0.0006492288786484359
liberal 0.0005313496280552603 1.6989700043360187 0.0009027470798809876
poor 0.0005313496280552603 0.7958800173440752 0.0004228905511923885
hurricane 0.0005313496280552603 1.2218487496163564 0.0006492288786484359
katrina 0.0005313496280552603 1.2218487496163564 0.0006492288786484359
orleans 0.0005313496280552603 1.3979400086720377 0.0007427949036514546
favorability 0.0005313496280552603 1.5228787452803376 0.0008091810548779689
rating 0.0010626992561105207 2.744727494896694 0.0029168198670528095
final 0.0005313496280552603 0.6989700043360189 0.0003713974518257273
enormous 0.0005313496280552603 1.5228787452803376 0.0008091810548779689
challenge 0.0005313496280552603 1.045757490560675 0.0005556628536454171
fighting 0.0005313496280552603 0.7958800173440752 0.0004228905511923885
foreign 0.001594048884165781 0.7447274948966939 0.0011871320322476523
transformed 0.0005313496280552603 2.0 0.0010626992561105207
multi 0.0005313496280552603 0.6020599913279624 0.0003199043524590661
dollar 0.0005313496280552603 1.6989700043360187 0.0009027470798809876
debt 0.0005313496280552603 1.045757490560675 0.0005556628536454171
effect 0.0005313496280552603 1.3979400086720377 0.0007427949036514546
spending 0.0005313496280552603 0.721246399047171 0.0003832340058699102
slow 0.0005313496280552603 1.5228787452803376 0.0008091810548779689
economic 0.001594048884165781 0.585026652029182 0.0009325610818743602
growth 0.0005313496280552603 1.3010299956639813 0.0006913018042847933
fall 0.0010626992561105207 0.7695510786217261 0.0008178013587903572
severe 0.0005313496280552603 1.045757490560675 0.0005556628536454171
crisis 0.0005313496280552603 0.8860566476931633 0.00047080587018765314
market 0.0005313496280552603 0.9208187539523752 0.0004892767024189029
free 0.0005313496280552603 0.6989700043360189 0.0003713974518257273
massive 0.0005313496280552603 1.0 0.0005313496280552603
layoff 0.0005313496280552603 2.0 0.0010626992561105207
scrambled 0.0005313496280552603 2.0 0.0010626992561105207
encouraged 0.0005313496280552603 0.8239087409443188 0.0004377836030522416
congress 0.0010626992561105207 0.4202164033831899 0.00044656365928075437
enact 0.0005313496280552603 1.3979400086720377 0.0007427949036514546
billion 0.0005313496280552603 0.8860566476931633 0.00047080587018765314
emergency 0.0005313496280552603 1.1549019599857433 0.0006136567268787158
stabilization 0.0005313496280552603 2.0 0.0010626992561105207
bail 0.0005313496280552603 1.6989700043360187 0.0009027470798809876
housing 0.0005313496280552603 0.9208187539523752 0.0004892767024189029
banking 0.0005313496280552603 1.6989700043360187 0.0009027470798809876
industry 0.0005313496280552603 1.3979400086720377 0.0007427949036514546
office 0.0010626992561105207 0.31875876262441283 0.0003387446999196735
january 0.001594048884165781 0.2676062401770315 0.00042657742854999706
leaving 0.0005313496280552603 0.5686362358410126 0.00030214465241286534
behind 0.0005313496280552603 0.6777807052660807 0.000360138525646164
much 0.001594048884165781 0.37675070960209955 0.000600559048249893
unfinished 0.0005313496280552603 2.0 0.0010626992561105207
low 0.0005313496280552603 1.0 0.0005313496280552603
approval 0.0005313496280552603 1.0969100130080565 0.0005828427274219216
politically 0.0010626992561105207 1.045757490560675 0.0011113257072908342
laid 0.0005313496280552603 1.3979400086720377 0.0007427949036514546
misfortune 0.0005313496280552603 2.0 0.0010626992561105207
foot 0.0005313496280552603 1.3010299956639813 0.0006913018042847933
supporter 0.001594048884165781 0.9208187539523752 0.0014678301072567086
strong 0.0005313496280552603 0.7958800173440752 0.0004228905511923885
leadership 0.0005313496280552603 0.638272163982407 0.00033914567693007813
dangerous 0.0005313496280552603 1.2218487496163564 0.0006492288786484359
period 0.0005313496280552603 1.3979400086720377 0.0007427949036514546
dallas 0.0010626992561105207 1.5228787452803376 0.0016183621097559378
participated 0.0005313496280552603 1.1549019599857433 0.0006136567268787158
building 0.0010626992561105207 0.853871964321762 0.0009074091012983656
library 0.0021253985122210413 1.3979400086720377 0.0029711796146058185
wrote 0.0005313496280552603 0.5528419686577808 0.00029375237441964973
memoir 0.0005313496280552603 1.045757490560675 0.0005556628536454171
decision 0.0005313496280552603 0.585026652029182 0.00031085369395812007
point 0.0005313496280552603 1.0969100130080565 0.0005828427274219216
request 0.0005313496280552603 1.5228787452803376 0.0008091810548779689
barack 0.001594048884165781 0.3872161432802645 0.0006172414611268828
obama 0.001594048884165781 0.37675070960209955 0.000600559048249893
private 0.0005313496280552603 0.6020599913279624 0.0003199043524590661
fundraising 0.0005313496280552603 1.3979400086720377 0.0007427949036514546
disaster 0.0005313496280552603 2.0 0.0010626992561105207
relief 0.0005313496280552603 1.045757490560675 0.0005556628536454171
haiti 0.0005313496280552603 1.6989700043360187 0.0009027470798809876
earthquake 0.0005313496280552603 1.5228787452803376 0.0008091810548779689
leading 0.0005313496280552603 0.5228787452803376 0.0002778314268227086
relatively 0.0005313496280552603 1.6989700043360187 0.0009027470798809876
quiet 0.0005313496280552603 0.958607314841775 0.0005093556401922289
medium 0.0005313496280552603 0.5086383061657272 0.0002702647747958168
spotlight 0.0005313496280552603 0.7958800173440752 0.0004228905511923885
hand 0.0005313496280552603 0.7958800173440752 0.0004228905511923885
opening 0.0005313496280552603 0.9208187539523752 0.0004892767024189029
museum 0.0005313496280552603 1.3979400086720377 0.0007427949036514546
ground 0.0005313496280552603 1.3010299956639813 0.0006913018042847933
southern 0.0005313496280552603 0.6575773191777938 0.000349403463962696
living 0.0005313496280552603 0.619788758288394 0.0003293245261893698
attended 0.0005313496280552603 0.5376020021010439 0.00028565462385815295
event 0.0005313496280552603 0.721246399047171 0.0003832340058699102
joked 0.0005313496280552603 1.2218487496163564 0.0006492288786484359
likely 0.0005313496280552603 1.0969100130080565 0.0005828427274219216
found 0.0010626992561105207 0.3372421683184259 0.00035838700140109023
le 0.0005313496280552603 0.8239087409443188 0.0004377836030522416
according 0.001594048884165781 0.638272163982407 0.0010174370307902342
fox 0.0005313496280552603 1.3010299956639813 0.0006913018042847933
speaking 0.0005313496280552603 0.9208187539523752 0.0004892767024189029
serious 0.0010626992561105207 0.958607314841775 0.0010187112803844579
note 0.0005313496280552603 1.2218487496163564 0.0006492288786484359
seemed 0.0005313496280552603 0.9208187539523752 0.0004892767024189029
defend 0.0005313496280552603 0.853871964321762 0.0004537045506491828
come 0.0005313496280552603 0.5528419686577808 0.00029375237441964973
research 0.0005313496280552603 1.0 0.0005313496280552603
find 0.0010626992561105207 0.7958800173440752 0.000845781102384777
stayed 0.0005313496280552603 0.8239087409443188 0.0004377836030522416
true 0.0005313496280552603 0.8239087409443188 0.0004377836030522416
conviction 0.0005313496280552603 1.5228787452803376 0.0008091810548779689
played 0.0005313496280552603 0.6575773191777938 0.000349403463962696
root 0.0005313496280552603 1.045757490560675 0.0005556628536454171
detractor 0.0005313496280552603 2.0 0.0010626992561105207
provided 0.0005313496280552603 0.958607314841775 0.0005093556401922289
reason 0.0005313496280552603 1.0969100130080565 0.0005828427274219216
folksy 0.0005313496280552603 2.0 0.0010626992561105207
image 0.0005313496280552603 1.2218487496163564 0.0006492288786484359
manner 0.0005313496280552603 1.5228787452803376 0.0008091810548779689
suggested 0.0005313496280552603 0.8239087409443188 0.0004377836030522416
ready 0.0005313496280552603 1.045757490560675 0.0005556628536454171
prime 0.0005313496280552603 0.7958800173440752 0.0004228905511923885
adept 0.0005313496280552603 1.6989700043360187 0.0009027470798809876
statesman 0.0005313496280552603 1.1549019599857433 0.0006136567268787158
need 0.0005313496280552603 0.638272163982407 0.00033914567693007813
others 0.0005313496280552603 0.494850021680094 0.00026293837496285547
perceived 0.0005313496280552603 1.3979400086720377 0.0007427949036514546
big 0.0005313496280552603 0.5228787452803376 0.0002778314268227086
idea 0.0005313496280552603 1.2218487496163564 0.0006492288786484359
eagerly 0.0005313496280552603 2.0 0.0010626992561105207
embraced 0.0005313496280552603 1.5228787452803376 0.0008091810548779689
large 0.0005313496280552603 0.8860566476931633 0.00047080587018765314
vision 0.0005313496280552603 1.5228787452803376 0.0008091810548779689
risk 0.0010626992561105207 2.6989700043360187 0.002868193415872496
establishing 0.0005313496280552603 1.045757490560675 0.0005556628536454171
america 0.001594048884165781 0.37675070960209955 0.000600559048249893
world 0.001594048884165781 0.04575749056067514 7.293967677047046e-05
uncontested 0.0005313496280552603 2.0 0.0010626992561105207
internationally 0.0005313496280552603 1.5228787452803376 0.0008091810548779689
maligned 0.0005313496280552603 2.0 0.0010626992561105207
cowboy 0.0005313496280552603 2.0 0.0010626992561105207
diplomacy 0.0005313496280552603 1.6989700043360187 0.0009027470798809876
affair 0.0005313496280552603 0.7695510786217261 0.0004089006793951786
balanced 0.0005313496280552603 1.5228787452803376 0.0008091810548779689
success 0.0005313496280552603 1.5228787452803376 0.0008091810548779689
failure 0.0005313496280552603 1.6989700043360187 0.0009027470798809876
africa 0.0005313496280552603 0.7447274948966939 0.0003957106774158841
commemoration 0.0005313496280552603 2.0 0.0010626992561105207
th 0.001594048884165781 0.2076083105017461 0.0003309377956988514
anniversary 0.0005313496280552603 1.3010299956639813 0.0006913018042847933
marking 0.0005313496280552603 1.5228787452803376 0.0008091810548779689
soil 0.0005313496280552603 2.0 0.0010626992561105207
commemorate 0.0005313496280552603 2.0 0.0010626992561105207
terrorism 0.0005313496280552603 1.3010299956639813 0.0006913018042847933
health 0.0005313496280552603 0.5528419686577808 0.00029375237441964973
summer 0.0010626992561105207 0.6989700043360189 0.0007427949036514546
august 0.0005313496280552603 0.494850021680094 0.00026293837496285547
underwent 0.0005313496280552603 1.0969100130080565 0.0005828427274219216
surgery 0.0010626992561105207 0.8239087409443188 0.0008755672061044833
insert 0.0005313496280552603 2.0 0.0010626992561105207
stent 0.0005313496280552603 2.0 0.0010626992561105207
heart 0.001594048884165781 0.5228787452803376 0.0008334942804681258
open 0.0005313496280552603 0.7447274948966939 0.0003957106774158841
blockage 0.001594048884165781 2.0 0.003188097768331562
artery 0.0010626992561105207 3.6989700043360187 0.003930892671983016
discovered 0.0005313496280552603 0.7958800173440752 0.0004228905511923885
annual 0.0005313496280552603 0.958607314841775 0.0005093556401922289
physical 0.0005313496280552603 1.1549019599857433 0.0006136567268787158
spokesperson 0.0005313496280552603 1.6989700043360187 0.0009027470798809876
expressed 0.0005313496280552603 0.8239087409443188 0.0004377836030522416
gratitude 0.0005313496280552603 1.5228787452803376 0.0008091810548779689
skilled 0.0005313496280552603 1.6989700043360187 0.0009027470798809876
medical 0.0005313496280552603 0.7447274948966939 0.0003957106774158841
professional 0.0005313496280552603 1.3979400086720377 0.0007427949036514546
cared 0.0005313496280552603 1.6989700043360187 0.0009027470798809876
associated 0.0005313496280552603 1.1549019599857433 0.0006136567268787158
press 0.0005313496280552603 0.7958800173440752 0.0004228905511923885
thanked 0.0005313496280552603 2.0 0.0010626992561105207
fellow 0.0005313496280552603 0.6020599913279624 0.0003199043524590661
prayer 0.0005313496280552603 2.0 0.0010626992561105207
wish 0.0005313496280552603 1.5228787452803376 0.0008091810548779689
encourages 0.0005313496280552603 1.6989700043360187 0.0009027470798809876
get 0.0005313496280552603 0.44369749923271273 0.00023575850118635108
regular 0.0005313496280552603 1.2218487496163564 0.0006492288786484359
check 0.0010626992561105207 0.07058107428570728 7.500645513890253e-05
ups 0.0005313496280552603 1.6989700043360187 0.0009027470798809876
october 0.0005313496280552603 0.37675070960209955 0.000200186349416631
revealed 0.0005313496280552603 0.5086383061657272 0.0002702647747958168
condition 0.0005313496280552603 1.3979400086720377 0.0007427949036514546
originally 0.0005313496280552603 0.8860566476931633 0.00047080587018765314
described 0.0005313496280552603 0.6989700043360189 0.0003713974518257273
cnn 0.0010626992561105207 1.3010299956639813 0.0013826036085695867
com 0.001594048884165781 0.06048074738138145 9.640926787680358e-05
treated 0.0005313496280552603 1.0969100130080565 0.0005828427274219216
brought 0.0010626992561105207 0.619788758288394 0.0006586490523787396
away 0.0005313496280552603 0.5376020021010439 0.00028565462385815295
tenure 0.0005313496280552603 0.9208187539523752 0.0004892767024189029
came 0.0005313496280552603 0.3010299956639812 0.00015995217622953304
viewed 0.0005313496280552603 1.3010299956639813 0.0006913018042847933
wise 0.0005313496280552603 1.5228787452803376 0.0008091810548779689
elder 0.0005313496280552603 1.5228787452803376 0.0008091810548779689
offering 0.0005313496280552603 1.2218487496163564 0.0006492288786484359
measured 0.0005313496280552603 1.6989700043360187 0.0009027470798809876
tone 0.0005313496280552603 2.0 0.0010626992561105207
contrast 0.0005313496280552603 1.5228787452803376 0.0008091810548779689
combustibility 0.0005313496280552603 2.0 0.0010626992561105207
donald 0.0005313496280552603 0.494850021680094 0.00026293837496285547
trump 0.001594048884165781 0.5086383061657272 0.0008107943243874504
xa 0.0021253985122210413 0.17392519729917358 0.0003696603555774146
sought 0.0005313496280552603 0.721246399047171 0.0003832340058699102
blame 0.0005313496280552603 1.3010299956639813 0.0006913018042847933
racially 0.0005313496280552603 1.1549019599857433 0.0006136567268787158
charged 0.0005313496280552603 0.7695510786217261 0.0004089006793951786
protest 0.0005313496280552603 0.8239087409443188 0.0004377836030522416
charlottesville 0.0005313496280552603 1.3010299956639813 0.0006913018042847933
virginia 0.0005313496280552603 0.8239087409443188 0.0004377836030522416
put 0.0005313496280552603 0.6777807052660807 0.000360138525646164
joint 0.0005313496280552603 1.0969100130080565 0.0005828427274219216
statement 0.0005313496280552603 0.638272163982407 0.00033914567693007813
must 0.0005313496280552603 0.8239087409443188 0.0004377836030522416
always 0.0005313496280552603 0.638272163982407 0.00033914567693007813
reject 0.0005313496280552603 1.3010299956639813 0.0006913018042847933
racial 0.001594048884165781 0.6989700043360189 0.001114192355477182
bigotry 0.0005313496280552603 1.5228787452803376 0.0008091810548779689
anti 0.0005313496280552603 0.721246399047171 0.0003832340058699102
semitism 0.0005313496280552603 1.6989700043360187 0.0009027470798809876
hatred 0.0005313496280552603 1.3979400086720377 0.0007427949036514546
form 0.0005313496280552603 1.3010299956639813 0.0006913018042847933
following 0.0010626992561105207 0.2518119729937996 0.0002676003963802333
winter 0.0005313496280552603 1.2218487496163564 0.0006492288786484359
younger 0.0005313496280552603 0.585026652029182 0.00031085369395812007
refuted 0.0005313496280552603 2.0 0.0010626992561105207
insistence 0.0005313496280552603 1.6989700043360187 0.0009027470798809876
russian 0.0010626992561105207 2.3565473235138126 0.002504301087687367
attempt 0.0005313496280552603 0.7958800173440752 0.0004228905511923885
influence 0.0005313496280552603 0.6989700043360189 0.0003713974518257273
fake 0.0005313496280552603 1.5228787452803376 0.0008091810548779689
saying 0.0005313496280552603 0.7958800173440752 0.0004228905511923885
pretty 0.0005313496280552603 1.0969100130080565 0.0005828427274219216
evidence 0.0005313496280552603 1.0 0.0005313496280552603
gotten 0.0005313496280552603 1.5228787452803376 0.0008091810548779689
released 0.0005313496280552603 0.3010299956639812 0.00015995217622953304
poll 0.0005313496280552603 1.2218487496163564 0.0006492288786484359
showing 0.0005313496280552603 1.1549019599857433 0.0006136567268787158
favorable 0.0005313496280552603 1.5228787452803376 0.0008091810548779689
view 0.0005313496280552603 0.958607314841775 0.0005093556401922289
meager 0.0005313496280552603 2.0 0.0010626992561105207
nine 0.0005313496280552603 0.8239087409443188 0.0004377836030522416
earlier 0.0005313496280552603 0.9208187539523752 0.0004892767024189029
wanted 0.0005313496280552603 0.5528419686577808 0.00029375237441964973
tv 0.003188097768331562 0.5228787452803376 0.0016669885609362515
condoleezza 0.0005313496280552603 1.5228787452803376 0.0008091810548779689
rice 0.0005313496280552603 1.3010299956639813 0.0006913018042847933
mini 0.0021253985122210413 1.2218487496163564 0.0025969155145937435
bio 0.0005313496280552603 1.6989700043360187 0.0009027470798809876
colin 0.0005313496280552603 2.0 0.0010626992561105207
powell 0.0005313496280552603 1.5228787452803376 0.0008091810548779689
dick 0.0005313496280552603 1.5228787452803376 0.0008091810548779689
cheney 0.0005313496280552603 1.6989700043360187 0.0009027470798809876
strive 0.0005313496280552603 0.07058107428570728 3.750322756945126e-05
accuracy 0.0005313496280552603 0.07058107428570728 3.750322756945126e-05
fairness 0.0005313496280552603 0.07058107428570728 3.750322756945126e-05
see 0.0010626992561105207 0.04575749056067514 4.862645118031365e-05
something 0.0005313496280552603 0.07058107428570728 3.750322756945126e-05
look 0.0005313496280552603 0.07058107428570728 3.750322756945126e-05
right 0.001594048884165781 0.39848321634998984 0.0006352017263814928
citation 0.0005313496280552603 0.07058107428570728 3.750322756945126e-05
information 0.0005313496280552603 0.07058107428570728 3.750322756945126e-05
article 0.0005313496280552603 0.07058107428570728 3.750322756945126e-05
title 0.0005313496280552603 0.07058107428570728 3.750322756945126e-05
author 0.0005313496280552603 0.06048074738138145 3.2136422625601194e-05
editor 0.0005313496280552603 0.1023729087095586 5.4395806965759084e-05
website 0.0010626992561105207 0.0655015487564323 6.96084471375476e-05
url 0.0005313496280552603 0.07058107428570728 3.750322756945126e-05
access 0.0005313496280552603 0.07058107428570728 3.750322756945126e-05
publisher 0.0005313496280552603 0.07058107428570728 3.750322756945126e-05
e 0.0010626992561105207 0.04575749056067514 4.862645118031365e-05
television 0.001594048884165781 0.04575749056067514 7.293967677047046e-05
network 0.0010626992561105207 0.04575749056067514 4.862645118031365e-05
last 0.0005313496280552603 0.0655015487564323 3.48042235687738e-05
updated 0.0005313496280552603 0.07058107428570728 3.750322756945126e-05
original 0.0005313496280552603 0.0655015487564323 3.48042235687738e-05
published 0.0005313496280552603 0.07058107428570728 3.750322756945126e-05
receive 0.0005313496280552603 0.05551732784983141 2.9499111503629866e-05
story 0.001594048884165781 0.05551732784983141 8.84973345108896e-05
shaped 0.0010626992561105207 0.05551732784983141 5.899822300725973e-05
person 0.004782146652497344 0.05060999335508724 0.00024202441030594327
gerald 0.0010626992561105207 1.045757490560675 0.0011113257072908342
ford 0.0010626992561105207 0.958607314841775 0.0010187112803844579
richard 0.0005313496280552603 0.6777807052660807 0.000360138525646164
nixon 0.0005313496280552603 0.8860566476931633 0.00047080587018765314
resignation 0.0005313496280552603 1.0969100130080565 0.0005828427274219216
aftermath 0.0005313496280552603 1.0 0.0005313496280552603
watergate 0.0005313496280552603 1.045757490560675 0.0005556628536454171
vi 0.0010626992561105207 1.6989700043360187 0.0018054941597619753
king 0.0005313496280552603 0.4685210829577449 0.0002489485031656455
kingdom 0.0005313496280552603 1.3010299956639813 0.0006913018042847933
ii 0.0010626992561105207 0.48148606012211254 0.0005116748779193544
important 0.0005313496280552603 0.8860566476931633 0.00047080587018765314
symbolic 0.0005313496280552603 1.2218487496163564 0.0006492288786484359
succeeded 0.0005313496280552603 1.1549019599857433 0.0006136567268787158
queen 0.0005313496280552603 0.9208187539523752 0.0004892767024189029
elizabeth 0.0005313496280552603 0.7695510786217261 0.0004089006793951786
whitney 0.0010626992561105207 1.1549019599857433 0.0012273134537574316
head 0.0005313496280552603 0.5228787452803376 0.0002778314268227086
urban 0.0005313496280552603 0.9208187539523752 0.0004892767024189029
league 0.0005313496280552603 0.8239087409443188 0.0004377836030522416
forefront 0.0005313496280552603 1.0969100130080565 0.0005828427274219216
integration 0.0005313496280552603 1.1549019599857433 0.0006136567268787158
african 0.0005313496280552603 0.28399665636520083 0.00015090151772858705
empowerment 0.0005313496280552603 1.045757490560675 0.0005556628536454171
james 0.0010626992561105207 0.6020599913279624 0.0006398087049181322
headed 0.0005313496280552603 0.958607314841775 0.0005093556401922289
equality 0.0005313496280552603 0.8239087409443188 0.0004377836030522416
organized 0.0005313496280552603 0.7958800173440752 0.0004228905511923885
historic 0.0005313496280552603 0.6989700043360189 0.0003713974518257273
ride 0.0005313496280552603 1.2218487496163564 0.0006492288786484359
rockefeller 0.0021253985122210413 1.3010299956639813 0.0027652072171391734
philanthropist 0.0005313496280552603 0.958607314841775 0.0005093556401922289
son 0.0005313496280552603 0.28399665636520083 0.00015090151772858705
heir 0.0005313496280552603 1.0969100130080565 0.0005828427274219216
known 0.0010626992561105207 0.06048074738138145 6.427284525120239e-05
center 0.0005313496280552603 0.585026652029182 0.00031085369395812007
city 0.0005313496280552603 0.3665315444204135 0.00019475639979830685
ike 0.0010626992561105207 1.5228787452803376 0.0016183621097559378
turner 0.001594048884165781 1.3979400086720377 0.002228384710954364
string 0.0005313496280552603 1.1549019599857433 0.0006136567268787158
r 0.0005313496280552603 0.5086383061657272 0.0002702647747958168
b 0.0005313496280552603 0.37675070960209955 0.000200186349416631
singer 0.0005313496280552603 0.4202164033831899 0.00022328182964037718
tina 0.0005313496280552603 1.3010299956639813 0.0006913018042847933
struggled 0.0005313496280552603 0.853871964321762 0.0004537045506491828
drug 0.0005313496280552603 0.6575773191777938 0.000349403463962696
addiction 0.0005313496280552603 1.2218487496163564 0.0006492288786484359
died 0.0005313496280552603 0.31875876262441283 0.00016937234995983676
accidental 0.0005313496280552603 1.2218487496163564 0.0006492288786484359
cocaine 0.0005313496280552603 1.5228787452803376 0.0008091810548779689
overdose 0.0005313496280552603 1.0969100130080565 0.0005828427274219216
junior 0.0010626992561105207 0.853871964321762 0.0009074091012983656
gotti 0.001594048884165781 1.3979400086720377 0.002228384710954364
mobster 0.0005313496280552603 1.5228787452803376 0.0008091810548779689
allegedly 0.0005313496280552603 0.853871964321762 0.0004537045506491828
capo 0.0005313496280552603 1.5228787452803376 0.0008091810548779689
gambino 0.0005313496280552603 1.3979400086720377 0.0007427949036514546
acting 0.0005313496280552603 0.6777807052660807 0.000360138525646164
bos 0.0005313496280552603 1.045757490560675 0.0005556628536454171
wallace 0.0010626992561105207 1.3979400086720377 0.0014855898073029093
alabama 0.0005313496280552603 0.7447274948966939 0.0003957106774158841
hopeful 0.0005313496280552603 1.3979400086720377 0.0007427949036514546
best 0.0010626992561105207 0.13667713987954408 0.00014524669487730508
remembered 0.0005313496280552603 1.0 0.0005313496280552603
segregationist 0.0005313496280552603 1.5228787452803376 0.0008091810548779689
reef 0.0010626992561105207 2.0 0.0021253985122210413
actor 0.0005313496280552603 0.4685210829577449 0.0002489485031656455
superman 0.0010626992561105207 2.0 0.0021253985122210413
show 0.0005313496280552603 0.494850021680094 0.00026293837496285547
adventure 0.0005313496280552603 2.0 0.0010626992561105207
household 0.0005313496280552603 1.0 0.0005313496280552603
film 0.0005313496280552603 0.6020599913279624 0.0003199043524590661
career 0.0005313496280552603 0.17392519729917358 9.241508889435365e-05
loading 0.0005313496280552603 0.04575749056067514 2.4313225590156824e-05
logo 0.0005313496280552603 0.04575749056067514 2.4313225590156824e-05
registered 0.0005313496280552603 0.04575749056067514 2.4313225590156824e-05
trademark 0.0005313496280552603 0.04575749056067514 2.4313225590156824e-05
llc 0.0005313496280552603 0.04575749056067514 2.4313225590156824e-05
