mick 0.008908685968819599 2.0 0.017817371937639197
jagger 0.03711952487008166 2.0 0.07423904974016332
child 0.002969561989606533 0.2076083105017461 0.0006165057475924161
age 0.004454342984409799 0.11350927482751813 0.0005056092419933992
song 0.005939123979213066 0.638272163982407 0.0037907775143721277
biography 0.007423904974016332 0.04575749056067514 0.0003396992617719016
skip 0.0007423904974016332 0.04575749056067514 3.396992617719016e-05
main 0.0014847809948032665 0.04575749056067514 6.793985235438031e-05
content 0.0007423904974016332 0.04575749056067514 3.396992617719016e-05
people 0.004454342984409799 0.04575749056067514 0.00020381955706314094
nostalgia 0.0022271714922048997 0.04575749056067514 0.00010190977853157047
celebrity 0.0022271714922048997 0.04575749056067514 0.00010190977853157047
history 0.003711952487008166 0.04575749056067514 0.0001698496308859508
culture 0.002969561989606533 0.04575749056067514 0.00013587970470876063
crime 0.0022271714922048997 0.04575749056067514 0.00010190977853157047
scandal 0.0022271714922048997 0.04575749056067514 0.00010190977853157047
video 0.003711952487008166 0.8696662315049939 0.0032281597309019817
contact 0.0022271714922048997 0.04575749056067514 0.00010190977853157047
u 0.006681514476614699 0.20065945054641832 0.0013407090236954452
advertise 0.0014847809948032665 0.04575749056067514 6.793985235438031e-05
privacy 0.0022271714922048997 0.04575749056067514 0.00010190977853157047
notice 0.0014847809948032665 0.04575749056067514 6.793985235438031e-05
term 0.0014847809948032665 0.04575749056067514 6.793985235438031e-05
use 0.0014847809948032665 0.04575749056067514 6.793985235438031e-05
copyright 0.0014847809948032665 0.04575749056067514 6.793985235438031e-05
policy 0.0014847809948032665 0.04575749056067514 6.793985235438031e-05
ad 0.0014847809948032665 0.04575749056067514 6.793985235438031e-05
choice 0.0014847809948032665 0.04575749056067514 6.793985235438031e-05
accessibility 0.0014847809948032665 0.04575749056067514 6.793985235438031e-05
support 0.0014847809948032665 0.04575749056067514 6.793985235438031e-05
setting 0.0007423904974016332 0.04575749056067514 3.396992617719016e-05
february 0.0007423904974016332 0.04575749056067514 3.396992617719016e-05
subscribe 0.0014847809948032665 0.04575749056067514 6.793985235438031e-05
newsletter 0.0022271714922048997 0.04575749056067514 0.00010190977853157047
photo 0.0007423904974016332 0.12493873660829993 9.275333081536743e-05
terry 0.0007423904974016332 1.5228787452803376 0.0011305707091910449
neill 0.0007423904974016332 2.0 0.0014847809948032665
hulton 0.0007423904974016332 1.3979400086720377 0.0010378173783756775
archive 0.0007423904974016332 1.0969100130080565 0.000814335570161883
getty 0.0007423904974016332 0.2291479883578558 0.00017011728905557221
image 0.0014847809948032665 1.4436974992327127 0.002143574609105735
quick 0.0007423904974016332 0.07058107428570728 5.239871884610786e-05
fact 0.0014847809948032665 0.14116214857141457 0.00020959487538443143
name 0.0014847809948032665 0.05551732784983141 8.243107327369177e-05
birth 0.0014847809948032665 0.07058107428570728 0.00010479743769221572
date 0.002969561989606533 0.07058107428570728 0.00020959487538443143
july 0.002969561989606533 0.37675070960209955 0.0011187845867916839
education 0.0007423904974016332 0.19382002601611284 0.0001438901455204995
london 0.003711952487008166 1.0 0.003711952487008166
school 0.0022271714922048997 0.14874165128092467 0.00033127316543635785
economics 0.0022271714922048997 1.3010299956639813 0.0028976169168462833
place 0.0014847809948032665 1.2306226739238617 0.0018272051580161272
dartford 0.0022271714922048997 2.0 0.004454342984409799
england 0.0022271714922048997 0.8860566476931633 0.0019734001062208534
zodiac 0.0007423904974016332 0.3010299956639812 0.00022348180821379448
sign 0.0014847809948032665 0.05551732784983141 8.243107327369177e-05
leo 0.0007423904974016332 1.3979400086720377 0.0010378173783756775
early 0.004454342984409799 0.07572071393811834 0.00033728603090475874
life 0.003711952487008166 0.13679614097137055 0.0005077807756917987
musical 0.0022271714922048997 0.48148606012211254 0.0010723520269980233
influence 0.002969561989606533 1.8538719643217623 0.005505187718847104
forming 0.0014847809948032665 1.5228787452803376 0.0022611414183820898
rolling 0.005939123979213066 1.0969100130080565 0.006514684561295064
stone 0.012620638455827766 1.6989700043360187 0.021442086172021025
tragedy 0.0022271714922048997 0.853871964321762 0.0019017192969304276
strike 0.0014847809948032665 1.3979400086720377 0.002075634756751355
hit 0.006681514476614699 0.8751698505861407 0.005847460026188022
branching 0.0022271714922048997 2.0 0.004454342984409799
related 0.0022271714922048997 0.7695510786217261 0.0017139222241018398
cite 0.0007423904974016332 0.07058107428570728 5.239871884610786e-05
page 0.0007423904974016332 0.07058107428570728 5.239871884610786e-05
quote 0.0007423904974016332 0.3872161432802645 0.0002874655852117776
never 0.0007423904974016332 0.431798275933005 0.00032056293684707126
wanted 0.0014847809948032665 0.5528419686577808 0.000820849248192696
give 0.0014847809948032665 0.721246399047171 0.0010708929458755324
performing 0.0007423904974016332 0.8239087409443188 0.0006116620200032061
stage 0.002969561989606533 0.721246399047171 0.0021417858917510647
one 0.002969561989606533 0.08092190762392613 0.00024030262100646215
day 0.0022271714922048997 0.7013652168755644 0.0015620606166493638
tour 0.003711952487008166 2.744727494896694 0.010188298050841477
publish 0.0007423904974016332 0.07058107428570728 5.239871884610786e-05
apr 0.0007423904974016332 0.5528419686577808 0.000410424624096348
comment 0.0014847809948032665 0.07058107428570728 0.00010479743769221572
lead 0.002969561989606533 0.5228787452803376 0.0015527208471576468
singer 0.007423904974016332 0.4202164033831899 0.003119646647239717
become 0.003711952487008166 0.3372421683184259 0.0012518269054136075
rock 0.009651076466221232 0.721246399047171 0.00696080414819096
legend 0.0022271714922048997 0.5686362358410126 0.0012664504138998054
gritty 0.0014847809948032665 1.6989700043360187 0.002522598373178944
blue 0.007423904974016332 1.8239087409443187 0.013540525174048393
influenced 0.0014847809948032665 1.0 0.0014847809948032665
charismatic 0.0022271714922048997 1.3979400086720377 0.0031134521351270325
presence 0.0014847809948032665 0.958607314841775 0.0014233219225564587
delighting 0.0007423904974016332 2.0 0.0014847809948032665
fan 0.0022271714922048997 0.8239087409443188 0.0018349860600096186
four 0.0022271714922048997 0.28399665636520083 0.0006325092569380864
decade 0.0022271714922048997 1.4621809049267258 0.0032565276278991666
leaving 0.0014847809948032665 0.5686362358410126 0.0008443002759332036
start 0.0014847809948032665 0.7695510786217261 0.0011426148160678933
band 0.014847809948032665 2.2218487496163566 0.03298958796757768
keith 0.0014847809948032665 1.6989700043360187 0.002522598373178944
richards 0.0066815144766146995 1.5228787452803376 0.010175136382719406
took 0.0007423904974016332 0.28399665636520083 0.00021083641897936216
top 0.0014847809948032665 0.48148606012211254 0.0007149013513320157
music 0.004454342984409799 0.4559319556497244 0.0020308773080165896
world 0.0014847809948032665 0.04575749056067514 6.793985235438031e-05
major 0.0007423904974016332 0.4202164033831899 0.0003119646647239717
like 0.003711952487008166 1.537602002101044 0.005707505575727706
get 0.0014847809948032665 0.44369749923271273 0.0006587936143024688
satisfaction 0.0014847809948032665 2.0 0.002969561989606533
angie 0.0007423904974016332 2.0 0.0014847809948032665
miss 0.0007423904974016332 1.0969100130080565 0.000814335570161883
propelling 0.0007423904974016332 2.0 0.0014847809948032665
status 0.0007423904974016332 0.8860566476931633 0.0006578000354069512
unknown 0.0007423904974016332 1.0 0.0007423904974016332
performer 0.0014847809948032665 1.1549019599857433 0.0017147764810478742
michael 0.0007423904974016332 0.494850021680094 0.000367371953734294
phillip 0.0007423904974016332 2.0 0.0014847809948032665
born 0.005196733481811433 0.09151498112135023 0.00047557896648066193
known 0.005939123979213066 0.06048074738138145 0.00035920265705349037
delighted 0.0007423904974016332 1.6989700043360187 0.001261299186589472
legion 0.0007423904974016332 2.0 0.0014847809948032665
oldest 0.0007423904974016332 1.1549019599857433 0.0008573882405239371
son 0.002969561989606533 1.1378686206869628 0.003378971405158019
teacher 0.0007423904974016332 0.6989700043360189 0.0005189086891878387
homemaker 0.0007423904974016332 1.3979400086720377 0.0010378173783756775
good 0.0007423904974016332 0.585026652029182 0.00043431822719315665
student 0.0007423904974016332 0.6020599913279624 0.00044696361642758897
popular 0.0014847809948032665 0.4685210829577449 0.0006956511996403042
among 0.0014847809948032665 0.35654732351381263 0.0005293946897012808
classmate 0.0007423904974016332 1.3979400086720377 0.0010378173783756775
developed 0.0014847809948032665 0.7958800173440752 0.001181707523896177
interest 0.0014847809948032665 0.7695510786217261 0.0011426148160678933
american 0.002969561989606533 0.1023729087095586 0.0003040026984693648
r 0.0007423904974016332 0.5086383061657272 0.0003776082451118985
b 0.0014847809948032665 0.37675070960209955 0.0005593922933958419
got 0.0007423904974016332 0.5376020021010439 0.0003991106177439079
first 0.004454342984409799 0.0655015487564323 0.00029176636417119065
guitar 0.0007423904974016332 1.0969100130080565 0.000814335570161883
teenager 0.0007423904974016332 0.958607314841775 0.0007116609612782294
started 0.0014847809948032665 0.6020599913279624 0.0008939272328551779
collecting 0.0007423904974016332 1.6989700043360187 0.001261299186589472
record 0.004454342984409799 1.193820026016113 0.005317683857532797
muddy 0.0007423904974016332 1.6989700043360187 0.001261299186589472
water 0.0007423904974016332 1.6989700043360187 0.001261299186589472
howlin 0.0007423904974016332 2.0 0.0014847809948032665
wolf 0.0007423904974016332 1.6989700043360187 0.001261299186589472
friend 0.0022271714922048997 1.2069083998234196 0.002687991981789353
dick 0.0007423904974016332 1.5228787452803376 0.0011305707091910449
taylor 0.004454342984409799 1.0 0.004454342984409799
soon 0.003711952487008166 0.40893539297350084 0.0015179487489736482
together 0.002969561989606533 0.431798275933005 0.001282251747388285
called 0.0007423904974016332 0.3010299956639812 0.00022348180821379448
little 0.0007423904974016332 0.6989700043360189 0.0005189086891878387
boy 0.002969561989606533 2.0177287669604316 0.005991770651701356
accepted 0.0007423904974016332 0.619788758288394 0.0004601252845496614
lived 0.0007423904974016332 0.6020599913279624 0.00044696361642758897
home 0.0022271714922048997 0.31875876262441283 0.0007099304290076009
commuted 0.0007423904974016332 1.6989700043360187 0.001261299186589472
city 0.0007423904974016332 0.3665315444204135 0.0002721095355756596
attend 0.0007423904974016332 0.7958800173440752 0.0005908537619480885
class 0.0007423904974016332 1.1549019599857433 0.0008573882405239371
also 0.003711952487008166 0.0861861476162833 0.00031991888498991575
working 0.0014847809948032665 0.35654732351381263 0.0005293946897012808
added 0.0007423904974016332 0.853871964321762 0.0006339064323101426
new 0.0014847809948032665 0.14266750356873154 0.00021182999787487978
member 0.0022271714922048997 0.3010299956639812 0.0006704454246413835
guitarist 0.005196733481811433 1.1549019599857433 0.00600171768366756
two 0.0022271714922048997 0.11918640771920867 0.00026544856953053156
growing 0.0014847809948032665 0.585026652029182 0.0008686364543863133
exploring 0.0007423904974016332 2.0 0.0014847809948032665
emerging 0.0007423904974016332 1.6989700043360187 0.001261299186589472
scene 0.0007423904974016332 1.2218487496163564 0.0009070889009772504
spent 0.0007423904974016332 0.48148606012211254 0.00035745067566600783
time 0.003711952487008166 0.1023729087095586 0.000380003373086706
ealing 0.0007423904974016332 2.0 0.0014847809948032665
club 0.0014847809948032665 0.8239087409443188 0.0012233240400064123
saw 0.0007423904974016332 0.6989700043360189 0.0005189086891878387
alexis 0.0007423904974016332 2.0 0.0014847809948032665
korner 0.0007423904974016332 2.0 0.0014847809948032665
incorporated 0.0014847809948032665 1.6989700043360187 0.002522598373178944
play 0.0007423904974016332 0.7958800173440752 0.0005908537619480885
wowed 0.0007423904974016332 1.5228787452803376 0.0011305707091910449
brian 0.0007423904974016332 1.2218487496163564 0.0009070889009772504
jones 0.005939123979213066 1.0 0.005939123979213066
xa 0.008908685968819599 0.17392519729917358 0.001549444964803328
made 0.003711952487008166 0.1804560644581313 0.0006698443372610665
guest 0.0014847809948032665 1.045757490560675 0.0015527208471576466
appearance 0.0007423904974016332 1.0 0.0007423904974016332
group 0.0066815144766146995 0.37675070960209955 0.0025172653202812888
appeared 0.0007423904974016332 0.721246399047171 0.0005354464729377662
vocalist 0.0007423904974016332 1.3010299956639813 0.0009658723056154277
joined 0.0014847809948032665 0.4685210829577449 0.0006956511996403042
pianist 0.0014847809948032665 1.0969100130080565 0.001628671140323766
ian 0.0007423904974016332 2.0 0.0014847809948032665
stewart 0.0014847809948032665 1.5228787452803376 0.0022611414183820898
would 0.0007423904974016332 0.2291479883578558 0.00017011728905557221
charlie 0.0007423904974016332 1.3010299956639813 0.0009658723056154277
watt 0.0007423904974016332 2.0 0.0014847809948032665
drummer 0.0014847809948032665 1.3979400086720377 0.002075634756751355
departed 0.0007423904974016332 1.5228787452803376 0.0011305707091910449
replaced 0.0014847809948032665 1.2218487496163564 0.0018141778019545008
bill 0.0007423904974016332 0.4202164033831899 0.0003119646647239717
wyman 0.0007423904974016332 2.0 0.0014847809948032665
however 0.0007423904974016332 0.32790214206428253 0.0002434314343461637
stayed 0.0007423904974016332 0.8239087409443188 0.0006116620200032061
serve 0.0007423904974016332 0.5086383061657272 0.0003776082451118985
road 0.0007423904974016332 0.853871964321762 0.0006339064323101426
manager 0.0014847809948032665 0.9208187539523752 0.001367214185526912
well 0.0014847809948032665 0.20065945054641826 0.00029793533859898776
playing 0.0022271714922048997 0.8860566476931633 0.0019734001062208534
recording 0.0014847809948032665 0.8239087409443188 0.0012233240400064123
direction 0.0007423904974016332 1.1549019599857433 0.0008573882405239371
andrew 0.0007423904974016332 0.7447274948966939 0.0005528786153650288
loog 0.0007423904974016332 2.0 0.0014847809948032665
oldham 0.0007423904974016332 2.0 0.0014847809948032665
marketed 0.0007423904974016332 2.0 0.0014847809948032665
wild 0.0014847809948032665 1.3979400086720377 0.002075634756751355
rough 0.0007423904974016332 2.0 0.0014847809948032665
rocker 0.0014847809948032665 3.6989700043360187 0.005492160362785476
style 0.0014847809948032665 0.8239087409443188 0.0012233240400064123
helped 0.0007423904974016332 0.3372421683184259 0.00025036538108272154
land 0.0007423904974016332 0.853871964321762 0.0006339064323101426
deal 0.0007423904974016332 0.5528419686577808 0.000410424624096348
decca 0.0007423904974016332 2.0 0.0014847809948032665
key 0.0007423904974016332 0.958607314841775 0.0007116609612782294
ingredient 0.0007423904974016332 2.0 0.0014847809948032665
success 0.0022271714922048997 0.431798275933005 0.0009616888105412138
attracting 0.0007423904974016332 1.5228787452803376 0.0011305707091910449
audience 0.0022271714922048997 2.3767507096020997 0.005293431424503563
antic 0.0007423904974016332 1.6989700043360187 0.001261299186589472
sex 0.0007423904974016332 0.7958800173440752 0.0005908537619480885
appeal 0.0014847809948032665 0.958607314841775 0.0014233219225564587
mostly 0.0007423904974016332 0.8239087409443188 0.0006116620200032061
recorded 0.0007423904974016332 0.8860566476931633 0.0006578000354069512
cover 0.0014847809948032665 1.0969100130080565 0.001628671140323766
version 0.0014847809948032665 2.5686362358410126 0.0038138622655397364
along 0.0014847809948032665 0.4202164033831899 0.0006239293294479434
bandmates 0.0022271714922048997 1.6989700043360187 0.0037838975597684157
emerged 0.0007423904974016332 1.2218487496163564 0.0009070889009772504
powerful 0.0007423904974016332 0.721246399047171 0.0005354464729377662
songwriting 0.0007423904974016332 1.3010299956639813 0.0009658723056154277
team 0.0007423904974016332 0.619788758288394 0.0004601252845496614
occasionally 0.0007423904974016332 1.2218487496163564 0.0009070889009772504
using 0.0007423904974016332 0.7958800173440752 0.0005908537619480885
pseudonym 0.0007423904974016332 1.6989700043360187 0.001261299186589472
nanker 0.0007423904974016332 2.0 0.0014847809948032665
phelge 0.0007423904974016332 2.0 0.0014847809948032665
work 0.0022271714922048997 0.2218487496163564 0.0004940952107268516
british 0.0014847809948032665 0.6989700043360189 0.0010378173783756775
chart 0.002969561989606533 1.7235381958267557 0.005118153513962155
bobby 0.0007423904974016332 1.5228787452803376 0.0011305707091910449
womack 0.0007423904974016332 2.0 0.0014847809948032665
year 0.003711952487008166 0.24995468798823245 0.0009278199257172696
released 0.0022271714922048997 0.3010299956639812 0.0006704454246413835
debut 0.0007423904974016332 0.8239087409443188 0.0006116620200032061
album 0.007423904974016333 1.1214782044987934 0.008325747620629499
toured 0.0014847809948032665 1.6989700043360187 0.002522598373178944
united 0.0007423904974016332 0.18708664335714445 0.00013889134621911242
state 0.0007423904974016332 0.20065945054641826 0.00014896766929949388
girl 0.0014847809948032665 1.4948500216800942 0.0022195249022718545
belongs 0.0007423904974016332 1.6989700043360187 0.001261299186589472
yesterday 0.0007423904974016332 2.0 0.0014847809948032665
followed 0.0014847809948032665 0.5528419686577808 0.000820849248192696
including 0.002969561989606533 0.2365720064370627 0.0007025152381204534
topping 0.0007423904974016332 0.7958800173440752 0.0005908537619480885
paint 0.0007423904974016332 1.3979400086720377 0.0010378173783756775
black 0.0022271714922048997 0.3872161432802645 0.0008623967556353329
head 0.0007423904974016332 1.3010299956639813 0.0009658723056154277
aftermath 0.0007423904974016332 1.0 0.0007423904974016332
personal 0.0014847809948032665 0.3372421683184259 0.0005007307621654431
headline 0.0007423904974016332 0.8239087409443188 0.0006116620200032061
girlfriend 0.0022271714922048997 1.2218487496163564 0.0027212667029317514
marianne 0.0007423904974016332 2.0 0.0014847809948032665
faithfull 0.0014847809948032665 2.0 0.002969561989606533
arrested 0.0014847809948032665 0.8239087409443188 0.0012233240400064123
police 0.0014847809948032665 0.5376020021010439 0.0007982212354878158
raid 0.0007423904974016332 1.3010299956639813 0.0009658723056154277
country 0.002969561989606533 0.27572413039921095 0.000818779897250812
search 0.0007423904974016332 1.2218487496163564 0.0009070889009772504
officer 0.0007423904974016332 0.8860566476931633 0.0006578000354069512
found 0.002969561989606533 0.3372421683184259 0.0010014615243308861
drug 0.003711952487008166 1.6575773191777938 0.0061528482523303405
paraphernalia 0.0007423904974016332 2.0 0.0014847809948032665
illegal 0.0007423904974016332 1.0969100130080565 0.000814335570161883
substance 0.0007423904974016332 1.5228787452803376 0.0011305707091910449
tried 0.0014847809948032665 0.8239087409443188 0.0012233240400064123
convicted 0.0007423904974016332 1.3010299956639813 0.0009658723056154277
offense 0.0007423904974016332 1.5228787452803376 0.0011305707091910449
sentence 0.0007423904974016332 1.5228787452803376 0.0011305707091910449
dropped 0.0007423904974016332 0.853871964321762 0.0006339064323101426
later 0.002969561989606533 0.09151498112135023 0.0002717594094175211
possession 0.0007423904974016332 1.3010299956639813 0.0009658723056154277
authority 0.0007423904974016332 1.3010299956639813 0.0009658723056154277
raided 0.0007423904974016332 1.3979400086720377 0.0010378173783756775
end 0.0007423904974016332 0.44369749923271273 0.0003293968071512344
rest 0.0007423904974016332 0.6020599913279624 0.00044696361642758897
enjoying 0.0007423904974016332 1.3979400086720377 0.0010378173783756775
huge 0.0007423904974016332 1.2218487496163564 0.0009070889009772504
beggar 0.0007423904974016332 2.0 0.0014847809948032665
banquet 0.0007423904974016332 2.0 0.0014847809948032665
featured 0.0014847809948032665 0.7695510786217261 0.0011426148160678933
straightforward 0.0007423904974016332 2.0 0.0014847809948032665
single 0.0007423904974016332 1.0 0.0007423904974016332
jumpin 0.0007423904974016332 2.0 0.0014847809948032665
jack 0.0007423904974016332 0.853871964321762 0.0006339064323101426
flash 0.0007423904974016332 2.0 0.0014847809948032665
spot 0.0014847809948032665 1.1549019599857433 0.0017147764810478742
k 0.0007423904974016332 1.3979400086720377 0.0010378173783756775
reached 0.0014847809948032665 0.721246399047171 0.0010708929458755324
went 0.0007423904974016332 0.32790214206428253 0.0002434314343461637
several 0.0022271714922048997 0.32790214206428253 0.0007302943030384911
big 0.0007423904974016332 0.5228787452803376 0.0003881802117894117
change 0.0007423904974016332 0.8860566476931633 0.0006578000354069512
left 0.0007423904974016332 0.2924298239020636 0.00021709712242172502
june 0.0014847809948032665 0.28399665636520083 0.0004216728379587243
many 0.0014847809948032665 0.28399665636520083 0.0004216728379587243
arrest 0.0007423904974016332 1.3010299956639813 0.0009658723056154277
prevented 0.0007423904974016332 1.0969100130080565 0.000814335570161883
old 0.0014847809948032665 0.28399665636520083 0.0004216728379587243
drowned 0.0007423904974016332 1.6989700043360187 0.001261299186589472
pool 0.0007423904974016332 1.045757490560675 0.0007763604235788233
le 0.0007423904974016332 0.8239087409443188 0.0006116620200032061
month 0.0014847809948032665 1.016824927962187 0.0015097623280804558
coroner 0.0007423904974016332 1.045757490560675 0.0007763604235788233
report 0.0014847809948032665 1.593459819566045 0.002365938856074306
alcohol 0.0007423904974016332 1.3979400086720377 0.0010378173783756775
death 0.004454342984409799 0.2365720064370627 0.00105377285718068
ruled 0.0007423904974016332 0.7958800173440752 0.0005908537619480885
passing 0.0007423904974016332 1.045757490560675 0.0007763604235788233
misadventure 0.0007423904974016332 2.0 0.0014847809948032665
response 0.0007423904974016332 0.853871964321762 0.0006339064323101426
untimely 0.0007423904974016332 1.6989700043360187 0.001261299186589472
demise 0.0007423904974016332 2.0 0.0014847809948032665
performed 0.0014847809948032665 0.7695510786217261 0.0011426148160678933
free 0.0022271714922048997 0.6989700043360189 0.0015567260675635162
concert 0.005939123979213066 0.853871964321762 0.005071251458481141
hyde 0.0007423904974016332 1.2218487496163564 0.0009070889009772504
park 0.0007423904974016332 1.2218487496163564 0.0009070889009772504
former 0.0007423904974016332 0.27572413039921095 0.000204694974312703
bandmate 0.0007423904974016332 1.6989700043360187 0.001261299186589472
originally 0.0007423904974016332 0.8860566476931633 0.0006578000354069512
scheduled 0.0014847809948032665 1.0969100130080565 0.001628671140323766
opportunity 0.0014847809948032665 0.8239087409443188 0.0012233240400064123
present 0.0007423904974016332 1.2218487496163564 0.0009070889009772504
dedicated 0.0007423904974016332 1.045757490560675 0.0007763604235788233
began 0.0022271714922048997 0.20065945054641826 0.00044690300789848163
read 0.0014847809948032665 0.0655015487564323 9.72554547237302e-05
excepts 0.0007423904974016332 2.0 0.0014847809948032665
percy 0.0007423904974016332 1.6989700043360187 0.001261299186589472
shelley 0.0007423904974016332 1.6989700043360187 0.001261299186589472
adonais 0.0007423904974016332 2.0 0.0014847809948032665
poem 0.0007423904974016332 1.6989700043360187 0.001261299186589472
stagehand 0.0007423904974016332 2.0 0.0014847809948032665
hundred 0.0007423904974016332 1.045757490560675 0.0007763604235788233
white 0.0007423904974016332 0.3872161432802645 0.0002874655852117776
butterfly 0.0007423904974016332 2.0 0.0014847809948032665
part 0.0022271714922048997 0.3372421683184259 0.0007510961432481646
tribute 0.0007423904974016332 1.3979400086720377 0.0010378173783756775
played 0.002969561989606533 0.6575773191777938 0.0019527166122577395
favorite 0.0007423904974016332 0.8239087409443188 0.0006116620200032061
struck 0.0007423904974016332 0.9208187539523752 0.000683607092763456
launched 0.0014847809948032665 0.6777807052660807 0.0010063559098234308
highly 0.0007423904974016332 0.9208187539523752 0.000683607092763456
anticipated 0.0007423904974016332 1.3010299956639813 0.0009658723056154277
let 0.0007423904974016332 0.6777807052660807 0.0005031779549117154
bleed 0.0007423904974016332 2.0 0.0014847809948032665
promote 0.0014847809948032665 0.958607314841775 0.0014233219225564587
organized 0.0007423904974016332 0.7958800173440752 0.0005908537619480885
altamont 0.0007423904974016332 2.0 0.0014847809948032665
speedway 0.0007423904974016332 2.0 0.0014847809948032665
northern 0.0007423904974016332 1.3979400086720377 0.0010378173783756775
california 0.0007423904974016332 0.5528419686577808 0.000410424624096348
december 0.0022271714922048997 0.40893539297350084 0.0009107692493841889
thumb 0.0007423904974016332 2.0 0.0014847809948032665
young 0.0007423904974016332 0.3010299956639812 0.00022348180821379448
man 0.0014847809948032665 0.37675070960209955 0.0005593922933958419
stabbed 0.0007423904974016332 2.0 0.0014847809948032665
killed 0.0007423904974016332 0.6989700043360189 0.0005189086891878387
hell 0.0007423904974016332 2.0 0.0014847809948032665
angel 0.0007423904974016332 1.6989700043360187 0.001261299186589472
motorcycle 0.0007423904974016332 2.0 0.0014847809948032665
gang 0.0007423904974016332 1.3979400086720377 0.0010378173783756775
tragic 0.0007423904974016332 1.3010299956639813 0.0009658723056154277
event 0.0007423904974016332 0.721246399047171 0.0005354464729377662
captured 0.0007423904974016332 1.3010299956639813 0.0009658723056154277
film 0.002969561989606533 0.6020599913279624 0.0017878544657103559
documentary 0.0007423904974016332 0.8239087409443188 0.0006116620200032061
gimme 0.0007423904974016332 2.0 0.0014847809948032665
shelter 0.0007423904974016332 2.0 0.0014847809948032665
outside 0.0007423904974016332 0.6989700043360189 0.0005189086891878387
acting 0.0007423904974016332 0.6777807052660807 0.0005031779549117154
title 0.0014847809948032665 0.07058107428570728 0.00010479743769221572
character 0.0014847809948032665 0.958607314841775 0.0014233219225564587
legendary 0.0014847809948032665 0.853871964321762 0.0012678128646202852
outlaw 0.0007423904974016332 1.6989700043360187 0.001261299186589472
ned 0.0007423904974016332 2.0 0.0014847809948032665
kelly 0.0007423904974016332 1.3979400086720377 0.0010378173783756775
performance 0.0014847809948032665 1.7721132953863266 0.0026312001416278047
reclusive 0.0007423904974016332 2.0 0.0014847809948032665
star 0.0022271714922048997 0.32790214206428253 0.0007302943030384911
neither 0.0007423904974016332 1.6989700043360187 0.001261299186589472
much 0.0022271714922048997 0.37675070960209955 0.0008390884400937629
impression 0.0007423904974016332 1.3010299956639813 0.0009658723056154277
movie 0.0007423904974016332 0.7447274948966939 0.0005528786153650288
next 0.0014847809948032665 0.07058107428570728 0.00010479743769221572
bella 0.0007423904974016332 0.0655015487564323 4.86277273618651e-05
hadid 0.0007423904974016332 0.0655015487564323 4.86277273618651e-05
sadie 0.0007423904974016332 0.06048074738138145 4.4900332131686297e-05
alexander 0.0007423904974016332 0.05551732784983141 4.1215536636845886e-05
adrienne 0.0007423904974016332 0.0655015487564323 4.86277273618651e-05
kennedy 0.0007423904974016332 0.06048074738138145 4.4900332131686297e-05
screen 0.0007423904974016332 1.0969100130080565 0.000814335570161883
escaped 0.0007423904974016332 2.0 0.0014847809948032665
remained 0.0007423904974016332 0.585026652029182 0.00043431822719315665
sticky 0.0007423904974016332 2.0 0.0014847809948032665
finger 0.0007423904974016332 1.3010299956639813 0.0009658723056154277
exile 0.0007423904974016332 1.5228787452803376 0.0011305707091910449
st 0.0007423904974016332 0.721246399047171 0.0005354464729377662
emotional 0.0007423904974016332 0.9208187539523752 0.000683607092763456
rescue 0.0007423904974016332 1.3010299956639813 0.0009658723056154277
tattoo 0.0007423904974016332 2.0 0.0014847809948032665
mid 0.0007423904974016332 0.585026652029182 0.00043431822719315665
relationship 0.0014847809948032665 0.5228787452803376 0.0007763604235788234
increasingly 0.0007423904974016332 1.2218487496163564 0.0009070889009772504
strained 0.0007423904974016332 1.2218487496163564 0.0009070889009772504
focused 0.0007423904974016332 0.6989700043360189 0.0005189086891878387
energy 0.0007423904974016332 0.8239087409443188 0.0006116620200032061
solo 0.002969561989606533 0.6575773191777938 0.0019527166122577395
career 0.002969561989606533 0.17392519729917358 0.0005164816549344427
mixed 0.0014847809948032665 1.0969100130080565 0.001628671140323766
result 0.0007423904974016332 1.045757490560675 0.0007763604235788233
effort 0.0022271714922048997 0.853871964321762 0.0019017192969304276
bos 0.0007423904974016332 1.045757490560675 0.0007763604235788233
sold 0.0014847809948032665 0.8860566476931633 0.0013156000708139024
enough 0.0007423904974016332 0.6575773191777938 0.00048817915306443487
go 0.0007423904974016332 0.494850021680094 0.000367371953734294
platinum 0.0007423904974016332 1.1549019599857433 0.0008573882405239371
second 0.0007423904974016332 0.19382002601611284 0.0001438901455204995
primitive 0.0007423904974016332 2.0 0.0014847809948032665
cool 0.0007423904974016332 1.2218487496163564 0.0009070889009772504
failed 0.0007423904974016332 0.5376020021010439 0.0003991106177439079
buyer 0.0007423904974016332 1.3979400086720377 0.0010378173783756775
hall 0.003711952487008166 0.9208187539523752 0.00341803546381728
fame 0.0022271714922048997 0.48148606012211254 0.0010723520269980233
inducted 0.0014847809948032665 1.045757490560675 0.0015527208471576466
roll 0.0022271714922048997 1.0 0.0022271714922048997
decided 0.0007423904974016332 0.494850021680094 0.000367371953734294
around 0.0014847809948032665 0.4559319556497244 0.0006769591026721966
resulting 0.0007423904974016332 1.045757490560675 0.0007763604235788233
steel 0.0007423904974016332 1.0969100130080565 0.000814335570161883
wheel 0.0007423904974016332 1.6989700043360187 0.001261299186589472
extensively 0.0007423904974016332 1.5228787452803376 0.0011305707091910449
hand 0.0007423904974016332 0.7958800173440752 0.0005908537619480885
another 0.0007423904974016332 0.40893539297350084 0.00030358974979472966
wandering 0.0007423904974016332 2.0 0.0014847809948032665
spirit 0.0007423904974016332 1.0969100130080565 0.000814335570161883
met 0.0007423904974016332 0.44369749923271273 0.0003293968071512344
lukewarm 0.0007423904974016332 1.6989700043360187 0.001261299186589472
enthusiasm 0.0007423904974016332 1.6989700043360187 0.001261299186589472
following 0.0007423904974016332 0.2518119729937996 0.00018694281588255352
fared 0.0007423904974016332 1.5228787452803376 0.0011305707091910449
better 0.0007423904974016332 0.638272163982407 0.00047384718929651597
voodoo 0.0007423904974016332 2.0 0.0014847809948032665
lounge 0.0007423904974016332 2.0 0.0014847809948032665
received 0.0007423904974016332 0.28399665636520083 0.00021083641897936216
strong 0.0007423904974016332 0.7958800173440752 0.0005908537619480885
mark 0.0007423904974016332 1.2218487496163564 0.0009070889009772504
critic 0.0007423904974016332 0.853871964321762 0.0006339064323101426
winning 0.0007423904974016332 0.4202164033831899 0.0003119646647239717
grammy 0.0022271714922048997 0.6575773191777938 0.0014645374591933046
best 0.0014847809948032665 0.13667713987954408 0.00020293561971721467
bridge 0.0007423904974016332 1.6989700043360187 0.001261299186589472
babylon 0.0007423904974016332 2.0 0.0014847809948032665
bigger 0.0007423904974016332 1.3010299956639813 0.0009658723056154277
bang 0.0007423904974016332 2.0 0.0014847809948032665
aspired 0.0007423904974016332 2.0 0.0014847809948032665
establish 0.0007423904974016332 1.0969100130080565 0.000814335570161883
artist 0.0014847809948032665 0.619788758288394 0.0009202505690993228
goddess 0.0007423904974016332 2.0 0.0014847809948032665
doorway 0.0007423904974016332 2.0 0.0014847809948032665
producer 0.0007423904974016332 0.8239087409443188 0.0006116620200032061
project 0.0007423904974016332 1.045757490560675 0.0007763604235788233
woman 0.0007423904974016332 0.3979400086720376 0.00029542688097404426
animated 0.0007423904974016332 2.0 0.0014847809948032665
ruby 0.0007423904974016332 1.6989700043360187 0.001261299186589472
tuesday 0.0007423904974016332 1.5228787452803376 0.0011305707091910449
viewed 0.0007423904974016332 1.3010299956639813 0.0009658723056154277
rebellious 0.0007423904974016332 2.0 0.0014847809948032665
picture 0.0007423904974016332 0.9208187539523752 0.000683607092763456
decorum 0.0007423904974016332 1.6989700043360187 0.001261299186589472
knighted 0.0007423904974016332 2.0 0.0014847809948032665
prince 0.0007423904974016332 0.6989700043360189 0.0005189086891878387
charles 0.0007423904974016332 0.8860566476931633 0.0006578000354069512
historic 0.0014847809948032665 0.6989700043360189 0.0010378173783756775
havana 0.002969561989606533 1.6989700043360187 0.005045196746357888
march 0.0022271714922048997 0.27572413039921095 0.000614084922938109
cuba 0.002969561989606533 1.0 0.002969561989606533
previously 0.0007423904974016332 0.7695510786217261 0.0005713074080339466
banned 0.0007423904974016332 1.2218487496163564 0.0009070889009772504
communist 0.0007423904974016332 1.2218487496163564 0.0009070889009772504
regime 0.0007423904974016332 1.0 0.0007423904974016332
subversive 0.0007423904974016332 2.0 0.0014847809948032665
visit 0.0007423904974016332 0.958607314841775 0.0007116609612782294
president 0.0007423904974016332 0.16749108729376372 0.00012434379160635762
barack 0.0007423904974016332 0.3872161432802645 0.0002874655852117776
obama 0.0007423904974016332 0.37675070960209955 0.00027969614669792097
prior 0.0007423904974016332 0.853871964321762 0.0006339064323101426
normalize 0.0007423904974016332 1.6989700043360187 0.001261299186589472
relation 0.0007423904974016332 0.7958800173440752 0.0005908537619480885
special 0.0007423904974016332 0.638272163982407 0.00047384718929651597
long 0.0007423904974016332 0.4559319556497244 0.0003384795513360983
show 0.0014847809948032665 0.494850021680094 0.000734743907468588
milestone 0.0007423904974016332 1.5228787452803376 0.0011305707091910449
hope 0.0007423904974016332 0.9208187539523752 0.000683607092763456
said 0.0007423904974016332 0.2518119729937996 0.00018694281588255352
statement 0.0007423904974016332 0.638272163982407 0.00047384718929651597
ciudad 0.0007423904974016332 2.0 0.0014847809948032665
deportivo 0.0007423904974016332 2.0 0.0014847809948032665
sport 0.0007423904974016332 1.0 0.0007423904974016332
arena 0.0007423904974016332 0.9208187539523752 0.000683607092763456
south 0.0007423904974016332 0.40893539297350084 0.00030358974979472966
continued 0.0007423904974016332 0.3372421683184259 0.00025036538108272154
captivate 0.0007423904974016332 2.0 0.0014847809948032665
live 0.0007423904974016332 0.431798275933005 0.00032056293684707126
postpone 0.0007423904974016332 1.6989700043360187 0.001261299186589472
north 0.0007423904974016332 0.6777807052660807 0.0005031779549117154
kick 0.0007423904974016332 2.0 0.0014847809948032665
april 0.0014847809948032665 0.1549019599857432 0.00022999548624460755
recover 0.0007423904974016332 1.3979400086720377 0.0010378173783756775
heart 0.0007423904974016332 0.5228787452803376 0.0003881802117894117
surgery 0.0007423904974016332 0.8239087409443188 0.0006116620200032061
father 0.0022271714922048997 0.14874165128092467 0.00033127316543635785
eight 0.0007423904974016332 0.6989700043360189 0.0005189086891878387
daughter 0.0022271714922048997 1.1426675035687315 0.002544916489017219
named 0.0007423904974016332 0.494850021680094 0.000367371953734294
karis 0.0007423904974016332 2.0 0.0014847809948032665
hunt 0.0014847809948032665 1.3979400086720377 0.002075634756751355
november 0.0007423904974016332 0.24412514432750856 0.00018123618732554457
actress 0.0007423904974016332 0.6020599913279624 0.00044696361642758897
marsha 0.0007423904974016332 2.0 0.0014847809948032665
became 0.0007423904974016332 0.07572071393811834 5.621433848412646e-05
involved 0.0007423904974016332 0.4559319556497244 0.0003384795513360983
bianca 0.0007423904974016332 2.0 0.0014847809948032665
perez 0.0007423904974016332 2.0 0.0014847809948032665
moreno 0.0007423904974016332 2.0 0.0014847809948032665
de 0.0007423904974016332 0.958607314841775 0.0007116609612782294
macias 0.0007423904974016332 2.0 0.0014847809948032665
couple 0.0014847809948032665 0.40893539297350084 0.0006071794995894593
married 0.0007423904974016332 0.24412514432750856 0.00018123618732554457
welcomed 0.0014847809948032665 0.8860566476931633 0.0013156000708139024
jade 0.0007423904974016332 1.6989700043360187 0.001261299186589472
sheena 0.0007423904974016332 2.0 0.0014847809948032665
jezebel 0.0007423904974016332 2.0 0.0014847809948032665
october 0.0007423904974016332 0.37675070960209955 0.00027969614669792097
wed 0.0007423904974016332 1.045757490560675 0.0007763604235788233
longtime 0.0007423904974016332 0.7447274948966939 0.0005528786153650288
model 0.0014847809948032665 1.0 0.0014847809948032665
jerry 0.0007423904974016332 1.1549019599857433 0.0008573882405239371
james 0.0007423904974016332 0.6020599913279624 0.00044696361642758897
leroy 0.0007423904974016332 2.0 0.0014847809948032665
augustin 0.0007423904974016332 2.0 0.0014847809948032665
august 0.0007423904974016332 0.494850021680094 0.000367371953734294
gabriel 0.0007423904974016332 2.0 0.0014847809948032665
luke 0.0007423904974016332 1.5228787452803376 0.0011305707091910449
beauregard 0.0007423904974016332 2.0 0.0014847809948032665
elizabeth 0.0007423904974016332 0.7695510786217261 0.0005713074080339466
scarlett 0.0007423904974016332 2.0 0.0014847809948032665
georgia 0.0007423904974016332 0.721246399047171 0.0005354464729377662
may 0.0014847809948032665 0.3098039199714864 0.0004599909724892151
ayeesha 0.0007423904974016332 2.0 0.0014847809948032665
january 0.0007423904974016332 0.2676062401770315 0.00019866832975280732
ended 0.0007423904974016332 0.5686362358410126 0.0004221501379666018
discovered 0.0007423904974016332 0.7958800173440752 0.0005908537619480885
affair 0.0007423904974016332 0.9208187539523752 0.000683607092763456
luciana 0.0007423904974016332 2.0 0.0014847809948032665
gimenez 0.0007423904974016332 2.0 0.0014847809948032665
morad 0.0022271714922048997 2.0 0.004454342984409799
initial 0.0007423904974016332 0.8239087409443188 0.0006116620200032061
dispute 0.0007423904974016332 1.045757490560675 0.0007763604235788233
paternity 0.0007423904974016332 2.0 0.0014847809948032665
established 0.0007423904974016332 0.7447274948966939 0.0005528786153650288
lucas 0.0007423904974016332 2.0 0.0014847809948032665
maurice 0.0007423904974016332 2.0 0.0014847809948032665
romantically 0.0007423904974016332 1.3010299956639813 0.0009658723056154277
linked 0.0007423904974016332 1.045757490560675 0.0007763604235788233
designer 0.0007423904974016332 1.1549019599857433 0.0008573882405239371
l 0.0007423904974016332 1.0 0.0007423904974016332
wren 0.0007423904974016332 2.0 0.0014847809948032665
scott 0.0022271714922048997 1.045757490560675 0.00232908127073647
fashion 0.0007423904974016332 0.9208187539523752 0.000683607092763456
brand 0.0007423904974016332 1.1549019599857433 0.0008573882405239371
reported 0.0007423904974016332 0.7447274948966939 0.0005528786153650288
dead 0.0007423904974016332 0.9208187539523752 0.000683607092763456
apparent 0.0007423904974016332 1.3010299956639813 0.0009658723056154277
suicide 0.0007423904974016332 0.958607314841775 0.0007116609612782294
according 0.0007423904974016332 0.638272163982407 0.00047384718929651597
hanged 0.0007423904974016332 2.0 0.0014847809948032665
australia 0.0007423904974016332 1.3979400086720377 0.0010378173783756775
news 0.0007423904974016332 0.585026652029182 0.00043431822719315665
broke 0.0007423904974016332 0.853871964321762 0.0006339064323101426
going 0.0007423904974016332 0.6020599913279624 0.00044696361642758897
ballerina 0.0007423904974016332 2.0 0.0014847809948032665
melanie 0.0007423904974016332 1.5228787452803376 0.0011305707091910449
hamrick 0.0007423904974016332 2.0 0.0014847809948032665
deveraux 0.0007423904974016332 2.0 0.0014847809948032665
octavian 0.0007423904974016332 2.0 0.0014847809948032665
basil 0.0007423904974016332 2.0 0.0014847809948032665
dating 0.0007423904974016332 1.0969100130080565 0.000814335570161883
tina 0.0007423904974016332 1.3010299956639813 0.0009658723056154277
turner 0.0007423904974016332 1.3979400086720377 0.0010378173783756775
move 0.0007423904974016332 1.2218487496163564 0.0009070889009772504
tv 0.0007423904974016332 0.5228787452803376 0.0003881802117894117
check 0.0007423904974016332 0.07058107428570728 5.239871884610786e-05
strive 0.0007423904974016332 0.07058107428570728 5.239871884610786e-05
accuracy 0.0007423904974016332 0.07058107428570728 5.239871884610786e-05
fairness 0.0007423904974016332 0.07058107428570728 5.239871884610786e-05
see 0.0014847809948032665 0.04575749056067514 6.793985235438031e-05
something 0.0007423904974016332 0.07058107428570728 5.239871884610786e-05
look 0.0007423904974016332 0.07058107428570728 5.239871884610786e-05
right 0.0007423904974016332 0.07058107428570728 5.239871884610786e-05
citation 0.0007423904974016332 0.07058107428570728 5.239871884610786e-05
information 0.0007423904974016332 0.07058107428570728 5.239871884610786e-05
article 0.0007423904974016332 0.07058107428570728 5.239871884610786e-05
author 0.0007423904974016332 0.06048074738138145 4.4900332131686297e-05
com 0.0014847809948032665 0.06048074738138145 8.980066426337259e-05
editor 0.0007423904974016332 0.1023729087095586 7.60006746173412e-05
website 0.0014847809948032665 0.0655015487564323 9.72554547237302e-05
url 0.0007423904974016332 0.07058107428570728 5.239871884610786e-05
access 0.0007423904974016332 0.07058107428570728 5.239871884610786e-05
publisher 0.0007423904974016332 0.07058107428570728 5.239871884610786e-05
e 0.0014847809948032665 0.04575749056067514 6.793985235438031e-05
television 0.0014847809948032665 0.04575749056067514 6.793985235438031e-05
network 0.0014847809948032665 0.04575749056067514 6.793985235438031e-05
last 0.0007423904974016332 0.0655015487564323 4.86277273618651e-05
updated 0.0007423904974016332 0.07058107428570728 5.239871884610786e-05
original 0.0007423904974016332 0.0655015487564323 4.86277273618651e-05
published 0.0007423904974016332 0.07058107428570728 5.239871884610786e-05
receive 0.0007423904974016332 0.05551732784983141 4.1215536636845886e-05
story 0.0022271714922048997 0.05551732784983141 0.00012364660991053767
shaped 0.0014847809948032665 0.05551732784983141 8.243107327369177e-05
person 0.0066815144766146995 0.05060999335508724 0.0003381514032633892
johnny 0.0022271714922048997 1.3010299956639813 0.0028976169168462833
cash 0.0014847809948032665 1.5228787452803376 0.0022611414183820898
songwriter 0.0014847809948032665 0.8860566476931633 0.0013156000708139024
whose 0.0007423904974016332 0.7695510786217261 0.0005713074080339466
innovatively 0.0007423904974016332 2.0 0.0014847809948032665
gospel 0.0007423904974016332 0.958607314841775 0.0007116609612782294
david 0.0014847809948032665 0.7695510786217261 0.0011426148160678933
bowie 0.0014847809948032665 1.6989700043360187 0.002522598373178944
english 0.0014847809948032665 1.045757490560675 0.0015527208471576466
dramatic 0.0007423904974016332 1.3979400086720377 0.0010378173783756775
transformation 0.0007423904974016332 1.6989700043360187 0.001261299186589472
ziggy 0.0007423904974016332 1.6989700043360187 0.001261299186589472
stardust 0.0007423904974016332 1.6989700043360187 0.001261299186589472
roger 0.0014847809948032665 1.3010299956639813 0.0019317446112308554
queen 0.0007423904974016332 0.9208187539523752 0.000683607092763456
peter 0.0014847809948032665 1.3979400086720377 0.002075634756751355
frampton 0.0022271714922048997 2.0 0.004454342984409799
musician 0.0007423904974016332 0.6575773191777938 0.00048817915306443487
humble 0.0007423904974016332 1.3979400086720377 0.0010378173783756775
pie 0.0007423904974016332 2.0 0.0014847809948032665
herd 0.0007423904974016332 2.0 0.0014847809948032665
come 0.0007423904974016332 1.0 0.0007423904974016332
alive 0.0007423904974016332 1.0 0.0007423904974016332
million 0.0007423904974016332 0.5228787452803376 0.0003881802117894117
copy 0.0007423904974016332 1.1549019599857433 0.0008573882405239371
george 0.0014847809948032665 0.4685210829577449 0.0006956511996403042
flamboyant 0.0007423904974016332 1.6989700043360187 0.001261299186589472
androgynous 0.0007423904974016332 2.0 0.0014847809948032665
fronted 0.0007423904974016332 1.6989700043360187 0.001261299186589472
chuck 0.0014847809948032665 1.2218487496163564 0.0018141778019545008
berry 0.0014847809948032665 1.3010299956639813 0.0019317446112308554
influential 0.0007423904974016332 0.6777807052660807 0.0005031779549117154
n 0.0007423904974016332 0.7695510786217261 0.0005713074080339466
maybellene 0.0007423904974016332 1.5228787452803376 0.0011305707091910449
goode 0.0007423904974016332 1.5228787452803376 0.0011305707091910449
chris 0.0014847809948032665 1.045757490560675 0.0015527208471576466
martin 0.0014847809948032665 0.5686362358410126 0.0008443002759332036
coldplay 0.0007423904974016332 1.6989700043360187 0.001261299186589472
multiple 0.0007423904974016332 0.721246399047171 0.0005354464729377662
award 0.0014847809948032665 0.721246399047171 0.0010708929458755324
paradise 0.0007423904974016332 1.3010299956639813 0.0009658723056154277
yellow 0.0007423904974016332 1.6989700043360187 0.001261299186589472
viva 0.0007423904974016332 1.5228787452803376 0.0011305707091910449
la 0.0007423904974016332 1.0 0.0007423904974016332
vida 0.0007423904974016332 1.6989700043360187 0.001261299186589472
amy 0.0014847809948032665 0.9208187539523752 0.001367214185526912
winehouse 0.0014847809948032665 2.0 0.002969561989606533
five 0.0007423904974016332 0.48148606012211254 0.00035745067566600783
connected 0.0007423904974016332 1.3010299956639813 0.0009658723056154277
back 0.0007423904974016332 0.4202164033831899 0.0003119646647239717
remembered 0.0007423904974016332 1.0 0.0007423904974016332
rehab 0.0007423904974016332 2.0 0.0014847809948032665
valerie 0.0007423904974016332 1.5228787452803376 0.0011305707091910449
jim 0.0014847809948032665 1.0 0.0014847809948032665
morrison 0.0014847809948032665 1.1549019599857433 0.0017147764810478742
door 0.0007423904974016332 0.9208187539523752 0.000683607092763456
paris 0.0007423904974016332 0.6020599913279624 0.00044696361642758897
loading 0.0007423904974016332 0.04575749056067514 3.396992617719016e-05
logo 0.0007423904974016332 0.04575749056067514 3.396992617719016e-05
registered 0.0007423904974016332 0.04575749056067514 3.396992617719016e-05
trademark 0.0007423904974016332 0.04575749056067514 3.396992617719016e-05
llc 0.0007423904974016332 0.04575749056067514 3.396992617719016e-05
close 0.002969561989606533 0.04575749056067514 0.00013587970470876063
